yaw,pitch,roll
4.058299,-10.438794,-4.2478404
5.361377,-10.460184,-4.338243
4.6894474,-8.67511,-4.2925024
4.694127,-8.333801,-5.979966
4.0804815,-8.806976,-6.957487
4.5895424,-8.2745,-7.056361
3.9852633,-10.000805,-6.0817947
4.2932024,-11.201416,-4.3552556
3.0174623,-13.354161,-5.6551867
5.253353,-12.208336,-4.382181
8.035002,-9.59091,-8.84407
7.2098765,-7.0444913,-8.155331
6.2110114,-6.214798,-7.295803
5.5235176,-6.2775726,-7.584825
6.4040966,-5.29168,-7.5556664
9.006849,-5.4960713,-7.497989
6.759376,-6.7030535,-6.7473445
4.890668,-9.899325,-11.880202
3.3918943,-13.763092,-6.372429
1.8144882,-7.4242487,-8.696764
-10.149019,-10.4259815,-5.6815457
1.551414,-7.9055166,-11.097119
-1.9405245,-3.482354,-10.708886
-1.7816825,-12.86971,-8.640943
-19.115093,-5.9034615,2.2432804
-14.078271,-6.4290013,1.9253266
-5.804949,-10.90715,-5.3635077
11.969574,-11.930567,-5.1547337
0.2966404,-4.8880033,-5.3360066
-8.956494,-8.301138,-0.50522155
-6.666663,-12.163005,-11.491368
-0.4900787,-19.06934,-14.320232
5.069643,-9.505889,-3.6267939
5.3303566,-10.453794,-3.1904812
5.7125387,-11.72651,-9.062733
5.2911453,-10.477265,-8.927357
6.343194,-9.639525,-6.5024586
6.890779,-9.110716,-8.657023
8.030629,-7.4639153,-8.222472
5.0340257,-8.948938,-8.264085
5.5268755,-10.002199,-8.858101
4.78442,-9.250885,-7.2300606
4.789953,-10.568352,-7.8627825
5.164457,-10.22668,-6.965458
4.8556714,-10.06312,-8.996523
4.5566983,-9.455048,-7.6902075
5.0535693,-9.356115,-6.767106
7.0791945,-8.202833,-6.0239387
8.11378,-7.877384,-9.689344
6.098764,-8.7799225,-7.2163525
7.1243706,-8.754677,-8.09179
5.568273,-8.898571,-8.769483
8.626123,-7.502009,-8.255077
7.8968844,-9.552193,-8.925888
7.6005034,-9.824627,-8.0552635
8.4924,-10.922512,-8.37646
6.86323,-12.691399,-9.312756
7.116241,-12.351862,-8.207361
7.905065,-12.378477,-8.335738
8.62578,-11.470939,-8.883963
8.72465,-11.326984,-7.3279743
9.599278,-11.604282,-7.4245253
7.152121,-12.293335,-6.876713
6.7558966,-12.011076,-7.3365245
7.119884,-11.407792,-8.096017
7.918658,-12.297875,-7.4139957
8.198709,-11.6987915,-6.5862455
7.9724298,-12.483051,-8.072697
8.881923,-12.247125,-6.8042
6.6539598,-13.199436,-7.5451946
8.011753,-12.512901,-7.309065
8.6086855,-12.133373,-7.5267773
8.357419,-12.410187,-6.8818913
7.9177475,-12.727948,-7.276738
9.149144,-11.998203,-8.669898
7.962104,-11.270969,-5.922323
8.8377905,-10.689955,-5.6744237
9.008706,-11.90776,-6.414239
7.345909,-11.806542,-8.879177
7.563923,-13.536524,-8.268168
7.8975787,-12.412306,-8.812562
8.058596,-12.602608,-8.610693
9.647332,-11.137348,-7.689863
9.283142,-10.675186,-7.021264
7.7516193,-12.25666,-7.572707
8.872176,-12.416058,-6.389369
8.962649,-11.849485,-5.669923
7.367332,-12.901554,-7.128953
9.143032,-11.250025,-8.758421
9.425039,-12.338907,-7.1505327
