yaw,pitch,roll
7.8663588,-0.46624458,-0.68685937
13.262983,0.047878265,-1.5864224
12.770766,-1.2178776,-0.10043895
11.975021,-1.0370746,-1.6166
15.514974,0.7408346,-2.8386881
10.835524,-0.62481576,-5.032516
10.755298,1.2580199,-2.8139522
11.280146,-0.57007664,-4.8086195
10.663276,-0.5092873,-3.7834969
10.064832,-1.3585651,-4.802635
9.896089,-0.22788797,-3.1011944
12.572756,0.4267583,-0.19807416
10.864943,-2.0371954,-2.5481791
16.80935,-0.13456579,0.68078625
12.650696,-0.44818673,-0.51181567
13.237987,-1.038641,-1.3981713
13.336469,-2.989819,0.9838173
13.9256,-1.1471199,0.022369146
14.595573,-3.7822866,-3.114161
13.945572,-4.1875215,-2.6672068
8.118177,-0.5378822,-2.419069
-12.092166,2.9088535,-3.9043503
12.208542,4.479217,-1.7422446
3.3440633,7.3232136,-4.152297
-8.956496,0.19803417,-5.2172737
6.341811,-4.9304066,-6.3833904
-0.20231557,-1.6080633,-7.530122
5.6211905,3.1336226,-6.0786915
11.975444,-1.193471,-6.9914546
8.495073,7.492591,-8.567715
8.347211,7.4954977,-2.8225627
-5.771009,2.4864066,-2.2521937
8.023284,-7.9663825,-6.2874784
7.9028025,4.5380616,-0.7084472
6.004069,0.70359695,-14.854031
10.699249,7.479148,-4.7079554
-1.2849711,-2.683971,-7.4836555
10.822787,5.917762,-4.157909
9.83975,4.1842012,-8.201799
9.459821,9.05393,0.77761996
8.624282,4.2553706,-6.3826904
12.155125,4.3245344,-7.4947267
12.156135,3.0548153,-2.8349435
6.3531036,0.8307841,-6.3780046
7.6505423,4.3310595,-3.3998213
7.471445,3.487928,-4.7548904
6.547004,1.2468028,-6.764923
11.449925,-0.58821505,-4.669981
7.9157705,-0.71628535,-7.1847863
8.400011,1.9025874,-8.129042
10.399831,2.9009175,-3.069069
7.7653856,2.1565568,-5.606171
8.034342,0.7604144,-5.095073
9.7361765,0.039475217,-3.4219146
9.467971,0.989122,-4.810768
9.590744,1.8332987,-3.7589312
6.80628,2.0589643,-4.746322
8.609226,2.8541064,-4.8003054
8.501236,0.8831884,-5.691517
7.7347527,3.4915214,-5.5860953
6.950536,3.268658,-4.471873
9.824356,1.6541362,-4.9327574
11.473736,0.7971981,-3.6314275
7.969462,1.5893339,-3.8318017
11.272639,1.5883269,-3.4719021
8.142657,1.4790943,-4.151144
8.908315,1.8637147,-4.844019
7.676569,1.4526871,-4.5272365
8.645408,1.018817,-4.056154
7.9935718,1.0566075,-3.4097881
8.891296,2.1247785,-5.7430377
6.929063,1.0473417,-3.9680147
6.6671276,1.2009054,-4.2183156
8.04072,0.84922916,-3.5425296
7.0113225,2.7127423,-2.9416611
6.7717786,0.5644306,-3.3015292
8.547668,2.748845,-2.4640167
8.442724,0.56629395,-3.2420158
7.6652756,0.7435655,-2.2061386
6.23791,1.2140353,-3.1594343
6.5969687,0.16344689,-4.9658513
6.15848,0.3606729,-4.4786253
4.608697,0.56730837,-4.1963525
5.0963535,0.16216272,-2.6269414
7.155239,1.3348198,-0.8025929
2.8159735,1.8526938,-2.8069026
4.3926105,0.4162317,-1.2609482
7.9394174,0.28302258,1.5861351
9.533735,0.9581742,0.04797685
7.550582,2.222185,-2.6761818
