yaw,pitch,roll
-30.467983,-20.430317,6.668249
-28.457184,-17.34893,4.9319572
-28.007948,-21.704927,4.462386
-29.491646,-16.045853,1.0905037
-28.470907,-20.757517,4.9746704
-31.291656,-16.797213,2.133668
-28.44168,-17.687593,2.5309231
-29.413982,-19.097176,4.003236
-29.547464,-18.195723,4.5831766
-29.88736,-19.20219,4.7146688
-30.047356,-17.715527,1.7588985
-28.868744,-17.08908,2.0068028
-28.944038,-16.586014,2.1894023
-22.4352,-16.111765,4.2802734
-18.544369,-13.628818,2.5892293
-22.537817,-15.300571,1.973613
-26.937973,-17.99657,5.5820546
-27.33165,-19.087177,2.8407078
-24.43506,-18.651226,3.008951
-21.101871,-16.12152,5.0912294
-19.95739,-17.64573,3.792544
-26.919586,-18.078691,0.45981836
-25.702581,-16.966442,3.0198298
-22.348675,-13.834122,2.4975913
-22.135586,-17.314074,4.584468
-26.588917,-17.128464,5.030799
-22.868805,-15.785029,3.1369739
-21.312109,-13.714804,1.653472
-25.479462,-16.79379,2.3123212
-23.982838,-18.154015,4.314537
-24.13855,-18.173527,4.1946135
-25.397442,-17.842167,5.536697
-21.04655,-17.474987,2.5986447
-21.542805,-16.174486,3.462192
-21.682198,-15.798652,5.9731627
-20.789078,-16.626343,3.2701457
-21.746017,-12.624683,0.9909947
-19.865206,-15.837023,3.0624065
-21.783373,-17.543903,5.221565
-21.658895,-16.370966,4.3427653
-25.503813,-15.165186,1.3642604
-24.062881,-17.578405,3.227786
-19.260614,-15.487276,4.0822845
-23.17682,-17.456657,2.9618278
-22.658188,-19.250134,4.5982666
-24.49866,-15.998302,2.4504898
-23.370865,-15.782293,3.8721216
-25.509392,-15.811171,3.0429742
-23.30846,-18.473581,6.108573
-28.400484,-19.599245,5.220403
-25.485012,-16.046486,2.7826207
-27.420496,-16.997799,4.5262003
-26.394444,-17.5955,6.195334
-26.44162,-16.820217,4.136688
-24.948301,-15.421546,3.2954695
-24.000404,-16.197351,2.1804006
-25.856892,-16.63478,4.897793
-25.23268,-15.364666,3.95683
-26.925531,-14.77993,2.6617408
-22.136515,-15.417355,2.159796
-25.811493,-16.338903,3.0248604
-27.796303,-17.328505,4.5173516
-25.647633,-15.795034,2.1865003
-23.238464,-16.215935,2.2662055
-26.056831,-17.588207,2.6233776
-28.917192,-18.00542,3.251501
-28.076416,-16.26239,0.3429489
-33.07456,-18.247725,3.6344254
-26.68446,-17.509697,3.2193785
-23.090242,-17.066505,3.2436528
-27.35918,-16.491882,4.661795
-23.945013,-15.611109,3.6422994
-26.03365,-15.874073,3.2973864
-23.339725,-16.770369,3.083767
-25.381481,-16.082676,3.836241
-25.003683,-15.661029,4.127457
-23.541773,-17.40044,5.0204496
-23.420666,-16.323957,4.017431
-22.27914,-16.7673,3.8075407
-22.326012,-17.448114,3.196023
-25.11718,-17.590927,3.750358
-25.577923,-16.12437,3.6482096
-17.863356,-15.549464,2.413199
-19.636753,-15.716009,2.8479133
-22.185852,-15.716156,2.202988
-25.99787,-16.4389,3.2721987
-24.791138,-17.002987,2.9133584
-25.453596,-17.886585,3.7239766
-23.434391,-17.23368,2.8577662
-17.932207,-16.907993,2.2920642
