yaw,pitch,roll
-7.1846833,-3.1641088,5.003208
-3.9928257,-1.1210781,3.0518541
-5.5585995,-1.8304317,1.2734586
-5.403756,-2.2395744,0.40078312
-4.334845,-1.3205789,1.6684995
-5.0532002,-2.4901416,2.110594
-7.905071,-2.772017,0.97602916
-4.574103,-2.3855183,2.8018274
-6.7265663,-4.262499,1.6142585
-8.272631,-4.63408,0.8277776
-1.7924733,1.1299126,-0.7587975
-9.239705,-5.568451,-0.22613293
-7.339921,-5.7432756,-7.381052
-4.5529137,-7.655351,-0.701501
-4.7675757,-5.4502068,-0.26520324
-6.2342157,-4.289275,0.21170855
-5.526701,-5.0781775,-1.005697
-2.86025,-6.1988745,-8.517199
-8.378504,-4.041854,0.38774806
-4.69867,-2.490415,-1.541855
-3.2997522,-4.7209044,3.0450351
-5.138577,-6.6698866,-0.67434704
-2.7959552,-6.32155,3.0688927
-2.0349984,-6.929346,1.8689252
-1.4781017,-5.370118,1.7908263
-3.7181349,-6.802622,0.79061437
-1.2279263,-13.351599,5.103138
-0.33108473,-6.443571,3.0888753
0.37091255,-7.2862096,2.2792315
-1.9987934,-8.150823,6.432995
-2.4209409,-11.196373,5.617723
-5.6718893,-9.141054,3.6147654
0.8683338,-6.970478,6.0085077
-0.49425793,-8.106404,6.5046263
1.4364815,-9.06347,4.653446
0.020886421,-8.010756,3.9416895
0.70992565,-11.4281845,6.106351
2.7016895,-9.617678,5.0808525
1.5588827,-8.635709,6.5590434
-0.88558507,-8.193294,5.46353
1.340709,-10.097636,5.525188
0.39667606,-10.660084,5.41221
0.6505866,-9.849417,4.7406917
0.29355574,-10.382472,3.52977
-0.039744377,-10.508307,6.440243
-0.5156903,-8.8937235,3.614563
0.95925236,-8.836433,3.3048217
1.1523473,-9.630106,4.1455507
0.1276455,-7.7424164,5.323003
-0.9498453,-7.954151,5.558273
0.8291197,-9.049869,4.5735865
-1.1378136,-8.587974,4.7625356
-1.9075894,-10.675121,4.754723
-2.7168598,-9.233778,4.3337502
-0.33617878,-7.6148896,4.580123
-0.13319111,-8.611947,3.319378
-0.5364418,-7.7114143,3.941864
0.30199146,-6.561036,2.8086677
-0.8973198,-3.9126253,6.1363072
-1.6843102,-4.689062,2.0588477
-2.522922,-5.2128296,4.4320755
-1.8209774,-3.701251,3.8328445
-1.9067743,-4.757998,2.9649358
-2.1489387,-5.450244,2.4523911
-4.12241,-5.1415606,3.0087326
-6.399783,-5.545085,1.715475
-3.5554771,-3.1456392,1.9762356
-4.885273,-4.3719115,3.1025677
-3.44057,-2.1892707,3.8282666
-3.8758297,-0.7776088,4.9420204
-2.338578,-0.839948,7.3689365
-1.0782669,-3.285913,3.5073137
1.9112277,-0.79987204,6.318803
1.0661902,-2.1421611,5.9830627
-0.85341716,-3.6657288,5.5285296
-2.2596772,-2.3580613,5.5288453
-2.2707875,-0.74262977,6.1443458
-3.0343757,-1.8126938,3.4069836
-0.9542444,-1.4165158,5.027897
-0.2352233,-1.4367583,3.548328
-0.84949446,-1.1084667,4.4446287
-0.5699892,-2.6630635,4.3608236
-1.5046294,-3.083441,3.7282205
-0.4342792,-1.4933707,6.1682787
1.0158105,-1.6114893,5.8852897
-0.07891774,-3.1569748,4.3780394
-0.6442268,-0.9314649,5.7761116
1.2268548,-0.77826756,5.845655
1.3094862,-2.9148455,5.466482
0.100031614,-2.429434,6.1682262
