yaw,pitch,roll
-5.52343,-16.563755,-19.934721
-3.216517,-14.899218,-21.575077
-2.54991,-13.542802,-22.99292
-1.6797382,-13.117102,-22.293697
-1.6381328,-13.650631,-22.403387
-5.188539,-12.916845,-15.944866
-6.1157136,-11.794405,-16.813784
-15.963341,-6.2649984,-5.575552
-3.660388,-6.2457705,-13.450847
-0.74413943,-7.2541046,-12.135364
-7.24204,-12.342764,-5.0151634
-0.7608063,-7.906395,-8.598191
0.8219955,-6.4216485,-5.0145273
0.12157917,-7.563755,-3.4062996
2.4019754,-6.602,-6.3121796
0.3877182,-7.633116,-3.3878279
2.0256238,-7.247704,-8.610994
1.3622158,-7.559203,-4.5957623
2.4446838,-8.545053,-5.878247
5.9443617,-7.24183,-5.6497583
1.2483513,-9.213373,-4.060782
0.8326318,-7.2435493,-6.2188044
3.0590837,-9.272457,-6.602824
2.770537,-15.066281,-6.0315013
1.7960463,-12.17678,-5.4310837
4.121502,-8.681898,-6.0904756
-0.3435459,-11.551583,-6.648982
2.2190273,-9.975766,-6.8748975
3.185339,-8.507298,-11.991375
3.583077,-7.686799,-12.729526
3.5601747,-7.1704974,-11.318451
2.8425848,-8.915047,-11.017724
-1.0687115,-10.151865,-12.358125
1.3970625,-5.5052166,-12.26453
1.2801678,-8.052301,-12.510729
0.20274425,-11.884411,-10.098898
