yaw,pitch,roll
3.1916428,-11.61696,-12.566713
4.2435813,-11.476933,-10.62257
3.225854,-11.740135,-12.514635
3.5472229,-12.065704,-13.093197
3.368626,-14.410698,-11.229847
2.6131973,-12.982105,-12.017258
1.6617181,-12.569527,-10.245605
2.1329927,-13.031094,-8.221729
-0.95437884,-13.532835,-9.131846
-1.352035,-13.044436,-10.290226
1.968508,-13.43472,-7.292348
2.0843139,-13.662466,-6.9911165
-0.62181306,-13.765874,-6.7832665
4.2982845,-10.2101555,-7.9752703
5.2715144,-10.700375,-7.6211896
0.05608654,-12.4599495,-8.192978
1.8800552,-13.821136,-8.184326
1.7051728,-11.262468,-6.7597384
3.3958733,-9.233999,-10.2822895
2.1665697,-10.218607,-5.471795
1.8203475,-11.807613,-6.85938
4.924993,-7.6390505,-9.362497
3.2094321,-10.001343,-6.3153815
0.7528931,-11.977773,-5.1536107
1.6347836,-9.790909,-9.078196
-0.8784875,-11.607403,-6.1548424
4.230466,-10.21229,-4.273739
3.1780193,-8.381211,-7.230162
3.0911098,-7.5281897,-6.068906
2.7592921,-12.225584,-6.6206226
2.7763884,-13.100512,-6.037016
3.0961936,-8.752219,-3.0452678
2.0263374,-13.147169,-5.4095297
2.343678,-12.584669,-5.03664
0.36474633,-12.462807,-5.748872
0.39019895,-12.378256,-6.8836045
