yaw,pitch,roll
3.04993,-18.133785,-7.028009
2.447958,-19.34809,-9.2572365
2.6379867,-18.662725,-9.05172
2.7478871,-18.370535,-9.837725
2.5204406,-18.60953,-9.5125065
2.6244645,-17.081024,-7.0113287
1.1269464,-17.30534,-4.493965
1.9298759,-17.207516,-5.718232
4.027765,-17.05701,-7.0927687
2.6363478,-17.11662,-9.167423
2.4744325,-18.37547,-8.704487
3.3858252,-18.99036,-5.4940214
2.3525405,-20.606144,-6.3584204
0.5036874,-23.235659,-3.65512
-0.51975906,-3.992467,-4.0372186
5.2933383,-12.345516,-15.321722
4.3603106,-15.397426,-12.869312
2.4098275,-15.200768,-14.68325
2.1051316,-11.130123,-18.002548
2.2686925,-17.403084,-10.776276
-1.58057,-21.696516,-8.9204235
-0.92755413,-17.457897,-9.272562
3.289143,-17.230589,-8.614058
-1.7769077,-16.739637,-11.845367
0.72113085,-21.783325,-9.689241
4.9095354,-12.229391,-11.64267
3.721812,-18.519165,-10.074574
2.362873,-22.222754,-10.179338
4.897548,-12.676588,-12.502764
4.476227,-11.333744,-13.489864
4.758876,-17.335659,-14.701511
1.5857377,-22.03047,-11.12904
0.018780231,-20.425657,-10.028479
2.5406206,-21.657486,-8.1128235
-0.5660138,-26.822243,-14.047508
1.2799325,-16.229496,-10.561704
3.3237324,-12.416035,-12.379235
2.6467812,-16.895992,-14.590443
0.9959264,-19.835999,-11.058144
-0.6157825,-19.580524,-12.792827
3.0840435,-18.744385,-14.863442
2.5979793,-22.826126,-12.584482
1.1948638,-20.880173,-12.849167
1.6836188,-19.412224,-11.895524
0.93850183,-20.343338,-12.46641
1.5416522,-18.451801,-13.969694
1.7847829,-19.005585,-13.48741
2.2707565,-19.073101,-14.022123
2.8068895,-20.538395,-13.388872
3.5515194,-19.127361,-12.3538
2.4611397,-20.359562,-14.091043
1.9496455,-19.12198,-14.815651
1.4560235,-20.651588,-15.076219
0.71396923,-22.069016,-14.737884
0.57652736,-21.23309,-16.288826
2.1976633,-21.50241,-15.633898
1.6702757,-19.740734,-15.560874
1.8259001,-19.609402,-13.801081
2.7078025,-18.504469,-16.055285
3.1486351,-19.586136,-14.408724
1.0574346,-21.215492,-15.434511
2.447348,-19.152945,-14.630126
1.092041,-17.65884,-14.903063
1.5777664,-21.538363,-11.925138
1.9618688,-21.723488,-13.065832
2.4386673,-20.933636,-13.448445
3.0611393,-27.01513,-12.925977
2.8451433,-25.337742,-10.973785
2.3054342,-23.526884,-8.0766115
3.6925642,-24.211422,-9.121787
2.841887,-22.798492,-7.4929304
3.1728764,-25.051483,-8.368886
2.8657498,-24.02703,-7.919114
4.146814,-24.796772,-6.9376874
3.6927185,-23.700016,-5.961336
1.626401,-21.791613,-7.680275
4.8707047,-21.466106,-11.059748
5.1862493,-20.183575,-13.221417
4.36147,-21.800428,-11.918047
4.5419197,-19.239511,-10.230535
4.7205772,-20.29914,-10.791723
5.9395967,-20.296116,-11.239151
6.6687403,-19.006824,-11.465754
5.432807,-18.842697,-12.247772
4.9429145,-17.64176,-11.363804
4.679255,-19.751488,-11.056477
5.063762,-19.038609,-11.565267
6.2048583,-17.731873,-10.67503
4.650909,-18.952553,-8.274733
5.107055,-19.085701,-10.201492
