yaw,pitch,roll
0.5507088,-5.756358,14.239338
1.6710234,-5.861185,14.817991
-1.089994,-7.439505,14.229606
-0.8489237,-5.883026,12.560523
6.5095935,-6.1505933,15.680483
6.002714,-5.988202,14.451412
1.0988536,-5.656002,14.663802
3.9128382,-5.868722,11.167741
-10.248998,-2.5979362,13.419893
9.578699,1.0475321,11.385054
3.542044,-1.6527276,11.946213
-5.2084293,-6.457242,11.37607
-2.200698,-8.286702,11.431654
-6.846771,-5.5637364,15.580574
18.044794,-0.22588229,12.327976
-4.4789886,-2.3545,10.410053
-6.7333736,-6.090253,10.522093
2.8909428,-3.867494,7.3756723
-9.608349,-3.0895543,11.46198
8.970022,0.24779034,12.729815
11.692296,2.1494482,13.977091
-10.223315,-4.0457954,13.723448
-1.7621666,-5.4602246,10.306576
-5.7851105,-5.8042974,8.074378
1.6343002,2.9009652,10.893461
14.369437,4.1508975,12.144652
-4.2180233,-1.6627482,16.817764
-2.030593,-3.7305796,12.661352
0.7581638,-4.3841014,7.64974
-11.339645,-1.3333323,16.64213
9.467373,4.1334867,13.907539
9.991309,2.2408319,13.380077
1.8291903,-5.8074937,10.2796545
-4.161497,-5.17357,9.688074
3.1112864,1.2253392,10.056394
13.705284,2.7763362,13.037481
