yaw,pitch,roll
-7.188687,-10.93052,-11.075249
0.59845257,-12.761098,-7.795419
-3.2758765,-11.969485,-7.852561
-5.567707,-9.966709,-8.237441
-1.4386667,-6.7723956,-8.92605
-1.2632415,-5.8099685,-10.236469
3.4125693,-8.79312,-9.190117
-1.0044861,-12.271123,-12.466209
-1.6006969,-7.258829,-13.776449
-11.433751,-9.336561,-11.606874
0.58033407,-6.2096176,-8.017283
-4.177832,-7.116814,-10.727852
-4.1708055,-5.449436,-6.461363
-2.6609657,-6.318941,-8.561755
5.3647137,-1.2747161,-10.356096
-1.1672353,-4.8326597,-12.141986
-7.7326508,-8.409108,-12.441799
-4.7731276,-7.2353964,-13.805434
-12.178897,-7.9253845,-11.615288
-10.048323,-6.4606323,-8.906363
-17.71716,-6.0991483,-8.493965
-10.951622,-10.243078,-13.6417
-9.690162,-7.7596426,-12.09834
-10.704494,-7.2628894,-13.882513
-18.653748,-8.899314,-10.180729
-21.565414,-8.657971,-10.048188
-9.962921,-8.223204,-15.5578165
-12.904358,-7.4131618,-11.857548
-5.3042054,-8.251465,-10.5014305
-15.4424515,-10.8065195,-12.305189
-9.764284,-9.316015,-11.319261
-9.323777,-7.357767,-10.710397
-15.759414,-11.131763,-12.535895
-9.422772,-10.16916,-10.876677
-4.115383,-8.587347,-14.932861
-11.422907,-13.578745,-12.271175
