yaw,pitch,roll
-16.641928,-1.8918078,2.9398606
-13.851065,-2.3330212,3.0114512
-12.237264,-0.9054526,2.3960106
-15.037753,-2.6788168,2.453215
-12.96294,-3.1010542,2.6423116
-12.491733,-3.1204925,1.5135909
-12.941612,-4.5200343,2.6878319
-13.702797,-4.384188,1.005689
-13.935625,-3.3059144,1.6778029
-12.962343,-3.6407695,2.5435712
-12.770741,-4.236706,2.2029967
-14.402306,-5.862577,1.8123629
-13.102472,-7.157249,2.5779295
-13.602964,-7.694933,-0.1110574
-10.943892,-12.098662,0.49109697
-7.7506714,-16.090828,2.61427
-7.0049543,-17.055012,1.6570067
-11.6526985,-14.426537,4.4611115
-12.441119,-9.864203,2.7974024
-19.086573,-8.306805,-2.7637427
-17.09528,-5.3806405,-2.0611646
-17.126694,-4.969522,-0.70129144
-17.018011,-4.7094975,-3.592554
-16.16399,-4.7812915,-4.551703
-18.229658,-5.936636,0.5161096
-17.039165,-6.719039,1.854671
-17.359867,-6.281083,2.7345316
-12.810548,-12.434682,-2.024259
-12.173199,-13.319675,-0.523247
-10.606487,-12.188962,1.7267631
-12.946547,-11.437198,0.097441256
-15.098907,-10.77216,-1.1919351
-16.16521,-9.521987,-0.6766708
-19.638536,-5.681204,-0.24466753
-17.909168,-2.2323236,0.46182358
-20.34711,-3.7064362,1.6423814
