yaw,pitch,roll
2.979451,4.836979,3.3840454
1.540816,1.5364617,5.0722485
2.119711,4.8101745,4.18291
4.2473598,9.515878,9.919113
1.2936549,9.1719885,10.457469
4.9845877,9.105299,11.278985
3.3052807,6.2151747,8.7222595
0.99992895,6.2436275,7.594735
3.4563613,7.268794,8.771312
3.268135,6.469514,6.799784
3.1600208,5.214528,7.5213575
3.4351468,3.8592632,5.026144
1.7080494,5.3070927,8.56299
7.247966,4.989007,6.996747
4.712045,3.1649554,6.917537
4.5024624,6.30486,8.25592
2.8331175,5.721903,7.787607
4.1042376,4.280415,6.212037
5.7582383,2.402113,5.829775
4.3036585,5.1686335,8.117739
4.0774136,6.5002265,8.155961
2.7096663,5.162319,8.86994
3.4176412,5.602313,6.4541197
6.08797,4.536728,7.3828936
3.758288,4.189796,6.636145
4.945489,3.8331075,7.0957713
5.640028,6.017046,7.146636
3.195241,5.2312474,6.892953
2.7937489,5.741106,6.2754335
3.9224286,6.129616,6.0613647
4.782955,5.835757,5.894987
5.875446,5.8254313,5.828967
4.8424125,6.06057,6.622241
3.623016,5.367796,6.331092
10.661221,6.411528,10.85866
7.0832605,7.0697947,8.873951
