yaw,pitch,roll
-9.597538,-12.048458,-3.3075438
-13.758246,-14.094593,0.84330225
-12.859831,-12.635931,-0.036575437
-11.371144,-10.762776,-0.13611543
-7.60634,-10.707154,0.22442764
-7.990088,-9.1046295,-0.9331612
-10.385201,-7.95105,1.7307782
-6.384597,-9.870713,0.9191274
-7.821619,-11.845523,1.4399155
-13.627817,-12.39348,1.3957028
-11.821001,-16.288717,2.8626094
-12.612066,-18.579767,1.5163813
-16.261719,-9.351303,-1.2235979
-16.738533,-6.982729,-10.079455
-9.984101,-6.9744177,-2.3640094
-10.656553,-4.5425053,2.7405877
-24.123837,-9.674637,-1.4865319
-9.615286,-14.398819,2.455572
-16.287144,-5.128666,2.8447788
-12.088337,-1.3583359,-1.5266452
-10.661764,-7.420449,-0.89213336
-17.774748,-6.2933292,-3.1393087
-10.6299925,-10.211972,-1.0485215
-10.045867,-9.69226,1.6045259
-13.077262,-7.409458,-0.49464515
-12.328577,-6.373653,-0.6403316
-19.714218,-7.256896,-3.1798034
-17.842857,-8.926941,2.599405
-13.655793,-14.320085,4.0244555
-12.390061,-8.0355015,-0.80599624
-12.268333,-10.462554,-2.3745482
-14.374837,-11.017933,-3.7038002
-14.943089,-9.061871,1.9713413
-8.57523,-12.304369,3.1386752
-4.917397,-8.051873,1.0424695
-1.6977983,-10.089361,-0.50898623
-11.498795,-16.187662,0.016608477
-10.159388,-13.647995,-0.8166158
-8.93431,-13.872667,-1.4557027
-9.304923,-13.288628,1.9139097
-5.167508,-9.888528,-1.7950726
-6.2414913,-10.18623,-2.3021102
-3.9692845,-9.69825,-3.3710222
-4.41422,-9.445276,-2.1463814
-3.276297,-10.663731,-4.6887884
-5.8250484,-9.81307,-3.5303164
-9.284229,-12.094324,-2.9912014
-12.87524,-13.379132,0.20163834
-12.663477,-12.309086,-0.29149723
-5.0445256,-8.623366,0.6055021
-4.296527,-9.394226,0.75188565
-3.401568,-8.326924,-0.38071454
-0.4825492,-6.0062895,0.2880747
1.1979203,-8.293417,-0.6171292
-0.16025448,-7.237976,2.8269482
-0.43568134,-5.4184017,3.101372
-0.01783824,-7.9674797,8.445152
3.9347253,-5.832733,9.653521
0.20594807,-7.06102,5.222889
5.1856217,-3.766467,6.6422915
-2.308676,-3.9640627,5.011804
-0.4476788,-1.7753239,10.310928
1.5384283,-2.824146,9.823924
3.220397,-5.5340586,0.10085738
4.2417583,-7.1342,-1.8243248
6.8099957,-7.022949,-3.050943
0.6830611,-7.6438174,-9.037216
-0.14221907,-10.617558,-9.285734
-1.5630081,-11.599769,-12.495074
-7.22517,-11.451897,-11.462942
-2.245276,-9.389835,-12.595348
-8.499887,-10.126446,-11.05138
-8.114883,-10.961111,-9.3173275
1.291784,-11.950839,-9.141149
3.2967758,-7.220138,-7.0929236
2.5049975,-9.03789,-5.297979
2.3338084,-10.754858,-2.6926036
-1.2435648,-9.65493,-4.955103
1.6738858,-11.866259,-5.636773
-1.0876315,-10.9763975,-4.3799047
-0.36910725,-10.152618,-3.3966467
1.680532,-9.459383,-4.875744
-2.3180647,-10.381989,-7.57559
-1.4123576,-9.366448,-6.8969846
-1.9204106,-12.6128645,-6.6715536
-2.5203052,-12.682751,-6.4246516
-2.8521597,-12.622181,-7.3789835
-3.4744048,-12.35393,-5.7496214
-4.7483883,-12.711483,-6.315037
-1.9405776,-10.770823,-6.0221825
