yaw,pitch,roll
-29.547733,-8.132894,-20.53162
-29.434593,-7.899245,-19.367908
-29.551128,2.6171312,-16.962877
-39.888233,-3.0502756,-9.863939
-33.975723,-10.788266,-13.053378
-18.111095,-9.24637,-18.74743
-18.481808,-5.7297826,-19.343224
-18.540943,-6.7070003,-18.67406
-31.952244,-10.820848,-14.971704
-30.949286,-11.10441,-16.275608
-16.226881,-5.4642553,-18.026293
-37.57761,-10.398197,-9.283121
-42.819214,-17.61061,-5.9489913
-30.089054,-9.310459,-15.717392
-32.620396,-5.426448,-13.848115
-41.351173,-11.587925,-8.23217
-42.63711,-14.608903,-4.978525
-41.475212,-9.116659,-10.636641
-26.703833,-8.471425,-17.541267
-42.05533,-10.808044,-7.9466
-40.049297,-12.907889,-11.724245
-44.80484,-12.487301,-8.832993
-47.74894,-12.490086,-5.9260864
-51.70578,-11.840048,-4.0098276
-48.702374,-12.989137,-7.9731455
-43.550808,-13.30463,-9.841737
-40.251446,-14.174088,-9.976816
-33.749397,-14.400429,-15.776408
-36.703026,-14.71361,-8.409617
-36.236416,-14.251384,-15.99758
-37.588573,-14.576017,-8.71211
-37.70838,-12.579054,-7.6964917
-38.363754,-12.938647,-9.4969015
-38.05755,-14.6882515,-9.586502
-41.738407,-14.249529,-9.980326
-34.888245,-14.892845,-12.891088
