yaw,pitch,roll
6.135889,-2.9459634,-8.675424
6.165358,-2.45642,-6.6805305
8.460895,-0.89136124,-8.020311
6.8705482,-1.5372536,-7.489238
3.2799795,-3.0736053,-10.367739
6.2641053,-2.7782087,-7.81293
5.2305527,-4.7845125,-7.895828
6.1556463,-2.6838982,-7.646653
8.642019,-2.7652373,-7.444498
7.731847,-2.5015702,-8.520243
7.438561,-2.953375,-7.1337976
-3.8073006,4.438589,-5.7109194
5.962167,4.7451763,-5.332423
-1.9923489,2.232094,-3.2691147
6.0274987,-3.183342,-5.358048
5.127607,-2.9338517,-4.8230944
3.6217523,1.4036577,-4.829224
1.3074508,0.8273524,-8.35822
9.939676,-3.1237955,-2.4490635
6.4025345,0.53800416,-9.3538065
2.5485358,2.7546468,-6.260307
-2.1570868,-2.0772436,-6.3323584
7.371298,-0.49034345,-3.6601503
2.9615555,-0.34188393,-4.743631
9.90674,4.115859,-5.3602395
3.1874716,0.6810142,-10.598699
11.80772,1.6513844,-5.238751
9.817985,4.7092824,-6.192764
9.527073,3.1640756,-1.9732935
3.1478915,2.9434738,-10.936603
6.6119165,-1.5002921,-8.827826
2.7414494,-1.4243405,-8.1182575
6.6236415,2.1167872,-3.7979875
2.767987,-2.363007,-10.1309
4.4757085,0.526283,-5.2320013
4.9156475,-1.389564,-7.5441117
2.8585508,-0.4995501,-9.116346
0.46743917,-2.4136052,-8.598325
6.2004075,-1.4063996,-9.684336
3.6182044,-1.7483441,-8.596787
4.670625,-2.4358487,-8.252672
6.7864146,0.5189717,-5.8333874
5.088439,-2.4703119,-6.079185
6.261086,-1.112946,-7.974957
6.1981697,-1.9686797,-6.422533
4.734235,-0.64754504,-5.045277
2.544376,-2.8210356,-5.73064
6.801745,-1.398227,-6.5940647
4.770297,-0.10495901,-6.5309563
5.289914,0.67811686,-7.2925467
5.9880753,1.4792469,-6.928148
5.9167123,0.8806114,-8.276513
5.0762706,-0.48576194,-8.190697
5.428643,-1.0814357,-7.788941
3.1528409,-1.1398046,-9.200003
3.6057775,-0.8134105,-8.263668
2.925441,-2.3075218,-6.975207
4.1778717,-2.4600227,-8.335095
4.1228848,-2.389546,-8.60827
5.1947627,-2.2783222,-7.830923
3.3412092,-1.6382197,-9.118281
6.324935,-2.1421998,-9.691475
6.9538827,-2.6535397,-8.786394
7.908915,-2.3891244,-7.8821735
4.7740383,-2.4169052,-8.294047
5.0202065,-2.0227933,-5.9933834
3.1171727,-5.2402825,-5.5924654
4.126913,-3.2137406,-6.166609
2.460705,-4.473417,-6.4356136
5.08375,-4.0124993,-5.987873
2.4586778,-5.8526344,-6.5618305
2.1155984,-5.690185,-6.0853276
2.0137334,-4.742116,-7.755566
0.56531286,-5.4913597,-8.839048
-0.45211673,-3.9501605,-9.899025
-3.3406744,-4.233893,-10.802738
-4.4347115,-4.9839354,-7.685198
-3.3031273,-4.313061,-8.44964
-2.489203,-3.8066082,-8.336354
-6.125104,-6.414837,-9.708647
-4.011503,-5.4316015,-9.168099
-0.2143836,-8.460691,-9.7263565
1.610291,-4.097212,-7.1482625
1.5430217,-5.915248,-8.174522
1.8463573,-6.064474,-9.290638
-0.31815434,-5.178255,-10.565375
-3.9342995,-4.7877674,-8.415791
-2.1225169,-8.193289,-5.9993887
-1.7026615,-8.45199,-8.956798
0.15152502,-6.627613,-9.770999
