yaw,pitch,roll
4.7413435,-0.42207846,-14.627171
1.3448648,-0.8719188,-19.668404
1.0641189,-2.4285252,-18.175098
1.0816962,-1.3468388,-18.15152
6.7939577,0.98086494,-13.596502
5.1221905,-0.83024204,-15.272766
1.2610427,-4.8751955,-14.789251
3.2295742,-5.369706,-14.851272
4.2286367,1.2623953,-13.35027
0.4954028,1.2187576,-11.313399
-4.576573,1.2645836,-15.989184
-0.7935631,-4.0503273,-14.858709
-0.3148167,-8.373323,-11.44714
1.8580308,-8.532386,-10.759318
2.5311077,-7.3273954,-11.64336
0.49003375,-8.850102,-11.970481
1.6817029,-3.8299809,-13.366056
-2.928666,-1.0862261,-12.714272
-10.010241,3.0561242,-12.170296
-11.075565,5.885266,-8.550854
-0.55666256,2.688528,-10.38696
-1.0583317,1.4545027,-10.111442
-5.414081,-1.3751907,-10.860467
-1.173444,-5.1872735,-8.713301
-1.1852207,-4.441312,-5.691126
1.4672315,-5.783169,-4.998594
-0.7851305,-6.711179,-4.799405
-1.817842,1.4423833,-6.1801696
-7.6738977,5.5190935,-2.297608
-4.958519,6.4325433,-0.48732662
-8.52527,6.7061386,0.90837896
-4.5059814,7.968688,3.6528854
-5.0995274,9.109323,8.507476
-2.402203,9.074076,11.271309
-5.1271963,5.430747,9.111485
-4.100111,4.9156013,6.7216606
