yaw,pitch,roll
22.81485,2.250232,14.3512945
16.156954,2.9321725,12.527488
17.310493,2.385514,10.773401
15.603509,3.5500572,11.021084
19.239338,3.5159695,15.797672
17.10287,6.000127,12.9759655
7.741206,2.9895542,9.203512
10.275118,-4.3780503,12.026745
6.7021794,-4.809832,11.885357
-0.028754711,-5.2074566,8.961085
20.068218,-0.4868965,11.697931
13.19055,-0.6078377,7.462147
-1.9534049,-7.9744534,4.334355
9.014894,-7.4587183,6.6557636
3.157996,-4.727387,8.599745
13.374828,-0.5593462,11.118601
18.84772,2.128351,12.632838
8.088469,-2.2749698,10.690817
9.85438,-5.9568076,12.5102005
11.3111105,-5.9354506,8.721655
10.982777,-4.562477,8.670282
13.344017,0.49108315,13.392178
22.668642,4.2204094,17.23931
19.028152,0.9767754,9.679897
8.992412,-2.9862528,10.734112
12.600145,-9.84593,12.122357
9.044468,-5.2855167,8.72825
19.0439,1.1375213,9.281361
23.634064,-2.0787573,12.601026
6.8826127,-1.1503842,8.74977
16.740635,-8.095284,7.8196177
14.384367,-5.6795845,13.52557
16.9649,1.6914325,14.012293
20.673204,-2.2738338,15.26461
20.442863,-0.50395083,8.440303
19.437302,-4.3858576,10.574216
