yaw,pitch,roll
-22.447964,-9.540598,-7.581454
-26.352322,-11.051651,-6.4619913
-27.266521,-10.659634,-7.998583
-23.19601,-10.576796,-7.195312
-22.54469,-11.647984,-8.019782
-26.876,-10.682548,-5.861475
-31.646843,-10.933897,1.6538341
-15.126196,-12.72047,-4.012666
-20.361305,-15.955305,-1.6964955
-28.648598,-13.786369,-7.8395877
-28.55456,-9.887015,-7.153342
-25.724669,-11.065625,-5.5957527
-24.62399,-12.968079,-3.326171
-22.405853,-11.439372,-9.826289
-26.903206,-15.357964,-7.2919326
-20.424236,-12.601294,-3.7050238
-24.57631,-12.966479,-4.0585895
-20.501137,-11.262718,-7.554699
-22.569637,-6.4404244,-11.40454
-20.73945,-17.060112,-7.1135173
-28.259995,-13.696265,-4.268415
-21.66782,-16.636026,-6.472614
-32.19659,-4.0898128,-11.011635
-20.56186,-8.567681,-4.2414737
-23.376682,-15.518032,-4.769555
-24.95086,-16.171368,-0.9428456
-17.84372,-11.271741,-7.8199043
-30.53154,-4.627143,-14.492361
-21.951569,-13.26514,-5.7978497
-20.95661,-10.293637,-4.672861
-21.251556,-15.018917,-9.654996
-17.420712,-4.547161,-12.3013735
-17.019018,-14.9211035,-12.077155
-19.268091,-14.447714,-10.993531
-17.184118,-12.008459,-7.779798
-18.087257,-11.714935,-8.841423
