yaw,pitch,roll
1.0060825,-7.299237,3.942762
2.4758778,-6.8716435,2.627906
0.63475513,-7.1171136,3.8953104
1.0048838,-6.2865705,3.473442
1.8788428,-6.0365295,1.8482032
1.6191797,-6.2164087,2.422916
0.37214613,-5.883529,1.8419675
0.9993348,-5.4164276,1.8326383
0.40670776,-8.001992,1.1310236
0.7015004,-10.977686,3.8395023
3.3056889,-7.582509,4.023353
2.1531563,-4.949212,2.5786486
1.441535,-6.450473,1.5226908
1.7484164,-7.8586063,0.98818743
-0.9149828,-7.1748962,1.84723
-0.9562473,-7.9734616,2.4301035
0.5052905,-7.6904526,1.9501851
-10.149918,-6.2810774,-5.467367
-5.6773586,0.92072845,4.711927
-7.0619354,-5.37045,3.156349
-22.881723,-9.985835,-12.174037
-14.343435,-4.403269,1.5397878
-5.0564675,-9.883085,1.5028348
4.919432,-9.594289,5.613754
-16.365385,-6.7900043,-2.2756283
-2.1776996,-17.446224,-12.027611
-5.655125,-13.835941,-6.3766575
-18.11454,-11.550452,-2.3328667
-31.168457,-12.605315,-4.0023184
-10.083307,-16.23932,-3.260986
3.8114345,-11.944674,1.9989184
-2.5786512,-8.36092,4.220104
-5.8003,-11.907628,-1.9456062
-2.8933156,-18.86709,-8.453903
-3.6060276,-12.704875,-4.8673816
-2.6436577,-13.419985,-1.0446309
-0.101959705,-10.376621,-3.3256366
-3.2216806,-11.152321,-1.549373
-4.410436,-10.477406,-4.5866437
-2.4623647,-11.451908,-4.347695
-3.1991673,-11.913809,-2.0370588
-2.8378296,-9.608272,-1.304695
0.16009426,-10.275673,-3.2993484
-0.54095984,-10.285567,-2.0796912
-1.6530209,-11.959313,-2.3906498
-1.0012403,-11.936972,-2.25727
-0.7287078,-12.795788,-3.4067118
0.75948334,-11.600548,-2.7947934
-1.4605408,-10.720976,-3.5534706
-0.6781616,-12.080481,-2.8415432
1.6412969,-11.027565,-3.0423129
1.8682923,-12.098782,-2.5809076
4.106171,-11.849996,-2.8188396
1.9328008,-12.522003,-1.4314713
3.3045945,-12.007107,-2.6682305
2.4216037,-12.7287855,-1.6087888
2.9163055,-10.900777,-1.0618149
1.3385582,-13.084771,-2.9142447
1.7391977,-12.445721,-2.3688748
0.93826437,-13.669634,-3.0636423
0.8679013,-13.927715,-3.4383788
0.5734372,-11.878049,-1.8970232
0.85108376,-14.485537,-1.4929769
2.5210457,-13.051441,-2.137482
1.1619358,-13.640726,-1.8640578
1.7815628,-12.865041,-2.6058848
1.9858432,-12.463804,-3.138802
1.7764273,-11.851795,-3.6805882
1.6317801,-12.851308,-2.494822
3.4279585,-11.620803,-1.2503419
2.4520693,-11.24705,-3.1649494
2.6585999,-12.166599,-3.0463214
1.8947592,-13.186419,-2.7567937
3.1960964,-13.492781,-1.0834125
2.6753645,-13.773659,-1.022407
1.9814835,-12.359407,-2.395497
2.7605486,-12.842988,-1.5399108
2.8821626,-13.760556,-1.7357163
2.5019226,-13.854619,-3.7172132
2.9323711,-11.991885,-2.0336065
1.5767035,-13.196453,-1.3710868
1.9250069,-15.734674,-2.6661968
3.577908,-14.721033,-2.1760745
2.8387895,-16.078785,-1.6271586
2.733377,-13.901508,-2.7209466
4.017726,-14.329606,-2.9549682
2.0862322,-13.996944,-2.7897115
0.5062876,-15.384533,-3.8982534
0.7375026,-14.3380575,-3.0530968
0.585855,-15.00038,-3.3738694
