yaw,pitch,roll
7.4238534,-2.7220602,-4.2969923
5.2647066,-3.221311,-4.9555593
4.089348,-4.256422,-6.098047
3.619957,-3.7403069,-5.261665
3.1839976,-3.585651,-5.1889863
6.019821,-2.2410228,-5.2264223
7.037633,-2.6945832,-4.8852406
4.801558,-3.5868964,-4.4688454
5.8421597,-3.0714366,-4.798412
1.7016983,-8.061087,-5.5779166
0.5568645,-7.0044184,-4.296179
5.6965017,-4.1568174,-2.988506
3.8806667,-9.709029,-3.3985016
1.6168346,-14.574127,-0.7919265
3.6752691,-12.967295,1.1401747
8.055118,-7.086401,-2.2068055
4.6104727,-9.263348,-2.6800885
0.6732292,-10.8936405,0.17290312
5.089887,-9.938606,-0.56507784
3.454225,-10.374908,-1.9042873
5.1180053,-13.709745,-0.5241371
6.020336,-16.417908,-0.95866114
8.365925,-12.341154,-6.068787
6.108917,-12.065071,-0.08648613
3.80054,-10.589543,-0.39890426
3.7797751,-10.891327,-1.9957573
6.397992,-7.7183967,-1.9698595
6.045064,-9.116961,-3.2747817
8.826132,-9.373656,-5.166788
4.3944445,-7.682026,-6.3499813
5.3795214,-8.96999,-5.111192
5.800872,-6.322801,-3.857572
6.154205,-7.432729,-5.4240427
5.9113092,-8.606121,-4.340275
6.0147505,-8.816072,-5.392873
6.14619,-8.291452,-4.232378
