yaw,pitch,roll
3.6387773,-5.165657,-10.60247
6.5098953,-4.5999427,-10.290981
2.6262398,-3.8848493,-11.657019
2.6973557,-4.5889406,-8.233559
-0.44283056,-5.033369,-10.323744
2.1001205,-4.1875925,-11.985004
-0.65250397,-7.204024,-9.007988
-3.8686051,-8.373446,-10.797515
-2.5330424,-5.9677467,-11.14149
-32.3652,-7.585905,-11.43006
-11.136443,-3.703395,-11.409503
-12.751364,-5.988452,-11.391737
-18.087065,-8.99609,-15.323906
-23.73538,-11.074859,-10.275429
-12.813256,-0.7406864,-14.977459
-13.495792,-10.802586,-13.793516
-30.997486,-9.892207,-7.6522555
-17.350376,-6.2103934,-8.40806
-21.39712,-11.33913,-9.850972
-4.6738167,-8.384121,-14.7775955
-7.1640596,-7.5910635,-9.829742
-3.559754,-9.1639805,-12.458654
-6.275939,-7.725212,-12.008019
-2.9790387,-9.540228,-10.812967
-0.9237766,-11.468964,-10.423939
-4.394307,-10.462034,-10.545237
-5.9639387,-8.821024,-11.147322
-5.8239765,-9.326863,-11.905001
-4.7227554,-10.670423,-9.8596325
-2.3685012,-9.7967205,-9.826059
-2.2178922,-8.865183,-9.689701
-2.8683143,-13.146564,-7.5644464
-4.231745,-14.08002,-11.158432
-5.4892206,-14.232575,-9.683945
-6.3809347,-13.604881,-10.529713
-4.633819,-14.047892,-9.411982
-8.789502,-12.966758,-10.150676
-3.0688639,-6.5304656,-13.966307
-11.3061285,-10.507235,-13.293605
-8.1782,-4.027553,-11.529994
-9.020841,-8.234923,-12.975324
-9.773895,-11.002805,-11.985824
-9.09666,-6.629108,-13.112932
-5.6667886,-6.233157,-10.563325
-3.61279,-5.832078,-11.052113
-3.5138488,-4.005012,-12.233507
-5.9117293,-7.036954,-12.287834
-4.126111,-6.9834285,-11.944306
-3.4327097,-11.054796,-10.758591
-3.9726386,-11.811427,-10.846337
-7.320875,-12.179787,-11.287043
-4.9519925,-12.359735,-10.771415
-6.395049,-14.324881,-11.017495
-4.974459,-12.763556,-10.254744
-4.4782495,-12.474149,-9.605893
-3.7524037,-11.986404,-8.391331
-4.238731,-12.138534,-8.574902
-4.3850875,-10.341349,-8.187914
-3.7439828,-11.568114,-8.552849
-5.6275406,-10.700089,-9.580317
-4.3584,-10.775817,-9.6388645
0.20541286,-9.43155,-9.764669
3.5445566,-7.580913,-10.0441475
1.2709107,-7.226875,-9.614432
1.4168749,-6.7114716,-9.832712
3.3141074,-6.2942963,-9.543737
3.3262396,-5.790379,-9.445107
2.9998422,-4.0763416,-11.113915
6.276884,-0.43462646,-9.856424
5.400917,-2.7969637,-11.53326
3.8648028,-4.376649,-11.63722
0.6859441,-6.2430477,-10.89024
2.0318594,-3.350902,-11.352339
3.5492678,-4.1220427,-8.699818
5.0087466,-2.489528,-10.795764
4.9108553,-2.0150251,-11.008711
7.7730684,-2.016077,-7.7159605
6.659396,-4.001638,-10.024996
5.334121,-3.160544,-8.188349
4.8733177,-3.5307589,-8.855789
5.717025,-1.4831111,-9.696673
-0.18263054,-3.2005208,-12.118844
0.22423553,-4.406397,-11.929748
1.4941258,-6.3231792,-12.222158
0.4197228,-8.57409,-10.600449
-5.7120457,-5.5297213,-10.935942
1.8650107,-4.0857725,-10.682035
-0.087004185,-3.901022,-10.516237
-0.38332748,-2.5432434,-11.076002
1.155417,-2.125792,-9.951928
