yaw,pitch,roll
0.7617554,-7.8127155,5.6195116
-0.80840445,-8.106536,7.0615673
-1.3145232,-7.4146996,5.9691477
-3.090017,-8.39849,5.706765
-1.032268,-7.0084763,6.370369
-2.3060896,-5.7547445,7.5296903
1.5390378,-7.5742397,8.0407715
-1.4069803,-7.1009007,7.5351524
-0.6425878,-6.219532,7.281377
-0.024544537,-6.918394,6.3447084
0.9824187,-8.053755,6.591913
-0.9481148,-7.8527474,6.5572796
-0.710689,-7.5446806,6.522611
-0.021065235,-8.343618,6.287222
-1.3123658,-7.1103134,6.9291086
-3.6733716,-7.578842,6.4738746
-3.055115,-8.504201,6.9067183
-1.2720752,-8.01494,5.718771
-1.190877,-8.99058,7.241809
-4.2050533,-7.900639,5.835418
-2.1151843,-6.6423063,6.790903
-1.2686768,-6.3982944,6.9741507
-0.13948798,-8.220526,7.509342
-1.642902,-7.7878666,7.7439513
-0.38712573,-6.1352525,6.6708074
-3.7088895,-7.273779,7.052354
0.57241917,-7.20714,6.321537
0.93832755,-6.770282,6.8241377
-1.0190986,-8.155335,6.6496887
-0.14908838,-6.289656,7.22986
-2.1378074,-6.56886,7.3396773
-1.0989947,-8.314001,7.329864
-1.9011726,-6.184224,6.5669
0.5074923,-6.67041,6.1271706
-0.38460112,-6.5262184,6.834938
-2.1603801,-5.502594,6.225271
