yaw,pitch,roll
-3.4777453,-7.4277673,-1.475421
-1.2738624,-6.287923,0.8068965
-3.138561,-10.4419365,-2.2244406
1.2679343,-4.4216084,1.1605145
-1.4238644,-6.7653446,-0.25972342
2.3364213,-13.417606,-1.4491359
2.426373,-10.131021,0.07336339
1.1655998,-10.892058,3.6440368
3.998986,-16.4371,4.2780337
3.364502,-14.749695,3.4642105
4.2875123,-13.161295,1.1115919
0.87857294,-11.925302,-1.6337204
-5.2414293,-13.04528,-2.311983
-1.309056,-11.134205,-6.7027197
-1.3909299,-12.914421,-9.301901
-0.48563623,-10.866306,-7.2719026
0.628351,-13.699677,-4.062719
-1.3635974,-13.564381,-6.6740227
-2.3578348,-13.088253,-4.8797703
-2.1314068,-15.254668,-5.1944194
-1.3867717,-16.893274,-6.3939033
-10.663298,-13.056907,-5.194585
-2.7700055,-14.615813,-4.6481223
-7.5176597,-16.076054,-6.6028905
-7.7425356,-18.886234,-5.390937
-4.371314,-15.686946,-3.025077
-1.7035104,-20.274117,-1.2938619
0.89922786,-14.092413,-2.746431
-5.166457,-14.669694,-6.1440225
-7.0692234,-15.994975,-6.289893
-3.276262,-18.538067,-6.0188622
-3.099011,-15.700806,-6.053992
-2.1164248,-17.94458,-8.755566
-2.7294085,-18.764822,-6.7926345
-0.9336133,-16.034918,-5.492347
-1.3380098,-15.401059,-8.636137
-1.6419978,-19.494743,-5.1958447
-1.9872583,-16.843285,-4.4818015
-5.9180546,-16.684347,-6.4347954
-6.9840736,-16.674011,-6.4504128
0.3272562,-19.540562,-3.7226412
-4.3866653,-19.653358,-2.258603
-2.2037234,-17.706427,-4.7617955
-0.7171347,-20.665207,-4.664818
-3.4209623,-18.989841,-4.572887
-3.397829,-17.975143,-4.876178
-1.5687518,-18.25468,-3.1179633
-0.4330616,-16.786972,-4.7062473
-0.6292734,-17.38333,-4.3882055
2.2781792,-17.129086,-4.7242327
1.8135436,-16.719551,-6.22176
-2.031632,-17.996208,-3.7348356
-2.248021,-18.801188,-4.942803
1.3085208,-17.309114,-4.5445814
-1.0082397,-17.751808,-3.1839473
0.20608234,-17.149113,-5.0010853
-1.2851205,-19.421501,-4.8776174
-0.49853468,-19.91119,-6.1800585
-1.3729575,-22.11974,-3.7382624
-1.1534793,-22.285099,-3.1469767
0.46223736,-20.98128,-0.6107034
-1.9616289,-20.283043,-3.2784326
1.3950796,-20.169731,-3.9618835
-1.3472805,-20.485622,-2.7698283
-1.1368513,-21.215446,-1.4883387
-0.74886227,-19.968636,-0.19497287
1.5359125,-21.00382,-0.5605425
-0.98963547,-22.081638,-0.10095514
-1.7361984,-22.810165,-2.1913269
-0.43369436,-21.050278,-3.239844
0.4135151,-21.618483,-1.8404708
-1.4667835,-19.334309,2.1182199
-3.4954545,-19.539898,-3.6148076
-2.1475115,-20.034191,-2.3763947
-4.8466015,-19.013813,-1.8863206
-0.6988187,-19.227009,-1.8643934
-1.5234971,-19.72118,-2.974725
-6.3223963,-19.728025,-3.3739142
-6.729658,-18.584984,-4.02962
-7.1270633,-18.1484,-2.7625263
-3.1492603,-17.559982,-1.614795
-3.4261847,-17.222965,-2.3454232
-3.738945,-19.713327,-1.6739781
-3.7312062,-20.190414,-2.0685823
-3.8493664,-19.545786,-0.6825576
-0.70762587,-20.826752,1.0451868
0.63422203,-18.873245,0.032955885
0.14839077,-20.0355,2.1660738
-2.2956998,-20.549091,0.45826542
-6.976708,-21.314308,0.4653375
