yaw,pitch,roll
7.189644,9.415807,-13.721437
7.570889,6.268449,-7.257367
9.446554,6.973573,-10.088615
9.401449,4.435513,-10.0308485
9.143756,6.195691,-10.011458
8.911009,5.629533,-12.52984
6.821546,4.3038015,-10.004027
1.169106,5.1885676,-9.561277
-6.0936465,17.42612,-12.015621
-8.691463,13.2678795,-10.637654
-3.6363943,1.4514552,-12.737666
5.7280083,2.0709028,-5.6402082
-4.8298798,0.16259146,-7.6276765
-5.404647,4.5613623,-12.144331
-7.5546103,-1.5388728,-15.087683
-3.0130095,-1.5143743,-12.312746
-7.5460033,0.23840249,-11.779427
-11.068032,1.4662787,-13.106674
-3.466494,3.0835223,-18.17817
-3.64207,-1.0253565,-14.777391
-1.1828942,0.5150591,-11.272578
-11.674078,3.738066,-12.093808
-1.2187315,0.23178095,-17.538456
1.5037751,-3.1099322,-16.703802
-3.0969043,3.2836158,-9.873959
-3.5353482,4.4787693,-11.772898
-1.8244762,1.7564837,-16.222755
-0.78678954,-3.9695995,-20.670616
3.6579366,-2.6209996,-16.940994
2.997346,1.7220404,-11.803524
2.442574,-1.3286552,-18.759493
-1.9579852,-3.6674228,-16.862722
4.377801,-3.1270556,-18.069075
3.6530826,-0.9359036,-17.460934
4.7252703,-0.12275404,-16.972956
5.321166,-1.0729365,-16.356094
