yaw,pitch,roll
5.787383,-10.805086,-9.777304
5.7402744,-6.5932713,-12.76971
3.1970584,-8.385281,-12.899717
3.339483,-7.383958,-12.586073
6.1811666,-4.747486,-14.247674
4.748397,-7.754121,-12.365245
5.466784,-8.051433,-15.033777
2.1570683,-19.06903,-8.355501
8.894257,-14.632661,-7.938247
4.1812177,-10.781597,-11.676207
2.3221483,-7.7420473,-10.319256
6.4348955,-8.53129,-8.933149
4.7802157,-8.96373,-8.323946
6.4810596,-7.23501,-12.0938835
6.697571,-10.022645,-11.921281
4.954807,-13.782056,-13.703927
0.534703,-4.979987,-11.507437
6.5964093,-10.211489,-12.596221
8.149025,-10.843245,-7.5196767
0.8734468,-14.152505,-6.836976
-8.11344,-14.042694,0.6689737
-1.9611907,-18.988483,-3.362595
-1.0675858,-18.204212,-3.1550014
-12.015225,-15.500681,-3.3773465
0.20849371,-14.7660885,-15.621127
-0.09756756,-20.265919,-13.562619
3.211412,-16.264576,-18.682747
-10.204155,-15.451538,-3.6320696
-4.321052,-12.2960825,-6.1084194
2.6692736,-12.607079,-6.005413
-2.8077278,-12.269859,-8.017916
-0.3672309,-14.16872,-10.933409
0.059943676,-17.852013,-14.840603
-0.7380097,-16.144735,-10.933867
-2.067633,-14.965115,-7.7309217
3.3058498,-13.226171,-4.9222965
-0.7149031,-13.426035,-6.802697
-2.4298334,-14.593858,-12.844837
3.2005873,-13.180891,-12.9860935
2.1404004,-16.949379,-12.556419
0.7967677,-14.949938,-11.820044
-7.0784426,-16.84815,-12.541988
4.456646,-15.633734,-11.113199
0.5534978,-14.763857,-9.695604
-1.97053,-17.87237,-14.553137
3.3277624,-15.128555,-13.590057
-0.9368253,-16.249557,-11.420784
1.2105126,-19.096087,-11.844244
2.4743118,-18.151257,-6.7131042
4.241692,-20.42949,-5.913229
-1.5623493,-20.269201,-5.330001
1.8725023,-20.691647,-7.983904
1.8681087,-15.63418,-10.197367
2.449543,-17.76409,-6.341735
0.8307419,-18.756092,-6.2347317
-0.30378056,-17.796795,-11.232018
2.8630614,-15.512461,-10.543174
0.7149954,-18.122581,-8.907488
2.3469062,-16.651878,-9.396952
0.7477894,-17.227957,-10.0960655
2.7942934,-16.397408,-10.335168
3.0909476,-16.555258,-10.803381
0.3289938,-17.40948,-9.954739
0.8385091,-16.307573,-9.251316
2.505364,-16.860458,-9.60294
2.0958877,-17.872349,-7.468648
0.6724911,-16.295422,-7.398982
0.09904766,-16.727493,-6.8304014
0.77530813,-16.695076,-7.115735
-2.2796054,-15.661123,-8.664855
0.15270615,-17.666525,-6.8724284
1.388557,-17.44402,-9.079608
2.2706585,-16.746325,-8.488142
0.43166447,-16.149012,-8.290017
4.230087,-16.45581,-8.950583
1.4952769,-17.295582,-11.911829
1.9023218,-17.436165,-8.621008
2.3732262,-17.078178,-9.471611
0.840189,-16.412518,-7.374935
2.10955,-15.894566,-8.41703
-0.6995115,-16.33094,-9.190645
-1.187684,-15.797768,-6.7545485
1.1993613,-16.6175,-10.055882
2.0950556,-16.91587,-9.305527
0.24231052,-22.249279,-8.337662
2.6974716,-21.063053,-8.123922
3.859972,-19.403515,-7.951483
3.9604526,-15.05187,-10.492627
5.3798046,-14.916057,-10.941774
4.2380056,-14.763718,-12.7861595
