yaw,pitch,roll
-26.495361,-1.7354199,-18.382626
-31.215576,1.0976288,-16.75889
-29.479942,0.29670072,-17.849777
-26.788025,1.3817554,-19.905586
-25.219196,2.466161,-21.926483
-25.83649,1.1427896,-22.492334
-27.27723,2.6421537,-22.732254
-27.255123,3.7310324,-21.811811
-25.977695,3.7345533,-22.246471
-26.527584,2.7108655,-22.481628
-27.068844,1.6954467,-21.70316
-26.6912,1.7024982,-22.129402
-26.087978,2.019046,-21.342926
-25.701897,4.66161,-19.51879
-32.010914,3.3360348,-16.624603
-24.277,3.8430502,-18.514383
-20.38207,-6.98136,-15.155021
-20.66193,-6.863959,-12.335442
-22.370327,-1.1227734,-18.406979
-26.19175,-2.3336525,-14.181371
-23.109026,-5.8295145,-14.791841
-18.08486,-13.294654,-14.234234
-18.295424,-8.8338585,-13.407029
-18.0517,1.7026367,-18.887787
-24.70818,-11.8762,-12.974332
-17.99279,-9.360845,-13.707312
-17.029358,-12.122419,-15.7576065
-20.497787,-2.4653025,-18.137447
-18.364353,0.32384014,-16.301113
-20.583961,-9.143161,-17.732834
-19.129116,-7.890922,-15.512444
-12.921953,-7.3468394,-15.574865
-20.337948,-3.317083,-17.712482
-18.689117,-10.062403,-16.15412
-18.563759,-4.3337502,-14.221029
-18.865944,-4.542648,-17.092167
