yaw,pitch,roll
0.49057126,-1.8262537,1.4626967
-0.29932857,-3.1123457,1.0505774
0.04881692,-1.8012292,1.0732789
3.4047093,-1.4745157,-1.3784796
2.4498,-2.6156988,-2.523859
-0.27825928,-6.702573,-3.1166325
0.55268216,-8.241067,-2.2103858
-0.23215866,-7.662218,-2.2962582
0.73413587,-7.073025,-4.8373537
-0.94717884,-6.4121184,-5.565455
-3.7173457,-13.396923,-5.8885984
8.478141,-4.759716,-0.76016545
2.6254592,-8.097654,0.963264
-1.4633884,-6.427466,-0.061964512
0.27108717,-6.8475585,-2.3351545
6.274006,-10.644189,-5.483142
3.0782604,-15.536798,-4.216283
-7.9037414,-15.136532,0.44573617
-2.7699633,-10.153765,-4.050323
1.2109628,-9.871645,-5.8085175
2.8718872,-10.870751,-3.6725807
0.41538143,-13.446791,-1.2501018
3.6125844,-9.352931,-3.251422
6.512122,-8.938996,-5.332158
0.9222064,-10.540438,-4.048451
2.0883026,-12.987038,-3.5492585
4.2873697,-15.240429,-10.603654
8.74498,-13.297838,-2.6627214
-15.582458,-7.7427826,-7.0148335
4.6458035,-13.270454,-2.2648242
-0.110323906,-14.482267,-6.982819
5.5210004,-13.663527,-5.7142696
4.97406,-12.582325,0.26847816
3.0515614,-14.375,-2.1585307
4.3418903,-11.997454,-6.151756
5.1826606,-16.134659,-1.600019
4.9937596,-11.32275,-3.005086
1.5548296,-12.642187,-4.3678565
2.6660113,-12.483717,-4.42573
3.0266044,-13.947034,-2.2583
3.996397,-13.894778,-2.3802114
2.8572717,-13.798742,-3.4574592
3.6766362,-13.528876,-5.159043
3.7147036,-13.783621,-3.7307477
4.29803,-14.509722,-4.9423213
1.1446443,-12.901779,-5.861477
1.36936,-13.577841,-4.8043137
1.837481,-14.8361435,-3.5422406
3.2344325,-11.9126,-5.432577
1.2441082,-10.341376,-4.075221
0.4346447,-13.342669,-4.2989883
3.869389,-11.639536,-4.737646
4.7946863,-11.284283,-5.780712
3.379521,-9.958047,-7.989209
2.2281597,-8.878236,-6.007244
2.5338259,-6.3523026,-3.7463312
0.6406679,-9.5301695,0.399827
4.0295916,-9.277698,-2.8775811
1.7469695,-5.094139,-4.6967106
2.1975026,-8.354968,-4.7309523
2.8694096,-8.17177,-7.696577
6.736035,-7.552518,-6.976593
6.4000936,-6.0139265,-8.516583
5.6696954,-5.442996,-7.065385
5.261615,-6.050658,-7.689802
5.418474,-7.0685863,-7.252635
3.3183427,-5.241871,-3.739616
4.2551684,-5.5391355,-5.2971025
4.0025907,-4.840208,-2.155343
2.746011,-4.890918,-2.8376143
3.472628,-4.6937647,-3.9075027
2.1274953,-8.444422,-3.3066225
6.668339,-8.423401,-7.0651484
4.616824,-7.6548424,-5.9094753
4.1406107,-6.425416,-4.226759
1.9073181,-7.7818007,-5.422181
0.7238765,-9.094731,-4.5748534
3.1046083,-7.6137104,-6.187663
2.737053,-10.9555435,-5.5677423
5.2129583,-10.423891,-4.387919
0.6211872,-9.180931,-2.26185
4.0316277,-7.8069324,-3.5877545
2.5852363,-6.841383,-0.7061542
4.334883,-7.8229904,-4.2183657
4.0489035,-7.4944363,-1.5667104
3.6973245,-6.7046814,-1.069025
1.0088313,-8.790463,-3.415767
0.07081914,-5.1438775,-1.8299172
0.4402604,-5.7424135,-3.8165724
3.2742517,-7.2588325,-7.135553
