yaw,pitch,roll
-19.066298,-16.627754,-21.165407
-13.650335,-11.126114,-24.059677
-15.078608,-15.21487,-20.068546
-16.7222,-18.24336,-21.366886
-17.8142,-17.717373,-17.556934
-14.08885,-18.670223,-20.015766
-13.453158,-16.616667,-20.318878
-16.03193,-13.448326,-16.263428
-17.522951,-12.993886,-9.663808
-12.500384,-9.182919,-18.177017
-13.82513,-15.454315,-18.38393
-12.865524,-10.635251,-15.59664
-13.560138,-20.575737,-17.218472
-15.647063,-17.516907,-17.057117
-11.300232,-13.2517605,-16.567043
-12.621639,-14.175482,-17.61047
-13.648434,-7.747053,-15.702794
-12.008178,-12.632014,-18.060003
-19.243599,-22.659554,-17.709972
-19.12301,-16.849394,-17.457474
-20.435751,-19.294949,-15.647097
-16.366001,-16.322243,-19.820833
-12.636768,-13.316341,-16.496828
-17.958778,-21.846882,-15.248968
-16.344917,-18.457611,-14.567524
-20.991997,-15.970139,-18.574265
-19.7113,-18.333887,-20.322067
-19.682505,-15.608141,-17.012259
-15.058067,-21.405685,-17.48698
-15.491969,-21.197563,-16.337645
-13.166599,-17.37997,-18.911564
-9.7266245,-19.66578,-16.425777
-15.292418,-14.483848,-15.313352
-14.911451,-21.71714,-16.373226
-16.624723,-20.788473,-16.18806
-19.519974,-15.93995,-14.001585
