yaw,pitch,roll
-3.6357865,-14.357498,-9.869009
-6.349294,-12.755499,-10.622538
-17.216661,-13.275242,-5.2455072
-17.886257,-16.333866,-8.985399
-18.477121,-12.412275,-5.217919
-13.463211,-10.978078,-5.232663
-15.568411,-11.227986,-4.7130227
-16.058992,-12.175564,-2.491197
-15.817257,-10.626685,-4.195489
-11.936682,-13.755656,-3.3254201
-14.3667345,-18.277798,-1.7003465
-14.952268,-20.387417,0.0971899
-13.322659,-19.955029,-4.0015264
-12.578766,-14.663717,-2.6787744
-8.161445,-14.984396,-2.2902958
-7.889721,-12.623577,-5.2427382
-10.182456,-15.478731,-5.476423
-7.2110577,-17.10809,-3.9475136
-13.828945,-15.389187,-4.559112
-8.16914,-15.15248,-4.07321
-10.982797,-15.588766,-3.7900255
-3.3778017,-14.628542,-6.571969
-9.242196,-19.320097,-4.266589
-5.5151887,-20.068562,-4.863763
-8.49436,-17.827759,-6.2311134
-4.811382,-13.853428,-7.353783
-5.8855214,-15.557375,-5.551961
-7.0812154,-15.546568,-3.269482
-6.6460094,-14.94976,-1.1112963
-6.274786,-13.900202,-2.8417163
-2.7421503,-14.180406,-4.725916
-1.8765681,-14.905563,-4.664575
-3.122479,-14.598818,-2.0343642
-4.067982,-14.790824,-1.4367803
-3.1018229,-14.893377,-2.560041
-2.9206314,-15.933915,-2.0337934
