yaw,pitch,roll
-10.611773,-4.717802,8.166182
-10.763535,-6.470194,7.0230465
-10.164467,-5.048941,7.189721
-10.133441,-4.2091017,7.517713
-9.583839,-2.9779224,8.820017
-7.9273667,-3.1028695,9.149355
-8.750291,-5.7253833,7.0763245
-12.897641,-9.489428,6.3985147
-11.161393,-7.230607,5.5759816
-14.51241,-6.438652,1.2476819
-18.724453,-3.2868469,3.3774788
-12.076384,-4.30301,-1.7775838
-11.103453,-4.360456,-0.61412334
-11.265753,-4.779541,-3.532741
-11.451765,-2.763269,-7.390244
-12.139927,-4.475253,-6.273024
-0.6204815,-8.303732,-9.504895
-8.512354,-10.873051,-12.629764
-7.3742747,-9.886107,-11.705725
-12.055908,-4.6325836,-12.85379
-13.368536,-5.976688,-10.506493
-9.210196,-7.176448,-13.947073
-8.869089,-13.028,-13.616013
-3.2915115,-13.231504,-11.863105
-9.819033,-11.806192,-9.772005
-9.730207,-2.904613,-9.961201
-10.677028,-6.2981935,-12.305613
-8.962379,-11.121895,-10.824459
-9.154057,-14.028732,-13.323206
-13.582443,-8.224913,-10.467431
-8.931483,-7.823304,-11.144582
-6.963621,-14.760164,-11.101337
-10.0439825,-14.156599,-14.154003
-7.442074,-13.856225,-14.747272
-13.359854,-10.687163,-13.535925
-12.070183,-9.081433,-13.310774
