yaw,pitch,roll
7.9128394,-4.159207,4.459973
5.157785,-6.1843786,0.6225204
6.2699695,-6.370037,1.7343806
2.538011,-6.785538,2.9787173
4.573591,-5.395307,4.5449295
3.299605,-8.126102,3.605727
5.4636517,-5.4509063,5.5412683
6.855067,-5.1693993,4.0261636
4.2541313,-2.1208181,-1.9320809
3.886589,-2.7564857,-3.5080032
5.600547,0.33175915,-4.037476
6.30057,-0.49810278,-2.3452191
4.9142537,0.2745387,-2.3509378
4.58833,-1.984283,-3.7785091
5.756324,-1.03559,-4.7515907
5.8378096,-0.21951734,-3.4711142
4.9356775,-2.406052,-1.4090534
7.6047935,-3.5112004,1.7237906
0.9627378,-4.2070346,0.3932867
7.322835,-7.0934944,-1.8221178
5.687747,-5.3724866,-0.5789756
-0.2089786,-5.104344,8.86987
0.69518983,-1.8372308,7.068217
3.6905477,-4.821853,4.371983
-0.022178173,-5.102022,1.2423902
-4.6651587,0.5326447,5.2721863
2.2640455,-7.317086,-2.3936095
3.7142808,-5.787325,0.95456386
0.659328,-5.387324,5.166363
-0.848264,0.7030008,6.4297457
-2.3504267,1.9356275,5.5948925
-0.10304284,-4.6653,1.9246563
4.713599,-2.9467015,2.2027843
0.5343443,-1.9095638,2.6372206
-3.9220076,-4.641042,1.2648814
-1.4074153,-5.6305676,-0.28363407
0.17106771,-6.9931974,1.1194468
-1.4309969,-6.46778,4.1069727
2.3098166,-1.4423114,1.9579957
1.5713348,-3.601987,2.7292793
0.4960909,-3.6851373,3.4375706
0.33145285,-2.7818465,4.0543756
3.392019,-0.98944414,2.0778465
2.1742504,-1.4087768,1.6512259
0.96046925,-1.366048,0.7505088
1.4619823,-2.2464132,2.53894
0.7625203,-2.6766567,2.043522
1.5359149,-2.6625009,1.8943911
2.8592699,-1.1685977,3.5380802
0.19290209,-1.2026591,2.0748749
-0.80061245,-3.1437547,1.748326
3.0991712,-2.4769137,2.10431
1.4441175,-1.7781761,0.15742576
0.6674371,-2.6538646,1.9174738
2.0301137,-2.8668046,-0.17127144
3.1485124,-1.8998243,0.6058393
1.2315798,-2.3030746,0.6067982
-1.0345526,-1.7232589,0.399208
1.0511765,-2.4155974,1.7362409
2.1406193,-2.6597347,3.2625656
1.0782642,-1.8000846,1.6313705
1.1851852,-4.0551367,3.3343248
0.69454455,-4.833105,2.916492
2.7311995,-6.3385744,1.040223
2.6337073,-4.4757676,3.8472605
1.5948138,-5.8447967,2.2697678
3.7734153,-3.6931064,3.72024
2.326117,-3.6296487,3.380455
1.0519173,-4.609379,3.7633119
2.5338035,-2.7560418,2.6687784
3.3554242,-3.0689034,2.7792168
2.231564,-3.3822367,3.6940134
0.35875463,-6.0555544,1.4895012
0.7255621,-4.5223846,1.4823358
-0.7604594,-5.308669,1.8964322
-1.5718141,-5.596036,1.1930145
-0.6999903,-6.4230223,-0.8291819
-2.4528584,-4.3553963,0.19221383
-1.8359838,-3.270548,-0.15419692
-0.49144936,-1.8913741,-0.4483258
-1.7664461,-1.5124083,-1.3901806
-1.7827911,-1.7786705,-1.4255869
-1.2047415,-0.8231265,-0.6105103
1.3611109,-0.8181299,-0.5761859
1.7277308,-3.6183543,-0.2799557
0.027074814,-4.7352943,3.4431083
-2.1210103,-2.6989331,0.114853084
1.6978261,-2.3067145,-0.85709035
0.04668951,-2.8711343,-1.03866
-0.50364804,-3.2924423,-1.1292865
