yaw,pitch,roll
-9.240288,-9.075058,2.6361191
-5.348978,-8.883875,2.610533
-9.877378,-10.211279,2.2770326
-8.461242,-8.333538,2.1452668
-9.771256,-8.505417,1.7696927
-10.054565,-9.901117,2.0157146
-9.273521,-10.467949,1.9171078
-8.82058,-9.99277,3.1868837
-8.940361,-9.981066,2.9167776
-5.729815,-9.871532,0.8057426
-7.94848,-10.178834,1.415761
-6.4121056,-9.785243,1.4787241
-5.5993643,-9.338593,2.1443357
-5.5226593,-6.8645062,2.1024218
-5.2727065,-9.8719845,0.54228437
-3.981028,-8.548607,3.6979175
-4.8666058,-8.155331,3.936956
-3.313345,-7.7459683,5.210382
-5.560344,-7.762989,4.5690646
-1.4081882,-7.430483,5.1815233
-0.70426273,-9.633734,3.8320642
0.1292646,-7.785193,3.7280476
-3.950251,-8.459432,4.1075864
-1.9613507,-6.5951443,3.0305939
-4.751215,-8.010162,4.33977
-4.9390426,-8.216258,3.4873347
-0.9797298,-6.0727224,3.6600032
-7.2042212,-8.009207,4.7890716
-10.126605,-10.186426,1.6436616
-4.5303693,-6.1311054,1.5160911
-3.9872177,-5.7327795,1.6309147
-1.4916682,-5.700894,1.2932842
-3.1434221,-6.2058563,2.1347888
-2.92668,-6.77686,-0.022271872
-3.4681587,-8.09934,-2.642047
-1.5378273,-6.7872534,-1.0446296
-7.3850193,-8.768191,-2.5085375
-19.419258,-8.386218,-3.7926779
-3.4965844,-10.238712,-1.1970361
-2.4911778,-11.478106,-0.24541426
-15.1923275,-12.838379,-0.85006326
-10.010541,-6.434981,-0.52234185
-11.082574,-8.881891,-8.5815115
3.047286,-13.145121,-7.3008804
-0.6253884,-14.108749,-9.405688
-4.3314114,-12.910063,-6.6709986
-9.048904,-12.673748,-11.980047
2.5474448,-12.914593,-9.853147
-12.8811,-11.913253,-11.725983
-3.8465993,-14.316412,-7.3669457
-13.406429,-10.850021,-11.439059
2.4770303,-15.168133,-10.535951
-2.7011435,-11.785932,-14.230632
-4.7411666,-16.335516,-9.40194
-2.7111952,-10.351084,-8.930479
-11.483578,-14.757096,-9.068715
-8.605054,-14.924918,-12.957179
-0.8849914,-12.25448,-10.967496
-10.436597,-14.332035,-11.701086
-4.316077,-14.335597,-10.245392
-1.8124633,-13.975894,-11.660019
-3.9566321,-14.03322,-12.771849
-8.922005,-18.130783,-12.591809
-4.418815,-11.616749,-14.283814
-4.9513903,-11.687996,-12.458578
-3.5860682,-13.044096,-11.479
-8.118969,-13.370647,-9.119192
-3.0801566,-15.122625,-10.425914
-4.9572325,-13.376074,-10.700152
-8.551151,-14.41263,-11.616555
-6.0396967,-16.239704,-11.046756
-5.0672283,-15.841038,-10.054671
-2.8006992,-17.2798,-9.985054
-6.5425816,-16.32389,-9.6581335
-7.6218367,-16.520267,-10.295343
-5.945135,-16.439484,-9.137131
-5.466834,-15.72032,-9.287784
-3.6850982,-16.520428,-8.919693
-3.6859372,-14.935446,-8.796457
-4.087467,-16.603714,-11.282152
-5.3983703,-14.293608,-10.867229
-4.6307955,-15.920961,-9.279909
-8.898441,-19.17635,-6.427665
-8.318586,-19.688969,-10.983545
-1.03024,-19.815247,-9.480898
-7.325933,-17.959642,-10.317154
-5.9138165,-17.619198,-9.664904
-5.871225,-18.324146,-9.496985
-2.0005,-18.911121,-8.089731
-1.4603882,-17.868305,-6.441883
