yaw,pitch,roll
6.418015,-9.586158,-10.047316
10.872879,-9.282063,-10.627554
8.633394,-5.8874807,-8.964939
2.183286,-6.526771,-11.353984
7.197329,-8.555974,-7.468769
3.9912748,-8.916052,-7.802742
5.3384256,-9.851408,-4.467563
-1.4699545,-16.805708,-1.8441668
-8.3351345,-24.372585,4.2409506
0.27127767,-25.14127,-3.0964327
-3.0434155,-25.1376,-3.4216514
-20.750809,-12.302186,0.42817396
-7.246624,-11.321545,-6.178032
0.4147501,-9.869637,-7.168499
-15.269561,-10.409239,-2.8365092
-9.040556,-20.924013,-4.9232283
3.92023,-25.336405,-1.8678725
-6.5011945,-18.341091,-1.637876
-5.1890793,-12.880529,-7.4087715
-1.7730489,-14.082441,-4.971502
0.79046726,-12.798891,-3.674733
-0.36801744,-11.387417,-3.1519072
1.234191,-18.146854,-3.7449188
1.8956959,-17.579277,-2.703024
2.8221908,-17.440996,-4.0964646
3.410665,-17.622843,-5.414797
3.3251073,-17.861603,-4.0228004
2.2009056,-20.177952,-5.64559
0.96892095,-18.122242,-4.599491
2.1521554,-18.475393,-3.6732895
3.5162787,-17.597095,-3.8045642
3.9965684,-17.412666,-3.614763
3.2395742,-19.047386,-3.5121999
2.7720978,-18.730064,-4.2600284
3.727337,-16.844246,-2.1848416
2.2290993,-16.727663,-3.5668554
