yaw,pitch,roll
1.4421518,-6.9242253,-13.910962
1.1242712,-8.147009,-13.78234
2.0934927,-6.033022,-13.320097
5.2129364,-4.205237,-10.857858
3.0059059,-7.137103,-13.917777
-3.9849153,0.6254039,-10.51955
-11.958356,-2.6553242,-10.928274
-11.318819,-4.235176,-11.9482
-13.184555,-10.697376,-14.691854
-5.712595,-6.7590475,-13.816431
-7.0837126,2.9191594,-16.494793
-9.0711975,2.889163,-15.983025
-3.5394661,-9.170633,-13.476877
-9.206653,-10.153453,-12.068181
-20.825687,-2.33943,-15.709271
-17.652351,1.299542,-16.541126
-12.824474,-5.4096975,-17.027525
-16.104294,-14.163849,-14.67566
-15.309995,-7.5971475,-14.781437
-20.933514,1.466268,-18.282852
-25.803106,0.8159363,-17.678562
-20.055607,-8.705492,-20.188904
-21.970697,-7.3653383,-18.823671
-27.71647,-7.001525,-18.181719
-27.493477,-2.4488773,-21.12846
-30.16396,0.6440046,-21.130085
-28.976404,-1.7810767,-20.934212
-28.14082,-1.0453633,-20.537426
-30.253208,1.3182496,-21.436335
-27.240633,0.8534764,-21.11283
-30.535105,-1.7762374,-20.883026
-31.71009,-3.3120408,-18.760204
-33.50867,-4.253451,-19.699375
-31.42078,-3.5705278,-20.293129
-24.806839,-2.843866,-22.289013
-24.811747,-2.3449159,-21.528656
