yaw,pitch,roll
5.326339,-10.700426,16.573536
-2.5954657,-7.6257443,21.129326
6.2402835,-8.444225,18.183477
6.176536,-6.71482,19.608059
5.1473546,-7.089113,16.975904
5.064104,-9.36418,19.648066
3.1228833,-9.487543,16.71825
7.2339845,-9.634781,18.502594
16.93695,-11.79052,12.666431
15.24581,-3.802188,12.864415
15.7486315,-1.2644408,14.310982
8.848911,-10.460608,15.881624
16.30439,-14.244338,16.557318
21.471153,-2.8137386,15.828468
15.969116,1.8054179,23.090393
11.858115,0.16458759,18.864193
14.907963,-5.5729256,13.696091
27.733047,-10.219826,14.095253
21.40157,-12.27904,15.890061
18.775497,-7.541894,20.78657
13.50828,-4.3688817,15.444778
15.734112,-0.8200494,21.797367
22.436195,-4.237681,10.5838585
30.888569,-7.668317,10.987569
30.807037,-11.053843,12.822353
24.57119,-5.6641283,13.825459
28.915218,-10.189052,13.038932
18.961216,-8.509073,12.448204
20.38208,-8.6236105,15.789335
19.114182,-10.58106,13.734883
13.63191,-9.070391,19.364912
14.938056,-8.82048,16.46226
14.436526,-7.495914,20.05441
14.108486,-9.92848,17.170769
14.940269,-9.413819,20.449991
9.68619,-8.838902,19.68766
