yaw,pitch,roll
-1.1216099,-0.7210058,5.6646295
-0.6205499,1.0653938,5.8753896
-0.45711923,-0.1132192,5.0204244
0.15476084,-1.1453699,5.360776
-0.579499,-1.3474296,5.1959343
0.7859397,-0.66664565,5.4804077
0.41346693,-0.042000055,6.0517263
0.8960247,-0.30372608,5.4689775
-0.6654782,-1.1898706,3.3399997
1.915942,0.3568142,4.2147536
0.95201635,-0.51673937,3.500177
3.6481318,-2.743068,1.9346483
2.2631652,-4.2154346,3.3649125
-1.3177929,-4.177764,5.2577696
-2.1723952,-5.37492,4.7107635
-1.1438112,-5.8788843,3.6253147
2.1906993,1.165644,5.0783505
3.687538,-2.9136114,4.2896824
0.9453559,-5.2741947,5.4666066
2.5003147,-2.9844067,6.803127
2.2928143,-4.655485,5.3399005
3.7251484,0.092782855,4.530659
-1.4544313,-4.3160863,6.862917
0.9438076,-2.687474,5.38247
1.2726669,-3.7595518,4.180571
0.6236584,-5.101207,3.7335954
0.06300545,-2.8613489,4.7929935
0.7316284,-3.1395943,6.686825
2.8322525,-2.0927434,5.122384
-0.3554511,-2.4605706,5.523699
-1.4785535,-1.8879428,4.7101517
1.4488792,-2.917786,6.9073935
-0.6683545,-3.5627813,5.737454
0.00044059753,-3.5105557,5.627607
-1.667073,-3.4210482,4.652011
-2.6057749,-4.243743,7.711174
-1.086523,-3.7725544,4.3227034
-1.2147315,-2.9600577,3.3136463
-1.7190528,-1.7314935,5.5651855
-3.1132455,-0.74842596,5.275671
-0.57971334,-2.0320191,5.0821285
-1.150507,-3.2212355,4.083684
-0.45344973,-2.844591,5.4528356
1.4362366,-2.5026467,3.914051
-1.1100636,-0.5926001,5.0420594
-0.85428286,-2.6296525,4.196586
-0.78660774,-1.4020963,7.3466883
0.0029621124,-2.1308463,4.8139267
-1.0330014,-2.7881417,3.6384988
-0.7808218,-3.2572155,2.9876142
0.3173449,-2.2504687,4.6265616
-0.61294746,-3.5985436,4.5700326
-0.61605096,-2.421653,4.7883444
3.2438266,-2.3326979,5.3727274
3.1504657,-2.7967153,3.3391666
3.516148,-3.6955605,3.408882
1.4934683,-2.6222048,3.5171175
1.9698892,-3.958324,4.172597
0.5237856,-2.8649726,5.2857
1.9198983,-3.8957455,5.4751577
1.5055358,-3.9369204,3.2928019
0.8194196,-4.148237,4.3513536
1.5130274,-3.7914233,5.071308
-0.48680758,-4.643259,2.7307782
1.1666975,-1.5675216,5.645218
-0.62905645,-4.763383,3.6159205
-0.92261696,-4.769534,3.7817416
-0.4422841,-3.8780155,4.3718085
1.1874418,-2.1888587,5.951028
1.9665315,-3.7963467,4.7923365
2.7323258,-2.232891,6.2837124
1.6120892,-3.3094358,4.901285
1.006423,-2.9104419,5.882619
1.5894754,-3.7610717,4.098711
1.9239879,-3.0700576,6.533149
2.1541252,-3.9213114,5.746208
1.5953395,-2.942629,5.9700994
1.2660644,-4.8933535,5.1342616
2.4139128,-2.7640355,6.3024015
1.5403066,-1.3152102,6.7878323
2.0198874,-2.8292875,5.57597
1.4237051,-2.1835146,5.0618954
2.28536,-2.7879791,4.9346213
2.6365974,-3.4094903,5.6117353
4.0045037,-1.5861299,7.4511433
2.8332083,-3.7428524,4.4052715
4.8829436,-2.12045,6.342611
4.137024,0.18953243,7.493058
5.188581,1.4611468,8.844188
6.6326456,3.0504732,8.174595
