yaw,pitch,roll
-32.93224,-8.993349,-9.471813
-30.27828,-4.228882,-15.784777
-29.166462,-8.742905,-10.306019
-33.5918,-4.5138884,-11.927572
-32.62178,-6.4584436,-13.159593
-31.381859,-11.248104,-12.109066
-23.20986,-18.48912,-2.8479905
-19.089363,-21.514141,-6.5835333
-20.853874,-24.373795,-2.189505
-26.756584,-22.954914,-2.7530262
-21.149427,-21.3253,-7.6042175
-29.447584,-17.50956,-2.3235102
-25.52203,-22.198666,-1.6663326
-22.463863,-18.288141,-1.2493696
-23.681442,-20.545984,-5.276003
-25.662085,-21.694477,-0.9894841
-21.64173,-21.155315,-0.446275
-26.928778,-21.779934,-2.019507
-27.041502,-22.783052,-2.053224
-29.206013,-22.773598,-1.2681108
-27.549175,-21.167175,4.59823
-27.496021,-22.11801,1.4916263
-25.643173,-19.64738,-2.3816085
-30.168873,-20.544224,3.2005463
-25.124464,-19.631317,-3.5165374
-19.950333,-18.488699,-1.5254014
-25.373323,-22.664474,2.4212444
-24.939026,-22.365614,-0.84440374
-20.93945,-22.683678,0.07903868
-26.071537,-21.24303,1.355994
-25.656773,-22.646065,-0.20982862
-23.312052,-17.074896,0.08049035
-23.236063,-23.807346,1.0687865
-29.073463,-14.92877,-3.0350413
-27.432825,-18.50305,-0.05325806
-24.257261,-22.091211,-4.5230513
