yaw,pitch,roll
7.2652903,-8.690792,-20.403065
6.7865295,-6.5979824,-21.390362
3.5886364,-7.214696,-22.108814
6.189673,-9.8063,-20.679031
4.534591,-11.2947,-20.354641
4.485574,-10.60866,-21.683392
1.6315937,-10.321385,-21.660206
0.68801475,-6.878659,-21.689287
-12.723661,-4.3434725,-14.911449
-10.013408,-0.9830165,-16.406471
-18.552635,7.5217094,-15.459322
-4.3610916,1.7355249,-7.9927435
-13.144417,-13.867344,-11.627893
-12.707332,-18.373758,-2.8110898
-17.252552,-13.684584,-5.659294
-13.905918,-21.693827,-11.866277
-18.768562,-7.775386,-3.645568
-22.761322,-5.5641046,-9.441167
-19.731524,-11.029481,-6.1429987
-21.854973,-2.639898,-9.513258
-24.515467,-9.221457,-5.3555145
-20.070717,-7.624539,-7.5974183
-15.139049,-12.659752,-8.3561535
-16.993504,-18.755898,-4.03051
-5.760315,-25.177723,-6.2655807
-11.646114,-20.988506,-4.0711293
-10.051283,-14.566017,-4.980818
-6.6470346,-9.806831,-5.893892
-7.4843636,-7.225114,-9.947845
-5.2839303,-12.905557,-15.951445
0.3248093,-9.912604,-18.291351
0.9147725,-9.883681,-14.68169
-2.5998511,-12.792786,-18.03065
-5.4624667,-11.970963,-15.791863
-2.5257993,-10.974581,-19.515442
-2.9007335,-9.755835,-17.369862
