yaw,pitch,roll
-15.678384,-16.662687,10.749817
-15.333567,-16.48662,10.573579
-16.448067,-16.656338,10.045994
-15.625111,-16.247684,9.884076
-17.379347,-15.414157,10.691766
-14.805725,-15.2738285,10.586172
-14.868336,-14.24097,10.105568
-12.820236,-13.614729,11.198065
-11.141978,-13.156355,10.703638
-11.018293,-14.646103,10.780022
-15.515534,-11.888468,10.483917
-11.826926,-14.218464,10.544355
-7.658674,-13.527279,10.81542
-10.965666,-13.992757,8.215579
-10.929899,-10.775117,12.07894
-13.794939,-16.618942,10.761124
-11.271485,-14.480757,11.424844
-10.84397,-15.662056,9.253439
-11.021721,-13.379473,10.40945
-14.861633,-12.174926,12.271532
-10.927307,-10.483551,11.65753
-13.243965,-12.510801,11.97925
-9.186614,-11.8395,9.440882
-9.604274,-11.641417,13.054923
-12.409428,-11.186888,14.395456
-10.974766,-13.526161,13.23629
-14.14986,-12.27272,12.417946
-9.443942,-13.034171,13.367136
-7.0445204,-12.7745075,13.1363735
-12.417696,-10.596463,14.021567
-11.7675085,-11.705557,13.717402
-8.553373,-9.54289,11.373188
-11.075858,-14.114083,13.984741
-9.033674,-11.655186,13.014508
-6.5516467,-10.395811,10.804722
-8.339657,-10.578529,11.810667
-12.49652,-11.348988,12.434254
-5.489463,-11.129504,10.8038645
-6.802755,-10.999465,11.58523
-6.359964,-10.705518,11.568403
-8.798012,-9.830717,12.2188225
-2.6762435,-10.186644,11.424069
1.4029756,-11.083696,10.701976
-8.843208,-11.852965,12.886929
-8.832155,-11.388179,13.323906
-10.166676,-11.63674,13.151194
-7.7819414,-13.626772,11.79349
-8.186813,-11.380166,13.118738
-6.110446,-8.2879925,12.370701
-6.0617876,-10.833742,12.838625
-7.5238476,-9.73621,13.647404
-6.7087965,-11.480642,12.749498
-6.128435,-9.477671,12.168584
-6.6678085,-8.659279,11.945223
-5.0062127,-10.10829,11.680785
-2.5042753,-7.5503383,12.280848
-3.2218928,-8.230928,12.25042
-6.4137077,-10.397159,12.34795
-6.161986,-9.977219,12.39657
-7.1275268,-9.321337,12.077091
-6.691539,-8.10387,11.775667
-9.226792,-10.690689,12.950764
-7.7030954,-11.587576,11.208689
-9.761469,-11.021477,12.4172
-7.949438,-11.904897,12.908674
-10.799527,-12.866583,14.374777
-14.744123,-12.317251,13.525896
-15.289591,-12.627642,14.767794
-17.931913,-14.828986,13.310304
-17.240704,-8.687239,11.412809
-14.275805,-7.686056,10.917907
-8.637608,-10.448472,11.431016
-11.788678,-5.9195313,9.890371
-12.114072,-4.777521,9.695294
-10.522463,-3.3834572,10.22367
-13.854681,-4.393256,9.428934
-13.809263,-4.867386,11.102325
-14.24376,-4.0111985,9.757477
-13.801306,-3.8370695,10.765747
-14.249445,-5.659381,11.232569
-15.44809,-4.5456495,11.105888
-15.37541,-6.7752714,11.330559
-12.997363,-4.8316765,10.147585
-14.470486,-7.0545034,11.129861
-15.508097,-6.707595,8.837032
-10.861017,-5.0180163,10.174722
-12.650509,-3.736551,8.775862
-8.470196,-2.8591425,8.41102
-4.7242584,-2.979082,8.623257
-0.5370145,-1.1508796,7.863158
