yaw,pitch,roll
-6.9307957,-10.341016,-1.4542608
-6.100802,-11.329398,-2.4127958
-6.741345,-9.705772,-2.0479078
-11.557234,-9.347969,-3.894342
-7.0368567,-9.366781,-4.8347287
-8.1938715,-8.572918,-3.0326102
-6.423584,-9.6652565,-1.896596
-7.168962,-8.554413,-1.4016802
-5.559,-10.987066,-3.0917952
-4.231348,-10.850191,-2.5323431
-10.92727,-11.09287,-3.0236187
-10.56897,-9.939532,-1.3112869
-9.206511,-8.632502,-3.4543018
-3.9006562,-7.7688103,-0.0024331808
-8.427803,-11.595979,2.7818263
-6.2206607,-12.147961,2.2510836
-9.692732,-9.132875,0.19515574
-10.807432,-9.297062,-2.0408726
-7.9218016,-9.678034,-0.38071525
-5.494942,-9.141104,0.7635697
-11.275234,-9.925785,-0.46607828
-7.542001,-8.131351,-0.28065062
-4.6510353,-9.250646,0.8944103
-10.473219,-9.710178,-1.8863127
-6.2301803,-9.55769,0.54736686
-10.0784645,-8.876378,-0.8963318
-6.7632065,-7.9433737,-0.56918204
-11.641592,-9.612385,0.8840976
-6.9436207,-8.5751705,-0.28597462
-8.250341,-10.293877,0.5580243
-11.775555,-8.017039,0.27420366
-8.658995,-6.8822136,-0.29121214
-10.706858,-10.360558,-0.7327537
-10.079249,-10.098646,0.6626172
-6.962648,-8.530747,-0.48985308
-8.952388,-7.195772,-2.7907603
