yaw,pitch,roll
-29.38449,-17.502499,1.6198756
-31.527042,-18.455599,2.6227903
-29.851786,-18.294857,2.6628933
-26.87526,-15.875598,2.5005922
-30.554728,-21.492727,4.2359705
-26.182882,-22.171028,0.9625572
-25.746613,-21.405598,-1.9008591
-28.575285,-18.941744,6.0359106
-26.691113,-19.13602,1.9167427
-27.662529,-22.109623,1.1843123
-23.284832,-26.323463,-2.5031743
-28.434807,-18.824669,6.0014095
-28.898823,-21.055235,2.5431423
-27.007788,-21.45636,1.5835412
-31.422533,-27.562965,-2.2687035
-30.71365,-21.53217,6.6414213
-27.509193,-20.18354,2.7283926
-29.257395,-16.718391,3.096848
-27.97171,-24.297886,3.0864983
-27.83474,-23.741646,6.315796
-30.344055,-24.497746,4.3816204
-28.591013,-22.973963,4.6760054
-27.140123,-22.222237,2.6247754
-30.36641,-21.12218,6.5682077
-29.879839,-22.112663,5.3119774
-30.742268,-20.601276,5.0243073
-29.147879,-21.105389,6.7568865
-29.02639,-21.310673,6.429965
-30.447197,-22.692482,7.0271873
-29.626696,-21.741917,6.467826
-29.007215,-21.585941,6.444981
-29.483524,-22.329672,5.8918457
-28.502691,-22.115019,6.7988424
-27.32166,-20.477581,5.3053246
-28.585594,-21.315266,5.1214547
-26.780804,-23.039137,6.7897973
