yaw,pitch,roll
4.897567,-6.2190065,-7.2415943
1.8147221,-4.181169,-8.448908
5.109274,-4.9681954,-10.399504
5.9210825,-3.0721576,-8.174192
5.2408524,-4.0355244,-8.154711
3.0589356,-3.5809188,-8.280342
0.5692582,-7.354352,-8.430147
0.27969885,-9.406587,-3.204492
-8.919457,-12.09103,-1.9133143
-6.6040063,-12.548649,-2.224853
-23.065834,-4.612552,2.2948148
-29.308697,2.7733824,-1.5488112
-3.2733307,3.0568936,-5.7070084
-8.035184,-4.0550566,-10.175649
-21.453506,-8.056086,-6.5628624
-4.6419296,-11.173506,-7.079262
2.5396304,-14.495604,-11.664612
-10.581944,-8.07282,-9.891387
-12.40153,-0.8908291,-13.264149
-14.679317,-1.7347713,-5.7880254
-7.516336,-1.341546,-11.092076
-10.684395,-2.8355734,-9.754007
-10.666002,-7.9661303,-8.391029
-2.7391276,-12.23942,-9.23598
-6.6064515,-10.268913,-8.759856
-6.235817,-6.790818,-7.322882
-6.5806565,-1.8217757,-13.723183
-8.711857,-4.3188767,-8.093296
-11.864758,-2.309137,-8.554365
-4.6435227,-11.585676,-6.728102
-6.1042733,-12.486944,-7.73651
0.3629067,-12.63025,-9.398896
-7.6591134,-8.442067,-11.819191
-9.501841,-4.6047316,-9.093586
-4.0008593,-1.7074811,-15.427867
-9.590773,-3.8107886,-14.234741
