yaw,pitch,roll
10.46506,2.6287951,-20.369328
10.351894,5.755947,-25.19733
22.295086,6.134444,-24.292437
17.895197,2.458212,-19.619595
17.496315,5.8355317,-18.352608
19.306744,-0.2760477,-18.490202
12.601918,-2.6178463,-20.468842
13.89048,-8.045216,-15.729113
2.121734,-15.878695,-19.654055
-2.1357365,-12.277969,-17.59266
12.967541,-8.856106,-19.355175
15.371304,-6.8715954,-24.213459
15.713487,-7.546611,-21.259792
4.351871,-14.624836,-22.86984
6.054844,-13.069155,-19.387182
15.403807,-10.567145,-21.457703
18.071499,-7.1011324,-25.70109
9.75452,-8.085082,-17.822083
-4.252541,-14.318613,-21.041664
-6.685418,-21.781708,-18.744366
6.5696297,-8.181308,-24.087528
6.591193,-13.193182,-23.844543
9.537179,-14.896996,-22.325035
4.7426944,-17.03881,-18.640373
3.0794487,-16.10111,-21.279701
5.8518224,-14.662791,-20.68179
0.59349936,-15.40141,-24.992466
2.9593701,-13.697973,-26.056248
4.533093,-16.760939,-19.83369
2.3768206,-17.353611,-20.61906
3.3003983,-17.161772,-19.729794
5.571724,-16.295853,-21.933418
7.3674917,-17.852264,-18.22091
9.941089,-16.25104,-17.1898
5.494833,-14.80718,-21.789745
7.4203997,-14.395217,-20.247051
