yaw,pitch,roll
-4.5231433,-6.9115243,0.7481534
-6.6076155,-5.7310104,-0.54987997
-5.4563813,-5.935247,0.4367022
-4.8054543,-6.514804,-0.74625015
-3.6665382,-6.5140667,-0.35898378
-3.8812282,-6.9057336,0.07424772
-4.0083065,-6.81616,-1.0988489
-3.8904667,-6.700792,-0.40372428
-4.321615,-6.925415,0.09967357
-8.147861,-10.900333,-0.5671083
-1.3684072,-16.173494,4.4437685
-18.751673,-12.550851,3.710822
-0.4654448,-6.768788,-3.447831
-0.95144796,-9.144968,-2.1221836
-10.596621,-10.243544,-0.48762786
-0.0698154,-11.0391655,-0.12604475
0.1577282,-8.787296,-2.0724466
0.85088205,-10.548544,-2.317263
-12.216617,-10.396149,-1.9081168
-3.7220507,-12.471472,-5.0159063
1.6927223,-10.313757,-1.3350031
1.1875925,-10.076074,-3.113463
-0.18115282,-13.006067,0.9191482
-2.7105706,-13.956116,-3.1852593
-3.1783051,-11.949275,-2.5715594
-0.9625728,-15.058111,0.3213511
-1.4431243,-13.494925,1.9237078
-3.416356,-11.661924,-0.7418879
-1.0863152,-12.604486,0.22192949
-2.1114469,-15.1565,-1.3295827
-2.214498,-13.505276,-0.40944028
-3.3023252,-12.780166,-0.3576584
-1.2969322,-12.268725,-0.44698393
-1.1074703,-11.504677,-0.8886175
-1.94223,-12.720501,-0.22989988
-1.3091476,-14.166379,-1.0347811
