yaw,pitch,roll
0.3601268,-12.943651,5.468542
1.6244696,-13.759942,6.2823286
0.3972406,-13.89571,5.6546764
0.28650922,-15.112974,5.719868
-0.42163408,-11.539885,5.9684286
-2.0111585,-12.575861,5.4327216
-1.0729958,-12.014202,7.2032337
2.422801,-13.618368,7.6846023
-2.3570545,-14.51829,8.944548
-1.0816774,-13.0278635,5.9809
0.1819967,-13.555719,7.158677
-5.246915,-10.73588,5.565163
-3.39811,-10.099824,5.9544916
-3.10221,-9.658325,6.839408
0.6299394,-7.8911967,7.210413
-1.6285746,-9.891374,6.05336
0.08240237,-8.106026,7.6247954
-6.909689,-7.761347,6.544899
-1.361134,-6.642372,8.038431
-1.3222346,-6.5000443,6.652093
-5.182976,-7.569866,8.200251
-1.6750345,-10.212431,6.486109
-2.7433934,-8.092293,6.249079
-0.08811952,-6.156797,7.8996058
-0.89496756,-5.3922796,7.760626
-3.2416337,-6.72497,6.9675546
-4.0954494,-8.343492,7.555556
-2.063015,-9.8632145,5.987847
-0.94041544,-8.196701,8.105164
-3.9770188,-8.414845,6.506229
-3.12395,-7.184022,6.5945854
-3.7484846,-6.527458,6.2458544
0.52603257,-5.1855974,6.9909344
-4.3012266,-8.896393,8.571339
1.5765026,-10.972772,6.697631
0.22507477,-8.994602,6.701544
