yaw,pitch,roll
8.529591,-12.743553,5.733627
6.381859,-11.775555,2.254636
6.899914,-9.70553,1.8048737
5.7161403,-9.918718,3.6234407
8.270147,-8.954199,2.6294103
6.019197,-11.9082775,0.4352907
3.5606356,-10.967098,2.2575674
3.636514,-11.625975,-1.2940602
2.8646722,-10.8039,0.89313173
0.97615886,-10.907022,0.77239585
6.607455,-16.986855,5.4136267
6.7243767,-12.15921,3.2585015
2.1170797,-11.815306,2.5230362
-11.361397,-12.46525,5.090968
-2.1325836,-16.16514,1.5149946
-3.1039758,-16.573421,2.0495496
-5.617925,-17.55284,6.8434806
-1.6957567,-17.891348,-0.7963711
-4.869474,-17.769335,4.253897
-0.60520947,-15.137054,3.8895009
4.1209483,-14.787551,1.1543169
-0.41671944,-17.675896,2.3571725
7.0052853,-15.878334,-1.9770434
0.17555046,-18.19032,4.4493475
1.8730936,-15.19489,2.88276
2.9149213,-14.787695,5.8237343
16.212933,-21.611336,-2.3296506
1.9305129,-17.618624,5.9276123
8.730635,-15.379896,3.518527
5.8463416,-17.845016,4.3743534
5.0848227,-21.686796,5.025752
3.2702346,-18.667645,7.152972
7.522153,-18.885447,1.8703594
1.4647584,-19.104023,7.3465343
4.4728036,-16.30164,5.227015
2.7271323,-20.635406,6.103179
7.0911207,-20.872013,7.001969
7.043542,-18.787086,6.761547
7.0775256,-14.643717,4.956378
5.4985037,-19.023762,6.4113784
-0.58791924,-20.971367,6.7022533
1.310462,-20.64597,6.1220865
5.1229296,-16.708025,2.7025316
2.5945039,-15.204446,2.783411
1.564352,-18.581352,4.600727
4.8379717,-15.338019,2.4207573
0.74424314,-18.520721,6.3380213
0.90217686,-18.805746,3.1792927
2.7047734,-20.541298,4.2111044
1.5646625,-19.217588,3.3112247
5.6606407,-17.438904,2.1711125
4.478047,-17.582636,3.5313754
4.0566278,-18.954895,2.6301115
6.158435,-17.956404,4.1111565
4.2327704,-16.175709,3.7179117
7.385343,-15.980156,1.553973
11.424149,-21.790854,4.0371685
9.651448,-18.976936,3.2898057
10.06521,-15.568162,1.8780355
7.4016533,-15.383021,1.7238775
4.3950343,-14.255032,4.5318823
3.7654016,-22.708067,4.5069556
9.06364,-13.652096,1.9618566
3.381721,-15.724691,3.879748
4.6679096,-16.275343,2.6155255
6.3685026,-16.731707,2.7364101
1.3830185,-14.496721,1.8187597
2.768745,-13.889656,2.0583236
3.5620947,-14.375654,3.793941
5.448781,-15.430944,2.5214458
4.432193,-14.674738,2.6939209
5.1097326,-14.42034,3.1095192
4.1695747,-10.986956,2.7005746
4.2837324,-12.514366,4.890087
2.4118466,-13.909002,7.3601265
3.3226151,-14.430756,5.18616
5.165526,-12.510891,5.9681163
6.2819624,-14.6621065,6.4721394
1.6624413,-15.230078,7.564344
4.078596,-13.569441,11.392727
2.0527482,-17.164131,10.420515
2.985252,-15.708725,8.73678
5.9085155,-12.751123,7.9577746
4.1942153,-8.847507,4.8161736
3.352883,-7.932145,4.2131457
-0.45555115,-9.391249,7.8716846
0.7847345,-8.58412,4.224526
-0.39347482,-9.273824,6.5814133
0.26924646,-8.944668,5.037575
-0.42155522,-7.7947516,5.1997066
