yaw,pitch,roll
-27.425112,1.9838873,0.65043104
-27.626965,-3.4545116,-2.7910044
-22.006306,-7.461912,-1.3949066
-23.129406,-6.6583977,0.9060473
-29.730942,-1.4247487,0.58453226
-24.996887,5.2093267,1.8235238
-20.41852,5.1828637,-1.1438491
-20.319454,-0.88172215,-0.6478586
-16.564932,-13.20228,-5.6393995
-17.961567,-9.713005,-5.7178082
-16.44899,-1.3807998,-4.4096885
-21.854816,2.1630063,-9.066725
-23.092419,0.6191738,-14.5150585
-16.118046,-3.935359,-9.610608
-14.126507,-8.532631,-10.8686
-10.377823,-5.901253,-10.234503
-6.4135756,-3.8372743,-11.59654
-15.410933,0.9013943,-16.41246
-11.542931,2.3038597,-14.820866
-14.287831,-3.883637,-12.8905735
-13.44256,-9.407763,-9.263536
-11.70418,-6.0569015,-11.717523
-12.102385,-3.3342676,-16.168781
-9.637117,-3.6226678,-17.542166
-12.358191,-3.8333392,-13.406632
-11.589263,-9.926024,-8.619447
-10.059924,-8.783702,-9.854548
-14.268848,-6.306445,-11.097504
-10.549872,-1.2387556,-13.259493
-16.459297,-3.993797,-11.625407
-15.696328,-6.1212106,-10.811677
-15.980744,-7.109091,-9.035466
-13.056957,-5.3416004,-12.097864
-12.792248,-5.6079493,-11.814795
-10.793226,-5.0104585,-8.64386
-11.211938,-4.256215,-11.4526
