yaw,pitch,roll
-4.440165,8.514883,16.864166
0.35703522,8.35076,17.517893
-3.7086053,7.5480604,17.348213
-3.6515543,9.487077,16.75852
1.7534428,7.214047,17.708948
-1.8472328,7.5440536,16.958054
-1.7335484,4.9145756,16.34954
2.7109122,4.797559,14.916016
-4.869822,8.184778,15.664019
-3.2264392,8.334666,16.18977
2.503336,7.7290683,14.082954
5.9411387,9.633609,14.504383
-17.630096,15.895493,6.554351
0.12965822,11.043214,13.134572
12.145864,3.0749426,14.3364525
13.872109,9.494408,9.733978
18.323689,3.6152427,9.038946
23.431469,0.7867019,13.246048
26.55924,0.9939964,10.475192
11.562593,-4.9863043,8.327483
16.602505,4.013215,13.660324
16.836359,4.0194235,14.179619
6.368705,-0.28582764,10.50979
14.81024,-2.2642357,10.836206
12.865795,0.8839619,14.296314
9.925737,4.308719,17.272072
10.217236,2.1386726,13.887866
12.915575,-2.4008121,14.002098
7.925171,3.206777,13.568672
6.7140965,0.7452198,11.621431
11.398065,2.3814626,12.841267
8.067419,-0.6186103,12.298896
7.309122,1.9467258,15.619231
6.613718,2.988705,15.141289
10.494459,-1.5020872,13.821489
8.220972,3.6730683,14.3168125
