yaw,pitch,roll
30.583805,-4.7849493,11.926554
31.320148,-3.8118386,14.092833
29.745651,-3.628887,10.94735
28.761892,-2.725682,10.88451
29.356485,-2.4340477,12.148153
19.353561,-1.2372205,12.030436
18.654293,-9.939442,10.140465
7.220317,-6.3666315,9.290801
-4.305237,-1.3365309,10.958974
15.545898,-2.6174333,8.229825
14.850574,-2.9479756,6.589987
14.027662,-6.5383577,5.831975
12.095396,-1.0450996,5.1776404
20.099602,0.19410443,4.796935
18.715633,0.7239834,8.000002
10.359262,-0.13565421,3.7476919
13.09067,-5.48494,4.0873485
14.308914,-0.9284775,8.218043
18.12768,-1.1072283,10.531969
2.5115638,5.364373,6.8692174
12.71591,-8.11821,8.245316
12.678618,-2.3542056,7.195861
12.283842,2.6484103,6.1778307
18.53988,-4.192274,10.367106
14.690769,-4.412248,8.152464
7.9111996,-2.4097075,9.00207
9.283127,-8.43696,9.34334
11.1516695,-7.290855,8.714926
0.59165716,-2.758644,12.933181
12.295079,-3.2234063,8.376866
18.372314,-2.0286233,9.013159
13.668508,1.4057543,7.8384056
9.321921,-2.5660243,7.920368
10.802796,-9.333271,9.175143
9.28319,-7.343748,11.773352
15.07048,-2.4721246,10.81999
