yaw,pitch,roll
-3.2212636,6.910314,0.7114519
-5.7921853,5.4989176,-0.3362665
-5.3491874,6.8656654,0.6284524
-9.624484,7.868094,1.2811342
-9.3997345,9.518564,0.953406
-9.606662,9.266901,1.6690912
-7.350884,8.20661,-1.3087087
-11.604218,7.494932,-0.6737725
-10.879536,7.5654716,-1.3532043
-8.64038,7.150374,0.52198076
-8.231543,4.6068745,-0.7500708
-8.696529,-2.2142878,2.0674002
-8.84159,-5.093407,6.1289835
-6.67795,0.7386682,4.2440233
-4.897728,4.3995914,6.941375
-6.7349696,2.6070442,7.3858156
-6.7396917,2.8621633,6.331005
-6.1794634,-1.9321427,5.25128
-2.0628042,6.3920918,8.305464
-3.307335,5.2607646,8.986845
-3.1494985,-0.59379697,4.685714
-0.5380672,-2.7112849,5.637765
-4.226642,5.4667034,4.859357
1.9695513,7.183346,8.733892
-4.3834934,4.965127,5.5479164
-8.376709,-2.498537,5.017827
-4.739729,-0.8360553,4.389173
-0.82443833,4.675456,3.2183912
-0.8434085,5.1095414,6.3152046
-2.684574,4.9274096,6.319494
-7.0228033,-0.03127861,2.7401013
-5.263401,-3.6506128,3.1119437
-2.2006748,3.093131,3.19003
-1.4137375,6.507445,1.878451
-5.1175957,4.5672565,2.2114623
-2.1832213,2.9298875,-0.060540676
