yaw,pitch,roll
11.839143,-3.0895133,1.5458739
10.626732,-2.933536,-0.26797104
3.9021213,-2.7452044,-2.269433
9.347765,-3.0363066,1.2366852
7.7385206,-2.0781922,1.0221945
9.298212,-4.1873097,2.513842
9.745824,-4.7313685,3.3422835
9.702,-2.5780442,1.5200644
9.106974,-5.245756,0.43057656
9.251458,-4.105777,1.3475747
9.248304,-2.4466898,0.29397643
10.5829735,-2.8061461,-0.18656433
2.316912,-0.9053414,-2.3854694
4.1675663,1.5037422,-0.35938108
16.85461,-0.25492036,5.866003
0.016210556,-0.35975152,3.1853082
-2.0170407,1.699761,1.3296664
7.7221966,-0.46060348,3.456625
0.22077322,2.05367,5.553678
5.776917,-3.2682881,0.64878654
1.2357578,-2.7827396,2.6472073
7.0967712,-1.5968282,1.1518903
2.722927,-0.87919354,3.3507516
6.956499,-4.294331,1.6988603
7.9603176,0.48380518,4.407379
7.924575,0.68427235,3.0064874
8.293531,-2.832872,2.769692
7.0593677,0.99025846,2.6121376
10.667793,1.4440958,6.0230436
7.8075576,1.8594968,2.694203
6.702952,-3.955336,1.953593
13.694382,6.498392,4.622031
9.598879,-1.2376871,6.4792824
8.600573,-1.312828,2.8472002
7.3107595,-2.6946049,4.654157
10.629975,-1.8024769,3.0463374
