yaw,pitch,roll
9.239584,-4.1047177,-10.518185
11.31366,-5.1391797,-10.733952
8.693459,-1.7855619,-13.62389
6.771416,-4.322087,-10.792491
5.44753,-4.507451,-9.997915
2.5069852,-5.6351156,-9.769095
5.571455,-4.604566,-10.304068
5.4312015,-6.447028,-9.071877
2.7026687,-12.013547,-7.7477384
9.857673,-8.127018,-7.739154
2.9723787,-4.229782,-11.049812
8.359238,-5.2443194,-10.931034
7.0768476,-5.3267617,-9.866569
5.05271,-7.5256,-13.522467
4.8058796,-10.169573,-8.777741
1.9680843,2.6418102,-11.765764
-10.954815,-4.6079555,-8.552786
5.2057595,0.9988692,3.4372206
7.497499,0.23450315,-10.013443
2.184567,4.413761,-7.275387
-1.7095842,-1.5714805,-2.6298609
-0.32385516,10.551119,5.6905074
-0.20573235,-4.7490425,-11.190095
-9.301466,-0.9857805,-3.8401585
-10.247492,-5.5543885,5.5546503
-10.720871,-0.8913441,-2.3416765
-2.4657269,-8.085234,-7.60639
-6.475116,1.5999498,-4.512767
-15.54006,-3.4628255,-3.486504
-9.975679,8.505145,-4.6334047
-14.463514,-8.028402,-13.619467
-5.695043,-1.8872173,-8.977478
-12.445565,-2.796744,-13.803564
-11.588636,-0.50125694,-6.165518
-18.78384,-9.954757,-11.155787
-13.219315,-1.9007704,-6.1415305
-12.716087,-5.2439666,-6.885728
-10.25108,6.368893,-6.799056
-7.323812,-7.9865465,-8.480441
-7.3100863,-1.1638298,-5.0104713
-4.6280155,-5.0431476,-11.32761
-0.74860716,1.7216055,-8.4727745
-10.788107,-9.717761,-9.882694
-3.5778227,-7.2524395,-10.324852
-7.152958,-8.54076,-10.284754
-12.016582,-6.1649017,-9.520175
-12.7263365,-8.879133,-10.136462
-7.0195017,-8.299685,-9.363733
-4.302673,-10.568871,-7.421718
-2.9110365,-8.122852,-9.977395
-6.836362,-8.361503,-12.006964
-8.904623,-12.1737795,-11.569404
-5.650396,-10.88582,-11.203978
-9.207564,-8.590756,-11.504099
-5.7593,-7.3636756,-8.475733
-9.342517,-9.144489,-10.941922
-1.7475619,-7.0999646,-10.20709
-8.283584,-6.1751842,-10.931064
-4.5540047,-5.402685,-10.322518
-1.0025687,-1.7152826,-11.265678
-3.9217753,-5.380999,-10.223341
2.9032185,-2.924146,-14.945991
-2.5079117,-10.283226,-16.04572
-2.5724902,-9.1242695,-15.789034
0.2103982,-10.929911,-14.320324
-6.522264,-10.102083,-15.264338
-0.03956127,-6.3085847,-11.491937
-3.3489327,-8.726751,-16.54589
-5.144902,-10.981873,-15.447453
-4.9467726,-11.069178,-16.057331
-6.525702,-14.776318,-17.060322
-6.380427,-15.664983,-13.826901
-10.006632,-15.953412,-16.820915
-6.8067555,-16.541769,-14.51718
-9.391755,-15.174181,-13.87447
-4.4259467,-11.671205,-12.6061125
-4.580124,-12.877756,-14.865742
-4.923321,-13.242327,-14.627176
-10.335405,-15.226187,-15.874181
-8.913743,-14.418933,-15.514526
-10.026871,-14.640793,-13.807642
-8.2700205,-13.287264,-13.889261
-8.536972,-15.302078,-13.898809
-12.668342,-13.752867,-14.109949
-11.596414,-13.640511,-14.744497
-10.609805,-15.171069,-14.919439
-11.172199,-14.646963,-17.126152
-7.820611,-13.925503,-14.288246
-11.380535,-12.711434,-16.536636
-8.419652,-15.725739,-13.605288
