yaw,pitch,roll
-0.8657396,-9.378756,4.945961
-2.6618502,-8.135241,3.9736948
-1.6699224,-7.6538506,6.825321
-2.7524898,-8.022213,4.599777
-6.205734,-1.3713319,1.2352967
1.1144795,2.6063886,1.4872489
0.5429721,4.1890855,-1.8653171
-15.373653,1.3987981,-5.3668785
-5.541677,-6.5732117,-1.9804206
-2.462738,-1.6956251,-1.1684681
-3.3784163,1.1454291,-1.2479544
-6.5958395,0.7313762,-4.7996645
-0.5004583,-3.771036,-5.0672865
-4.661302,-2.658173,-3.5312655
-7.315098,0.92531204,-6.521271
-1.1173288,0.62407565,-8.039306
-10.40952,-2.3917136,-2.698184
2.62308,-7.280399,-0.120152414
-5.7082415,-5.2380443,-2.439691
-7.7728214,-1.4242755,-2.3397274
-0.580734,-2.7669387,-3.1949923
-1.7120073,-4.5447645,-3.8177037
0.09004712,-7.5102587,0.22135067
-0.9907538,-0.7830343,-5.2802014
-0.6109352,-1.6213807,-4.829822
-4.0863795,-0.42529178,-2.3627722
-0.94142044,-4.4334083,2.3435664
0.30863237,-5.2129884,-2.251518
-1.279222,-2.228067,-2.6270237
0.36773586,-3.4741082,-1.5949917
0.12648892,-1.2800822,-3.973216
1.7962114,-3.1096666,0.2455023
-1.6588678,-0.12393379,-4.2202787
1.9457455,-1.9363853,-0.4482268
2.3026438,-1.1765857,-2.827113
2.3134785,-3.2920344,-1.4809473
