yaw,pitch,roll
10.985739,-1.4086452,-7.341122
8.806936,0.9859108,-8.806374
9.02661,0.43318355,-8.856167
8.786989,-0.22390878,-8.63888
9.258828,-2.4907966,-8.031444
7.6881046,-4.961914,-9.681164
5.9265866,-3.275536,-6.2342644
8.641825,-4.7877064,-6.6775537
6.0057626,-5.8801165,-7.4184003
5.6574416,-5.2949243,-9.529423
6.1508703,-2.4455357,-5.229594
8.542765,-4.529524,-5.619896
10.356353,-3.4438064,-5.127396
9.499971,-3.6984267,-6.317234
4.9035587,-3.4047272,-5.7524667
6.3948703,-3.6137967,-6.448846
5.8073173,-4.9676833,1.8791726
2.9400163,-7.9813395,-1.3648785
-2.8841014,-4.0866957,0.30273274
3.426627,-0.7027525,1.6336389
0.7642317,-2.698711,4.5228834
5.763731,-3.401095,0.26872724
4.967475,-2.9598906,-0.4033954
11.390986,0.32035613,3.1191695
-2.4303644,-2.0027997,0.31078625
5.7859297,-3.2140727,3.1324463
1.1790323,-0.12780523,1.3928461
7.718572,0.2404524,2.720548
-1.0842595,-0.94829005,-0.34850943
4.2830615,-1.8619725,3.3782258
7.0355716,-1.7380817,2.549037
6.2702265,0.13587621,3.7636034
4.982721,-2.3778625,3.279736
6.871211,-1.7694716,2.4631648
9.710808,-2.3260746,3.424623
4.4653945,-0.7467905,1.3257545
10.543309,-1.7965341,3.6330714
8.274215,-1.2333896,2.4210768
8.366875,-1.4765005,3.620426
7.505531,-0.42095482,3.133078
8.331296,0.9883176,1.7947204
7.144707,0.18291616,2.5067482
5.538653,-1.0777663,2.5738745
4.974559,-1.2347333,2.8107371
6.06334,-1.3649459,0.2928592
4.444552,-1.4058144,1.6082379
7.526602,-0.11957672,2.2414708
4.6562495,-2.19067,2.5218744
5.7866864,-1.7589535,2.5507536
4.8413825,-3.2527413,1.4179592
2.4003289,-2.8106575,-0.6032064
8.242363,-1.5275043,1.4283017
6.67467,-1.0995952,2.1859295
3.9830985,-1.9461495,2.5457191
2.8821664,-2.4062834,1.3466039
4.1924033,-2.598781,2.1730385
3.30998,-2.7475495,0.8538914
5.6957707,-2.5360603,3.5899796
5.585356,-2.2186759,4.1866217
4.830186,-2.4201777,3.9304981
4.8582506,-2.6589494,3.5714371
7.0056977,-1.852972,2.0335734
2.4968362,-2.5167606,0.7926376
3.1995883,-2.9616635,2.9094117
4.67617,-2.4796367,5.077365
4.6768427,-4.017958,3.517753
4.568787,-3.6712775,2.5314837
2.9856272,-3.8127959,-0.9244449
1.9388866,-3.0357707,2.467597
2.2084558,-2.212914,2.0468705
-1.2904973,-3.0798213,4.3978786
0.2719655,-3.522677,-0.25098222
3.7994566,-5.0471606,0.6967092
4.2849617,-3.2333841,0.785951
1.0148451,-2.9102674,2.988119
4.0164733,-2.4468706,1.8666978
3.637898,-1.7500411,2.5834563
2.6086497,-2.0503268,0.276542
6.4118733,-3.1334138,1.5254569
4.623453,-3.4959407,2.7186112
2.1747873,-3.9640281,0.673817
4.011574,-3.230343,0.4097403
2.8840125,-4.149991,1.1147805
4.482796,-5.6601534,0.52892035
4.2045293,-3.9490666,2.0395582
3.3707223,-4.216234,2.174683
5.527313,-5.241203,1.8005085
3.754615,-4.263243,0.5767265
2.9679778,-2.7191632,0.81614554
1.4960093,-2.59405,1.1132257
