yaw,pitch,roll
-17.618849,-22.026896,-2.2201514
-18.204195,-20.217464,-2.793335
-16.678576,-22.677536,-0.82434845
-24.197733,-21.919994,-3.1147227
-21.909367,-21.552813,-2.644998
-19.500986,-20.882229,-2.6847534
-19.231596,-19.02327,2.7730808
-21.946724,-13.658499,0.057003498
-19.49993,-13.143435,-5.298145
-14.662506,-12.370126,-1.5491682
-9.412025,-23.501148,7.4248314
-5.217637,-14.688539,-6.568733
-6.244494,-13.555889,-7.710157
-1.4497156,-7.175316,-3.7715127
-9.462088,-0.46411386,11.519417
1.7353444,-3.1166465,7.6790996
-1.004244,-4.173935,4.610565
-2.9488168,-5.343416,6.349549
4.6651564,-0.65415674,3.279789
-1.966858,-6.7204175,5.224835
3.4975865,-7.1367645,3.9069395
-3.1466296,-6.613033,6.4026613
1.4186168,-3.5249534,4.7199974
0.86058414,-3.0551586,7.1632185
3.0588202,-9.528717,9.75914
-1.2192106,-4.8078575,5.8827815
0.86980236,-11.058519,5.689088
5.1543374,-2.3996425,6.2452126
0.13709974,-8.740634,9.73424
3.5579343,-4.3591795,7.485984
3.730456,-6.298677,6.4990883
4.281951,-1.7462769,7.7493267
-0.25908947,-10.629729,8.104931
5.7217727,-6.3085384,10.029048
2.7140088,-9.055281,2.419845
6.4491982,-2.9618006,1.0754051
-0.8609052,-12.630351,4.7889156
6.7890487,-4.0202084,6.070398
6.1952734,-9.497509,2.2531686
4.330259,-12.982098,2.9358692
2.3868546,-15.210084,3.9974618
3.0776663,-7.2726517,7.0674434
2.2434187,-10.503778,5.2979045
2.883043,-11.6449795,3.334735
3.8213542,-8.605734,4.5888147
7.2404423,-9.369787,2.6545825
6.249651,-10.214685,1.9997652
3.5088828,-10.436826,5.754283
2.638686,-8.762663,7.277828
3.5991693,-8.731075,4.558445
4.3185587,-8.00959,3.1770124
0.74127436,-11.57324,5.0341163
0.55538845,-10.9291725,4.1670175
3.1241376,-11.452477,4.0922956
3.653681,-9.986382,4.775623
3.4214964,-10.715124,1.4409811
5.7231803,-3.3099346,4.660189
4.3276463,-4.795416,3.440195
2.5951238,-7.881353,0.5275667
6.390584,-10.386265,1.9809484
7.3310275,-9.455597,-3.1293283
9.459649,-10.012331,1.2054027
11.506138,-12.009262,0.11240029
3.2439523,-9.442808,2.5101314
-3.2559133,-11.8252125,1.5657302
-6.1035566,-7.7773604,2.329391
-6.904234,-9.063306,3.268466
-6.893119,-11.785843,3.4712584
-5.3890386,-10.817505,3.1446347
-5.425997,-10.162148,1.7924862
-5.011347,-9.847357,4.0834255
-4.285527,-10.2865,3.574609
-2.9749036,-8.214521,3.8507586
-0.5477123,-8.1571865,3.1150346
-0.41098547,-8.674597,-0.7190894
-0.3239355,-10.021191,2.8926184
-1.2971392,-7.8966804,1.4176475
-2.62386,-8.092536,0.84947336
-0.5635357,-9.146577,1.5146649
-3.7441802,-8.278266,0.75572455
-1.128665,-7.7333994,1.6374103
-1.9119318,-5.470076,2.4595604
0.09380722,-11.139779,2.7132738
-0.16829824,-8.153883,1.3828892
-0.61938477,-9.226338,2.8161097
-1.4605503,-10.349213,3.6915305
-0.9657011,-8.376928,2.9455473
0.40226507,-10.810226,4.2671843
0.221766,-9.077748,4.5494866
-0.22900438,-9.840719,3.6250577
