yaw,pitch,roll
-0.71138304,-8.513709,11.639843
-0.7314905,-10.08279,11.745035
-1.7286537,-10.366044,11.992734
-0.9465393,-10.09089,12.04092
-2.462137,-9.570131,11.393699
-5.06006,-7.5811777,10.179251
-6.794689,-6.2609863,10.117886
-2.1121004,-5.1589327,7.152807
-3.8596663,-6.0217514,8.368218
-9.08608,-9.646019,10.079141
-4.900559,-13.809416,7.927649
-3.9359126,-15.813038,9.41661
-3.6741037,-7.669468,10.338614
-4.190981,-7.731303,7.277741
-7.5307355,-6.7935324,6.9299192
-3.7669296,-5.798844,7.3573217
-14.915367,-9.176613,8.8104515
-4.536048,-13.464336,6.646326
-1.661629,-14.884668,9.688669
-2.022625,-12.611084,10.10076
-2.122558,-10.186802,9.31711
-2.6382084,-6.268121,10.36868
2.2090964,-8.351607,7.437638
2.647287,-9.512962,7.774708
0.4251215,-8.454977,8.961023
-1.4039618,-7.741544,10.0304
-1.2336885,-7.780876,10.984778
0.55923176,-7.89962,10.606792
0.8314204,-9.601407,10.119771
-5.286128,-13.457199,9.024335
-3.1772544,-14.38394,10.731916
-0.10217321,-13.306244,10.223228
-0.4451527,-10.973297,8.483676
1.508593,-8.710411,10.641637
-0.8091519,-9.089241,10.0682535
1.0029317,-8.165619,10.477084
