yaw,pitch,roll
-5.7436914,-11.553181,-7.6206346
-5.2290344,-10.758972,-8.871004
1.0747981,-9.498639,-6.9748826
-0.86588407,-8.898848,-6.70998
-6.4179068,-10.193933,-6.9655766
-0.21081543,-8.143152,-7.4785037
0.29109144,-8.12088,-6.3981905
-0.836833,-8.426179,-6.047267
-0.45559788,-8.600718,-6.4541802
0.52948904,-9.005378,-5.1825514
-1.4460602,-9.830978,-8.35678
-6.491548,-12.461029,-6.9801874
-24.452705,-12.402363,-4.4438806
-11.499988,2.5459237,-7.698048
-4.356989,-3.9257452,-7.7132626
-17.354017,-8.766337,-10.079533
-18.650822,-20.386478,-3.9432917
-2.0120277,-20.532719,-1.0443702
-2.0938444,-17.896698,-3.8485653
-10.518017,-11.553329,-4.4520736
-2.7440147,-3.605836,-3.8518372
-5.688019,-3.0395186,-2.7570848
-17.951714,-11.516022,-5.0518985
-1.2618752,-18.384724,-0.13859248
-10.224924,-9.886749,-4.6786385
-6.9120436,-6.813991,-3.1734686
-4.5432587,-9.776915,-2.5551066
-11.225534,-8.44639,-6.3325076
2.7881281,-14.23825,-1.853682
-4.6057587,-9.995007,-3.410112
-4.892461,-5.9653044,-2.4507089
-7.560339,-9.552853,-6.207402
-7.1944985,-9.531808,-2.7546194
-2.672297,-12.367102,-3.2348382
-0.8621905,-15.153944,-3.994185
-5.602961,-10.680008,-4.1532774
-10.021293,-11.710487,-2.7884164
-2.3371046,-11.181288,1.7995329
-4.4903727,-8.322203,-1.4643285
1.120546,-11.629742,0.26050305
0.02711773,-12.221169,-1.5927181
-0.2105012,-10.19356,-1.6410084
1.0997238,-8.145679,-2.0264874
5.2669415,-8.190293,-0.62581027
-1.3953118,-10.330556,-0.30713442
2.2500496,-9.581635,1.0252595
1.5983334,-11.749881,-0.9594918
0.7592044,-10.574013,-0.86970687
3.510582,-11.067898,-0.4013546
1.7751231,-10.38534,-1.0341256
5.1396356,-11.607926,-0.50691664
0.573328,-10.608986,-0.5382807
-0.6786361,-10.636955,-0.9141454
0.84228325,-11.075206,-1.3219709
1.784864,-10.885583,-0.27206063
1.5989027,-10.899061,-0.050510585
2.1306024,-11.519676,-0.30828318
2.195098,-9.998548,-1.920861
1.6970582,-10.622728,-2.05789
-1.3264465,-12.058017,-0.6977457
-1.171552,-12.094424,-0.6335789
0.012694836,-12.063349,-0.82443166
0.1619916,-12.533592,-0.75880504
-0.26980639,-12.5866165,-1.3319228
1.3473186,-10.776018,-2.079292
-2.222052,-11.004854,-1.3659441
-1.3081746,-11.399057,-2.131371
-0.6805868,-11.873341,0.13618642
0.44202423,-11.257172,-0.5982299
-0.55864143,-11.904425,-0.99368644
-1.8773787,-11.330416,-0.49742332
2.501005,-11.153015,-1.076951
-0.85379314,-11.601105,0.37913996
-3.4440877,-12.435741,-1.2478282
0.9963145,-9.524489,-0.078239426
0.015051842,-13.209056,-0.81501466
-0.7062321,-14.028257,0.155927
-0.4102931,-14.555923,-1.3035717
1.1609304,-11.709845,-0.6477024
-0.79250884,-12.370445,0.21034932
-2.9779634,-12.482067,0.635588
-1.6290045,-12.218446,1.3179071
-2.0862412,-13.54502,0.35519415
0.35784197,-9.420504,-0.7918919
-1.5055428,-12.675726,-0.14597356
-2.7918572,-12.250675,-1.0105472
-1.4262621,-13.927334,-1.075948
-2.6776497,-12.585167,0.21040082
-1.744802,-13.642357,-0.21114331
2.090909,-10.956915,0.29597855
