yaw,pitch,roll
4.5655913,-2.4015207,-0.55530226
1.2136726,-2.1107266,-0.59705
5.7781944,-0.41924062,-2.6420393
3.5117908,-6.9324155,-1.9249623
1.65257,-6.9756455,-2.1395137
5.1169715,-3.471484,-1.2220225
4.985592,-4.219475,0.24007359
6.17089,-3.1700172,4.187039
4.160765,-7.4851265,5.334977
6.7615614,-9.685448,-0.08001681
4.327386,-7.455728,-2.2780957
1.3823795,-1.787001,0.17067364
4.483677,-6.135651,-0.17572014
4.958692,-6.026045,-0.28089976
3.6276946,-5.9335113,-14.6142025
-0.22304302,-11.612927,-9.189963
2.9460688,-19.45945,-9.455525
-2.4348407,-11.226812,-10.163775
8.193158,-7.455379,-16.033558
8.637568,-5.40605,-9.246323
6.415534,-8.074944,-16.790144
4.080927,-10.416832,-16.312963
6.1106796,-11.715197,-11.929565
0.029278994,-7.0053205,-16.175392
10.202811,-3.08733,-13.3150425
3.3872256,-12.675683,-13.459713
-0.04406084,-8.88725,-13.394279
7.004044,-14.107453,-10.901163
4.7202034,-10.527792,-17.149523
8.591551,-8.804937,-14.95369
9.644065,-2.1234813,-9.822816
8.797548,-9.607093,-14.715185
6.7334113,-11.412618,-11.442752
7.636084,-8.487101,-13.087191
4.584735,-12.154607,-11.351369
4.1491227,-13.4323635,-11.509073
3.663435,-9.683946,-13.087637
6.986798,-9.193721,-14.587042
4.3096776,-12.284425,-13.721241
9.185631,-10.905802,-16.053125
10.68449,-8.616283,-9.384172
10.423418,-9.842701,-8.745224
7.3029222,-9.397383,-10.768258
5.552423,-9.656753,-11.913244
8.583609,-10.13529,-9.001059
9.217929,-9.64148,-7.768178
5.8083396,-9.444506,-12.924627
5.452179,-12.056162,-9.350997
5.875,-11.505401,-10.993737
5.092067,-11.001253,-9.766666
9.356531,-10.502146,-4.6420383
8.069809,-11.107417,-9.879824
6.425301,-13.416229,-10.629734
4.841832,-12.715479,-10.121774
5.3253136,-10.10899,-10.744574
4.2765584,-10.8634815,-9.410892
6.2319355,-11.120239,-7.1862755
6.1817527,-11.416765,-8.717293
8.343307,-9.040909,-10.612076
9.161876,-9.8078,-5.425588
5.602618,-11.116802,-8.043239
9.154656,-13.782145,-10.068781
4.8602514,-11.114178,-9.075485
5.2344646,-11.630573,-11.006058
7.7164974,-10.741004,-10.1960945
5.750284,-9.724577,-5.167094
4.9925847,-9.817691,-8.238092
5.470093,-9.132591,-8.690838
5.420029,-8.763371,-9.309067
6.280585,-9.330576,-10.110157
4.288327,-10.189329,-9.040371
6.930665,-8.548778,-6.3403087
5.3353047,-10.012398,-8.710127
8.703007,-9.266925,-7.865084
8.45818,-8.695358,-7.4577594
7.0673876,-7.9767704,-7.5840135
6.074018,-8.493234,-8.215948
5.9593925,-10.1904335,-7.794681
6.289218,-8.490917,-7.4874773
7.3312087,-8.481449,-6.8794284
6.201053,-9.392013,-5.9145217
7.001625,-10.062181,-9.935591
6.231757,-9.893019,-8.687266
6.4569817,-9.123842,-6.718141
6.333087,-8.163027,-7.118206
7.0786376,-9.995284,-7.4601803
6.970705,-9.484865,-8.725698
9.011167,-10.777815,-9.116275
9.098419,-11.940349,-9.039864
7.6145496,-10.450261,-7.5402107
