yaw,pitch,roll
66.14221,8.402184,-20.486223
65.54376,12.227493,-15.080699
64.929,9.86908,-19.754969
65.188286,13.022526,-14.667709
69.88701,9.916058,-21.196733
72.30975,8.994402,-23.052216
72.13252,7.7973843,-19.909658
64.23384,7.0010967,-28.17014
57.956654,6.838373,-22.200058
59.57646,8.605127,-22.31704
69.94707,7.521945,-27.312843
67.34929,5.9125514,-23.256363
67.949066,6.952615,-25.6302
63.875774,11.3653755,-22.491415
66.59365,12.805341,-19.332779
69.992516,12.033697,-22.279528
68.58005,11.212697,-22.190071
63.83098,11.172252,-20.89788
69.373726,14.004492,-15.923258
72.78516,14.026968,-20.231499
71.903786,11.917027,-24.722687
64.3781,11.59041,-22.21634
61.606895,11.7500515,-21.649403
64.93688,14.820831,-14.666849
68.718,11.868149,-21.49394
67.05543,10.865404,-21.87154
62.48168,11.74074,-18.359276
65.304276,11.820752,-19.4934
70.46623,10.86154,-20.13606
67.987045,9.022444,-23.70648
64.41365,8.743906,-23.694931
64.065506,10.923102,-22.65435
68.33971,11.99825,-20.105736
65.90492,10.256961,-21.052155
65.95082,10.392813,-19.243753
64.520134,8.073298,-23.944359
