yaw,pitch,roll
4.1180096,-8.296724,-3.6006708
5.6726494,-7.268417,-3.4097028
4.785616,-6.247963,-6.40287
6.781937,-7.3836575,-4.476779
6.16119,-8.614061,-5.4599094
4.4998493,-8.383094,-3.5056891
4.2516894,-6.5983334,-3.8838592
3.867542,-13.291401,-2.2911193
3.4128556,-10.770642,-0.22844434
4.4240227,-10.47836,0.21096063
-11.250249,2.49288,0.26701766
-6.0575385,-6.5746727,-4.130982
-0.6272986,-5.2826233,-12.505253
-10.523062,0.8140917,-5.9415054
-4.492478,-12.3684025,-4.3732576
-5.933505,-12.31513,-10.614603
0.7051048,-16.394852,-9.783532
-5.3645773,-25.088621,-6.0486164
-0.5750952,-15.296207,-12.128567
-2.945642,-13.4736595,-8.052031
-4.146736,-17.919443,-8.968524
-4.684349,-13.409465,-4.5918317
-2.3101199,-11.467464,-8.095137
1.3021526,-16.85428,-5.9393272
2.6952786,-15.593253,-10.601549
-5.566884,-15.017874,-2.3061788
0.14965105,-16.909483,-8.808233
0.42584133,-14.946134,-6.8148785
0.6067605,-13.664875,-8.696472
0.08440924,-14.357853,-10.788481
-10.603953,-16.46365,-6.4118485
-1.1079159,-18.356943,-7.9843364
3.3021994,-15.104589,-7.143162
-4.329871,-20.041807,-4.3284116
2.124002,-16.517757,-8.275341
1.7877219,-15.229945,-7.5583735
4.290866,-19.275703,-7.9071302
3.2680326,-14.706142,-3.3153114
0.63544726,-17.109865,-5.532655
-8.132556,-17.395393,-1.4107847
-4.7024016,-18.104475,-8.457501
-3.7860951,-19.637716,-7.685069
-6.1148987,-20.362595,-8.5344
0.28296494,-16.419657,-6.6681886
1.9777179,-18.749073,-6.503398
6.4020343,-15.821913,-13.558275
-5.012101,-17.32436,-2.7297046
-5.1472373,-20.280659,1.6927347
-5.060688,-19.705711,-2.9574509
3.0693078,-17.705107,-7.3588495
2.4953318,-18.117376,-6.260489
-0.25574827,-18.046242,-3.859848
-2.300792,-18.412428,-7.6706595
4.684496,-17.679222,-5.8231316
3.6009505,-18.13785,-11.388311
2.9046197,-15.906715,-8.969719
0.060073614,-18.753584,-6.5946207
3.6933463,-16.212868,-6.430368
2.3153892,-17.8435,-5.6159344
4.090123,-17.131042,-8.612043
2.1027107,-16.946426,-9.458624
7.2205076,-14.51499,-8.32586
7.954924,-13.239635,-9.013567
4.131876,-16.66108,-7.8953514
5.0120935,-18.875286,-4.691733
3.0084462,-17.796516,-7.664425
5.1690836,-16.176998,-7.048147
5.580449,-16.823782,-8.965153
6.4247265,-15.331609,-5.476202
4.840107,-14.762781,-4.5924263
4.430598,-16.88352,-6.424225
3.8204813,-17.90253,-8.315804
3.0724,-17.24529,-6.55431
0.61392593,-19.2928,-5.3542156
5.631809,-18.206215,-5.492771
3.738212,-20.104965,-5.7588167
1.5606685,-17.823874,-5.615056
4.2393436,-18.002428,-6.9215746
4.398892,-17.146507,-5.8479376
3.9567897,-16.49256,-3.5095913
4.7279243,-19.147991,-4.79741
3.8028064,-16.925724,-2.5776355
4.894779,-18.507774,-3.6873245
6.702955,-19.46957,-3.6917648
3.8029168,-17.696981,-4.810122
2.5263948,-17.625338,-5.6598363
3.672203,-18.3628,-4.7118077
2.7780142,-18.369411,-5.8647895
4.3097086,-17.362988,-5.3497295
2.0365767,-16.548565,-4.011416
