yaw,pitch,roll
-4.824975,-5.6935897,-16.733944
-5.708945,-7.856317,-15.7974415
-7.140725,-8.999557,-16.6446
-6.331878,-8.25178,-15.704821
-7.588215,-8.55888,-16.756178
-6.4729085,-10.828294,-15.976131
-9.533283,-10.556374,-13.261522
-8.296505,-8.962805,-14.076765
-1.3116972,-9.498853,-15.753798
0.6968956,-8.355761,-6.470218
-3.0023937,-9.217365,-3.1150265
-1.8195684,-14.559147,-5.9164557
-3.0411963,-5.6091366,-4.8556204
1.5799742,-9.246916,-8.429216
1.359827,-7.2754393,-10.079245
-5.3828797,-10.36859,-6.62866
0.55038404,-9.25856,-8.853223
0.09770203,-12.705458,-6.870836
2.8088965,-8.697112,-10.3362255
0.9060259,-9.182484,-10.114204
-0.13030481,-10.517506,-5.6935053
-4.0163946,-8.818256,-8.60327
-0.24426937,-7.9518833,-7.320263
-1.345175,-6.194389,-9.09091
0.45504856,-8.502915,-8.30455
-1.2006919,-12.024708,-8.566137
-1.6693139,-9.407649,-9.04973
-2.207711,-11.297192,-9.288919
-0.4353218,-9.875172,-10.837587
0.83029556,-9.848551,-8.152818
-3.3108573,-10.106885,-6.2367177
-4.316176,-11.570939,-8.203808
-0.54456663,-9.939308,-5.957855
-5.451813,-12.131729,-9.070866
-3.5333312,-8.843389,-8.647007
-3.655527,-11.467278,-9.332855
