yaw,pitch,roll
5.7925706,-13.670603,0.574094
7.0139856,-12.751099,2.3408241
4.2543445,-14.46026,2.8826737
5.611705,-14.078276,0.8735044
5.4668427,-14.548239,2.233343
7.3656864,-14.705504,2.1122289
5.6983137,-14.001158,1.2173953
7.144921,-12.385073,1.4501526
7.8246684,-15.383235,1.2995577
2.9407372,-13.146442,2.680571
0.40998197,-6.5364647,4.146204
10.300901,-5.3716345,3.0770545
6.8989587,-5.5277414,2.924675
5.097409,-7.5434227,1.2922148
11.992412,-7.142185,1.6948777
8.384384,-4.288872,4.2624416
7.845872,-5.7983184,2.9431958
5.841152,-4.7557764,0.9104913
12.556726,-6.891556,2.2863855
7.655286,-6.624318,1.7538173
11.423138,-4.0881896,5.430752
11.454269,-3.385624,2.9182186
12.4602,-2.3429453,3.2067792
14.891396,-5.756746,0.8907714
10.471075,-6.3932858,0.43601418
8.990178,-3.1588159,3.242883
9.621046,-4.4932055,0.37174034
12.480717,-8.15599,-0.08937764
14.493728,-4.2672644,1.745962
14.352613,-4.058477,1.4636376
14.311351,-5.361995,3.1047456
11.601656,-5.055897,3.271048
11.674748,-8.810911,2.002776
13.519649,-7.9362926,1.6340278
14.067965,-4.6138296,-0.26849484
11.272097,-4.805499,2.391897
