yaw,pitch,roll
1.7068772,-4.1095285,-5.689885
0.33629966,-5.9349403,-3.7357879
1.8502853,-6.099954,-4.406848
0.16904926,-7.544258,-5.652947
1.9838617,-6.5886254,-5.191936
-0.39641023,-4.070367,-7.234601
1.916769,-3.8029387,-5.537613
1.935106,-6.0449862,-6.307781
1.5574739,-6.1522474,-6.7830615
-4.9534616,-12.184222,-4.3751564
-7.2334127,-16.340359,-5.0673833
4.2833166,-15.238054,-4.42228
-13.392581,-12.24295,-2.1559038
-2.733645,-10.755978,-6.7164993
-0.16422486,-10.752753,-6.8109245
1.6165278,-11.428373,-7.9342213
1.4408376,-14.565224,-4.0293374
-1.0245732,-13.287273,-4.6888113
0.7332339,-9.950727,-5.4483833
-0.82558894,-12.424646,-5.0166726
1.0216367,-13.1831455,-2.9301503
5.00273,-12.891832,-1.423008
-5.716363,-11.120866,-6.6808195
1.993315,-10.467054,-7.153745
2.1797466,-14.4027815,-3.9874804
2.516595,-12.49078,-2.1795263
0.2523818,-12.808451,-2.9315963
2.169895,-12.879853,-1.2229673
1.9774747,-14.14267,-1.8172138
1.7138982,-13.350674,-0.7973177
2.040998,-13.359831,-1.7225462
1.5674493,-11.76676,-3.7465348
3.3141956,-15.037248,-1.5422479
1.5628037,-13.866346,0.01611939
1.6815183,-11.727116,-2.8219178
2.41693,-14.137663,-3.5399363
