yaw,pitch,roll
4.5030675,-1.8175498,3.7645595
4.619547,-2.5842776,5.599531
3.1495113,-1.4466693,4.924538
4.1782436,-0.21639085,4.22115
2.0777707,-2.4999418,4.288764
3.2254856,-0.9221759,4.136818
4.320509,-0.98627985,4.7237024
5.3929763,-0.6430858,4.8372464
4.2514386,-1.1682185,5.031326
4.742119,-1.6575459,5.2664566
2.6192088,-1.5319101,6.546404
5.7536736,-2.249885,6.1392736
6.8044343,-0.7019739,7.4490595
6.3886957,1.3174016,6.0329337
7.023553,-1.1910318,7.34993
3.1281047,-1.0026295,7.267275
1.8246006,-1.8469832,5.1607265
4.5012026,-2.8555677,6.6567354
7.6293344,3.0463142,7.3753953
6.677416,-1.5435168,5.6965933
5.6195827,-1.0702676,5.5498886
4.112094,-1.7347252,6.503186
6.2269697,-0.42180073,6.0219765
6.810169,0.14388597,5.745582
2.8965688,-1.6258225,6.2306013
4.8438034,-0.68874896,5.886904
3.954011,-2.0080295,6.1714168
4.7451553,-0.7073976,5.081785
5.365345,-0.033629388,5.894281
5.2738,0.19848615,5.4997334
5.406666,-1.1106836,5.1236825
6.731783,-0.16412908,5.8525324
5.6251936,0.06207812,4.7282953
5.581128,-0.4929005,7.3172255
6.142091,0.31425917,6.4190264
3.810039,-1.7916031,6.0724316
3.7942486,-1.2171385,6.590575
4.4991474,-1.0985801,6.0059443
4.2459908,-0.8736646,6.4943037
6.4060397,-1.2480009,6.551298
4.536727,-0.9266765,6.2622814
6.2805157,0.21477038,6.379444
5.485216,-0.98949456,6.3957357
5.787695,-1.4214957,6.103708
4.5643144,-1.3351717,6.199767
6.17111,-2.4446626,7.414445
4.8812823,-0.7426358,6.0715704
5.646405,0.23822251,6.3073597
5.6100974,-1.4976213,7.1373177
8.776122,0.48577628,7.238056
8.171034,-0.18696904,7.172659
10.099779,-0.038439855,6.5889163
7.5677366,-0.60067844,7.2840514
9.000327,-0.48832223,7.3699923
8.679537,-0.882661,6.0012097
6.348423,0.20998357,6.6889286
7.7461576,-0.9694639,6.267079
7.610551,0.7195108,5.3143797
4.911828,-0.5289687,4.9181747
6.1283426,0.44055492,5.8600206
4.83553,-0.9457011,5.049805
7.2649302,1.3332497,5.471093
8.436117,0.37169313,4.89752
5.260594,-0.65701896,5.6756873
5.402297,-0.15452895,5.682892
6.114217,-0.38741475,5.6675406
6.2079887,-0.5289937,4.874099
5.2316437,-0.38728815,6.042322
5.868133,0.39106908,6.3228855
6.7364817,0.4495142,5.0340242
7.1117125,-0.33455247,5.84626
6.819155,-0.4984554,6.805355
5.4905834,0.018483266,5.3078537
5.7257996,0.18844345,5.4758606
4.126826,-0.5715731,5.6737385
6.3659678,-0.6217437,5.782462
7.508877,-0.078858376,5.942671
6.075339,0.40500224,6.3980165
6.847827,0.22364125,4.4234877
7.2518487,-0.18359834,5.1703167
4.2474003,-0.81188667,6.295888
7.081384,-0.26901084,5.2765837
5.5636916,-0.13011873,5.709608
5.6632123,1.1628432,4.9850755
5.6479692,0.3082537,6.187056
7.1005316,1.1711221,6.844776
7.2304363,1.0794083,7.865309
5.8269653,1.7947998,6.4863005
7.041053,1.0095608,5.8851213
7.293294,1.2906895,6.1409492
