yaw,pitch,roll
-6.110738,-8.240416,-5.430582
-4.617338,-10.255793,-5.3376284
-6.211051,-12.43184,-7.205351
-4.430956,-11.1792755,-4.5297966
-6.825126,-11.676617,-6.9452486
-1.4950528,-12.284944,-5.275341
0.41111946,-11.941874,-5.496842
-3.1557932,-14.325878,-3.998221
-2.6477914,-14.834564,-3.0875354
-4.549305,-14.0322,-5.244277
-4.8902154,-10.333527,-3.503907
-9.06856,-11.226295,-8.162566
-3.2016368,-12.4195795,-7.940438
-7.019231,-13.672806,-8.492965
-3.6616192,-15.384941,-5.396357
-3.5669703,-11.875946,-6.214461
-0.6165323,-11.748985,-8.46055
-6.658697,-13.107565,-6.641658
-2.9861403,-14.375093,-6.1310916
-1.8001981,-12.15803,-7.2103634
0.8705969,-12.179041,-7.1217136
-2.495423,-10.974962,-5.1342955
-2.4961784,-11.336238,-4.594098
-2.4734037,-14.731987,-5.376684
-1.4048605,-11.176915,-5.969491
0.3957944,-13.3949795,-3.9247837
-8.637637,-12.311936,-7.277486
-2.1224403,-18.472628,-6.8536644
-2.0729036,-11.941564,-5.2119446
-2.6215925,-12.803185,-5.285689
-5.869569,-15.639904,-6.1405716
-4.865471,-15.81006,-2.958332
-3.3444889,-19.429241,0.3858484
-3.4596853,-15.355152,-5.018193
-2.4482822,-14.832936,-6.121926
-3.4748797,-12.109144,-6.218357
-5.332602,-10.667846,-4.119907
-3.743476,-15.936199,-0.6219971
-0.72334385,-16.439413,-4.2723465
-8.088474,-14.943442,-3.6233401
-1.763401,-14.227128,-5.6400676
-6.4903026,-16.247799,-6.7858686
-2.609442,-15.800983,-7.4579573
-6.3727174,-16.805992,-5.0042906
-6.3279066,-16.564533,-3.9277806
-1.7490139,-16.379032,-3.9472094
-1.6972818,-18.003052,-6.4531107
-2.7269793,-16.958178,-5.8483706
-3.3786764,-16.932003,-8.506317
-3.4688249,-14.269456,-6.679497
-1.260387,-13.993848,-8.77162
-0.28982258,-13.674826,-8.731155
2.2151923,-14.131987,-6.253581
2.1675143,-12.717804,-5.3302364
1.8607149,-15.085896,-5.965537
-1.331346,-16.718761,-5.851114
-3.4571834,-19.023329,-5.2247615
-10.2702265,-16.027298,-8.657984
-9.389389,-15.223444,-5.2753773
-14.511702,-15.612402,-5.957223
-13.411246,-16.38767,-5.2488537
-11.855835,-19.320347,-5.1763096
-10.207632,-17.729168,-5.193433
-5.3248024,-14.804268,-3.971488
-4.969725,-12.849949,-6.9780154
-5.215576,-14.413017,-7.9559994
-6.1425743,-13.250273,-6.2684937
-5.5827675,-15.809949,-8.445667
-4.5190263,-11.965461,-6.3280067
-2.3224251,-12.218064,-7.7758465
-6.24288,-15.684334,-7.319107
-4.4975595,-11.767851,-7.767442
-3.5058002,-7.0950694,-4.2466536
-3.8507106,-7.1142263,-6.5029655
-2.5321734,-6.123129,-3.6699755
-3.7568629,-7.648001,-1.7610378
-3.3881588,-9.128004,-0.16916123
-2.3291006,-5.1942487,2.5766191
-7.1856523,-5.4072394,1.1812632
-4.190989,-5.5071297,3.437632
-4.037001,-4.0473475,2.9618883
-2.218165,-6.1080637,2.3621302
-4.6295037,-5.2214656,4.0222225
-6.818465,-4.9662204,4.572184
-6.441468,-4.539117,3.2378237
-7.1854553,-7.0864534,2.214301
-2.1772738,-6.1004486,2.7348883
-6.08705,-3.589221,1.5012455
-10.497591,-4.401557,3.8660264
-10.374472,-4.9824085,-1.0798948
