yaw,pitch,roll
-6.9995637,-5.440862,5.596911
-10.7859745,-4.898654,5.2250752
-10.316578,-5.7945642,3.795283
-11.569929,-4.2508755,3.8458242
-8.944929,-5.9120317,0.815445
-9.366233,-9.168032,-0.49334988
-8.764389,-8.17239,0.38392735
-10.132611,-8.913791,1.0490924
-8.857514,-9.044727,1.714637
-7.582734,-11.118738,-0.13299945
-8.439895,-10.537331,-1.2465572
-11.939291,-10.123933,0.5996528
-0.59394264,-8.087492,-4.123685
-4.967705,-12.648243,-8.907271
-5.209156,-20.994673,-7.888854
-4.2587276,-19.632832,-3.011715
-5.4070616,-19.264015,-8.745443
-4.222114,-14.3567505,-7.667862
-1.3945041,-16.721796,-5.4997406
-4.107693,-16.398523,-3.0739276
-4.1705475,-12.644503,-10.192869
-4.2655735,-10.877026,-8.452364
-3.8431277,-14.000452,-3.6475132
-2.3076963,-17.350899,-1.7640842
-11.344912,-17.26773,-1.80585
-4.1508846,-13.061462,-7.9271116
-5.767547,-15.963205,-1.6959028
-2.0121841,-16.415071,-3.879016
-7.285141,-17.395552,-1.6458659
-9.815422,-14.315233,-4.7288084
-7.706702,-12.501351,-8.292335
-6.1741056,-14.953556,-2.7905178
-0.7620225,-15.786558,-3.6171815
-6.2507176,-16.488207,-4.176014
-10.078992,-16.144257,-5.9554777
-6.41598,-15.204842,-6.892873
