yaw,pitch,roll
-4.4494853,-7.138717,-19.84513
-7.9985514,-10.378911,-20.28888
-12.072543,-10.230387,-16.202868
-10.574762,-6.869046,-14.785469
-13.285444,-9.270178,-16.295023
-12.2115,-12.415167,-12.6890335
-2.919292,-9.865288,-17.273392
-6.311162,-7.7775373,-15.725702
-6.251041,-7.0662107,-17.377914
-6.5227532,-7.41244,-16.777376
-9.611464,-6.7968135,-14.943635
-10.001526,-6.3149753,-14.764473
-18.533386,6.0664263,-12.246641
-13.914269,-3.6254883,-16.083014
-18.100174,-4.8111763,-14.757896
-15.202451,-7.2263765,-13.014348
-7.38661,-7.1703825,-10.495938
-19.076006,-7.843941,-16.25378
-9.158478,-2.795901,-14.830282
-15.136122,-7.5891786,-11.698694
-4.9952145,-9.133039,-11.013781
-18.68327,-4.251787,-13.767409
-17.791119,-4.345316,-20.32132
-17.380249,-4.9052334,-15.548065
-11.117872,-11.278107,-14.610696
-13.878279,-4.951001,-14.834343
-25.67024,-4.9828205,-16.162876
-22.75995,-2.7345657,-12.455426
-11.447092,-10.756828,-12.938887
-8.4755335,-11.400768,-11.08934
-12.011618,-8.725436,-14.595366
-19.65871,-5.3311357,-17.516243
-9.953431,-4.6691666,-11.432294
-8.248816,-11.197693,-15.262247
-8.206807,-5.150347,-12.66171
-17.414007,-7.437007,-17.738533
-8.688509,-4.7868443,-15.09231
-5.073163,-12.595745,-10.161236
-9.64045,-6.7834063,-11.22044
-4.6921225,-5.659291,-13.149942
-9.184691,-9.20848,-13.424392
-5.958394,-11.383889,-13.292324
-12.593451,-11.654366,-14.627611
-10.018091,-11.760353,-9.867207
-3.0921428,-12.786718,-10.36388
-3.5941005,-12.532937,-15.699888
-6.743386,-16.23526,-14.658734
-3.808823,-14.950833,-13.876991
-4.159333,-14.905746,-15.397545
-6.0009894,-18.245735,-14.761204
-4.3060627,-16.74863,-15.138683
-2.4295857,-16.796589,-13.263638
-2.412986,-16.270126,-11.217604
-1.880296,-14.723917,-13.010557
-0.9788959,-14.94877,-14.148968
-1.7405305,-14.740792,-13.126324
-1.6917381,-15.143614,-11.993759
0.614933,-13.932143,-12.769142
-3.021646,-13.943675,-12.259642
0.26001143,-13.783424,-15.102009
3.947581,-12.778093,-13.271496
-1.1037297,-14.737764,-11.744798
-1.6942713,-15.648641,-14.660103
-2.3508294,-13.539722,-15.308464
-1.2400048,-13.177257,-15.018949
-3.1749346,-13.519172,-13.198787
-4.4641237,-13.540415,-14.00281
-5.290103,-12.663181,-13.738949
-7.4658027,-12.972237,-13.331306
-4.96735,-12.1492405,-14.385101
-7.0815144,-14.563656,-14.3387985
-4.4861917,-15.275529,-14.510593
-6.0753875,-13.8773575,-15.144024
-5.0291286,-15.497917,-15.204695
-2.5469394,-14.544263,-16.76137
-2.7973166,-13.589817,-15.774401
-5.9599376,-13.617687,-15.157995
-5.5045295,-12.174932,-13.457333
-3.3593383,-13.884814,-15.102917
-8.348521,-12.377771,-14.762458
-6.9766836,-11.808468,-14.610626
-2.1459265,-12.376149,-16.349888
-3.5341725,-12.342325,-16.433704
-5.2404404,-11.584489,-15.521614
-6.5238547,-12.412162,-14.353109
-6.0743814,-10.2975235,-13.6019745
-3.6507277,-14.118369,-15.435439
-6.8322206,-11.078869,-14.32896
-9.024047,-12.505764,-13.672577
-4.3447924,-12.465986,-13.2888775
