yaw,pitch,roll
-1.1508368,4.0307007,2.2199216
2.448914,4.435435,-2.2433348
7.4861283,2.99539,-3.7300806
2.3717108,4.877497,-3.7525644
0.6769664,3.5766137,-5.3793726
-1.099677,2.9866803,-3.3665986
-5.363742,5.0800586,-7.338561
-14.676603,-6.7507825,-9.647948
-8.462254,-14.964207,-3.9740598
-20.546238,-7.1665883,0.020150304
2.957066,-6.718789,-2.005206
0.124752164,-11.211012,-5.5273175
-14.12956,-6.648417,-3.6492643
-7.397122,-13.28622,-7.7922235
-6.663378,-12.403262,-9.643538
-7.113958,-8.292682,-6.8622403
0.8818823,-9.350776,-7.762212
-10.047727,-11.748277,-12.869901
2.1243944,-13.55847,-9.350503
-5.6374316,-7.220936,-12.117795
0.021265745,-4.158033,-7.2823553
-0.7842179,-6.7620173,-11.624352
-6.5660467,-10.677067,-12.879418
-2.334467,-10.592644,-11.9072895
-4.3943543,-6.041935,-12.989044
-5.4859066,-9.565631,-9.774707
-3.090276,-6.926296,-14.075573
-7.038903,-13.23432,-11.618785
-0.031029463,-11.863365,-11.989685
0.84071875,-6.601122,-10.974211
-4.928341,-6.7450457,-12.008402
-1.4123057,-6.8581614,-11.256056
-6.5076427,-7.010338,-11.176651
-0.22577453,-11.835546,-14.698181
1.868993,-6.9221244,-14.085012
-2.551364,-4.062092,-14.095676
