yaw,pitch,roll
-5.708663,-13.31255,13.696293
6.8406887,-15.004471,10.959572
2.6477451,-17.504244,8.545405
-0.18690681,-16.505583,8.003129
7.422571,-16.979929,12.696293
4.097644,-17.29,14.480979
1.7904143,-13.321902,10.527807
-5.000162,-15.565987,6.440718
-16.678173,-10.595452,12.132084
-6.907304,-0.77585936,3.2628732
0.061305523,-0.20521641,11.592688
-15.738995,-7.0185184,10.329592
-0.96645546,-10.314146,6.856935
-8.636062,-12.585711,9.494606
-4.970022,-7.1093497,7.2433043
-12.126857,-3.0517793,7.830014
-6.5254335,-12.672831,10.360374
-2.6960673,-17.031406,8.427779
-0.5429201,-16.62047,8.957409
-8.275492,-12.167118,12.373985
-1.1828527,-12.586594,7.3886046
0.84956324,-15.324499,6.5771866
-2.551848,-17.649532,12.934456
-10.9850855,-13.434753,11.146795
-0.47815275,-17.055235,9.080034
0.98934853,-15.485527,6.3305445
3.4053879,-15.381691,7.1760015
-0.61067474,-16.99345,12.448143
0.99560666,-15.238064,4.9848323
5.022502,-14.874757,6.357219
0.5015724,-15.833328,8.656985
-6.3663425,-15.476683,9.92071
-1.5688777,-16.329025,11.361319
-1.6901822,-15.625778,6.601921
0.4944005,-14.835304,7.445662
-0.42637765,-15.86754,7.179927
