yaw,pitch,roll
-3.093998,-1.4298855,5.8443956
-2.569614,-1.8485711,5.3951797
-3.2514365,-2.5544693,6.9459143
-1.6387327,-2.523861,6.511835
-1.3330951,-2.0081217,6.1817245
-4.1696644,-3.1657965,6.437884
-5.106575,-1.1560752,6.5652857
-6.6406746,0.02660513,6.8739243
-7.482422,-7.1639543,8.151985
-6.6373034,-8.807666,5.310254
-5.077558,-2.0657096,8.349888
-6.896563,0.018616974,8.285545
-7.2808375,3.26188,7.5594063
-8.599973,0.44914412,6.7462626
-6.451332,-1.5216949,7.0874286
-3.7616692,-1.9246696,7.287155
-5.243088,-2.0235405,8.260969
-6.664479,1.8635961,7.9569473
-3.8617058,2.705677,6.759187
-9.038987,-1.3370849,6.23205
-3.540494,0.42494023,7.1293383
-2.1913767,2.6274872,6.4505005
-5.790905,1.071238,6.664174
-7.1908755,-1.4584751,3.5104055
-6.6320424,1.2741084,4.5299306
-2.0735426,-0.99359906,5.6986275
-6.679694,0.87134534,5.777172
-4.900341,-1.4723059,5.8812513
-1.8666291,-0.513018,5.265365
-0.66558075,0.76800907,3.2500908
-2.2076726,0.42680964,5.3828316
-5.3519096,-0.456817,5.1889133
-1.8370428,-1.4033962,3.5188377
-3.6803331,0.5689496,1.8533176
-0.73920727,-0.14736485,3.4413264
0.6395674,-0.2334733,4.047314
