yaw,pitch,roll
-32.625458,-11.104563,-2.0328834
-29.808956,-11.178066,-0.7288742
-28.75777,-14.101286,-2.7538257
-29.824936,-15.229069,0.41565108
-32.14919,-14.24213,-0.7898989
-34.588364,-10.658534,-2.0608728
-32.185608,-8.220207,-3.8075655
-33.08001,-13.2724085,-1.2443454
-40.5253,-16.442493,0.9294901
-31.075953,-18.134235,0.5290973
-45.009605,-6.7302,2.4421234
-24.97356,-6.2580814,-6.0026326
-38.251877,-12.128876,2.9176965
-35.408455,-6.5154533,2.1848073
-31.446133,-3.257934,1.9344177
-43.157173,-4.9521523,0.6692383
-32.22203,-9.334679,-0.12385702
-39.16989,-8.908455,2.3598335
-29.665028,-7.0043077,-1.7590128
-39.492485,-7.259988,1.8695328
-30.219162,-7.035311,1.3377199
-32.94533,-6.336025,1.1225923
-29.944553,-8.072916,-0.080406666
-36.332268,-9.16295,-0.6010194
-35.73507,-8.836674,-1.1149654
-27.791828,-5.4381514,0.46735334
-30.191782,-8.985109,-5.3929114
-35.732822,-9.183587,-0.9962239
-27.647179,-7.3414135,-3.867971
-29.089684,-4.1219525,-0.250201
-28.82917,-7.4080606,-8.547811
-26.410412,-9.746433,-7.6190853
-24.16101,-8.032244,-6.9975567
-25.015718,-8.435407,-5.140707
-27.728886,-8.386285,-6.43966
-26.330517,-9.714473,-7.023982
