yaw,pitch,roll
-3.7159467,-9.673368,-15.427536
-1.2536125,-8.973905,-18.667421
-15.108494,-3.8601828,-16.582354
-17.491606,-5.189725,-11.034188
-22.086746,-6.040646,-12.073241
-13.152724,-4.52568,-13.237831
-19.647182,-0.3031721,-12.685991
-16.457275,-6.7871523,-14.554751
-21.704391,-11.803637,-11.64918
-16.442228,-14.404546,-16.100513
-15.004435,-7.8447113,-17.77758
-1.3964505,-13.687558,-13.3647175
-13.752567,-6.5315266,-13.656454
-11.264642,-12.335403,-16.023094
-9.917863,-7.7890105,-18.70727
-9.422224,-6.7852354,-16.218893
-10.975016,-10.800054,-17.361351
-8.023851,-10.70266,-11.616316
-10.840673,-9.20252,-13.228235
-9.342637,-11.007755,-16.356516
-12.554949,-11.4624405,-10.239709
-10.538221,-8.563121,-11.249836
-10.706616,-13.406075,-13.075388
-11.030332,-10.518749,-12.140995
-11.381975,-14.139034,-9.919193
-13.65376,-12.416797,-12.24946
-10.734599,-9.184091,-14.133938
-9.501512,-14.10628,-13.411543
-3.8315196,-5.942341,-11.950844
-8.783271,-19.973995,-14.261829
-4.0468616,-15.185571,-16.045732
-4.2123666,-14.956447,-9.641285
-8.141122,-14.511358,-12.8478985
-3.083817,-14.981863,-16.443943
-3.1564045,-13.816968,-17.477192
-7.2209873,-15.167026,-14.9172
