yaw,pitch,roll
-7.3015137,7.383706,-4.4395623
-4.687222,2.8289247,-6.015273
-4.0515394,4.25936,-7.0068307
-5.613559,3.817727,-5.176632
-6.523212,3.4465523,-5.4556913
-5.943493,2.2443025,-5.7952366
-8.018053,0.46322784,-6.557688
-4.3970194,-1.3688083,-8.511597
-6.224828,0.0011604428,-9.224881
-4.4589405,-0.86673,-7.8225923
-9.357079,-0.4104482,-10.036487
-8.521593,4.1876793,-4.4399686
-6.1821127,7.8546247,-1.6755215
-8.265224,4.993637,-2.2837362
-6.2650013,8.53273,-2.3181853
-9.192043,1.7362559,-4.8663454
-5.67744,0.09882053,-7.1240487
-5.7998996,0.12615442,-8.041103
-4.5031834,3.0062366,-4.2870126
-6.795841,5.667494,-6.012683
-7.47439,5.8047514,-2.9400125
-7.290981,4.320899,-0.45962614
-9.674319,-5.45036,-10.043697
-7.1414294,-7.7742157,-5.844305
-7.6959686,-6.098453,-5.1155505
-5.117359,0.14636767,-7.4437485
-10.176866,1.6504517,-8.365113
-7.6075974,1.3189526,-5.4552307
-8.461021,-0.8487396,-4.3616548
-5.8237095,-3.7286167,-8.602194
-8.87137,-5.967618,-2.9990387
-8.705181,-7.567831,-2.7956605
-3.873105,-5.122529,-6.5398765
-5.5740376,-3.7189765,-6.004878
-6.261573,-4.409017,-4.8285284
-8.640238,-3.7497137,0.5043832
