yaw,pitch,roll
1.6664076,-12.595637,-2.7942066
1.8845034,-12.542139,-4.4866295
0.9909086,-11.723825,-3.9002562
0.7327876,-12.218044,-4.4392147
1.753263,-10.9903145,-5.870674
1.0444789,-11.627372,-4.3441772
2.1228247,-12.815626,-4.494142
1.8290043,-12.236922,-4.7787213
2.7040963,-12.22352,-4.368018
2.5278978,-12.734641,-4.2910624
0.69590425,-13.39111,-2.4948936
0.6190829,-13.609495,-2.9068093
0.06920719,-12.431441,-2.4387555
0.09307194,-11.634821,-3.956449
0.33684015,-11.888012,-4.9416113
0.91906357,-11.440129,-5.1855597
3.6952174,-13.437597,-5.235937
2.1808586,-13.234953,-3.9303803
-0.57057,-11.585632,-3.82788
2.8336945,-11.530979,-3.717957
-15.072383,-10.280523,0.9237416
1.5836287,-11.931637,-10.681606
0.3200717,-15.000966,-8.477523
-3.9916332,-10.078871,-1.6094161
1.8522317,-11.219385,-7.34963
-9.3062935,-11.745001,-1.1401694
1.2126989,-6.8502417,-7.6216435
1.4947801,-14.615897,-10.170418
-8.6267185,-9.90306,-6.491123
0.36389065,-13.773479,-2.4996233
2.727582,-5.2649097,-8.733145
1.6973069,-6.6341486,-11.589158
0.08381653,-10.704833,-5.595028
2.6786015,-15.713993,-5.1800537
3.514732,-13.713671,-5.1022153
1.4005904,-14.165494,-6.0217514
1.2148967,-12.877007,-9.728422
0.33129454,-15.0898,-5.0673
3.0286908,-14.817425,-7.4061522
2.5628624,-14.475412,-7.72846
2.7722435,-15.407402,-7.673669
0.51473904,-13.771776,-7.7733994
3.0781307,-13.995698,-7.710031
2.4597101,-12.585046,-9.518676
2.368072,-11.707641,-8.846079
5.2980328,-11.788252,-10.894618
4.256063,-12.232127,-9.78709
3.6141844,-13.235344,-8.218924
1.6182237,-15.572679,-10.562186
5.669579,-17.28137,-7.91207
3.0870113,-17.273197,-7.1448526
4.6201334,-16.430607,-9.164503
1.4864745,-16.788626,-11.19145
-0.96624756,-14.674166,-10.106827
1.5963764,-11.302778,-8.985581
2.9865985,-13.267114,-10.154298
3.018145,-13.285472,-10.588787
0.8889017,-15.286106,-9.235106
3.2029295,-11.624431,-7.8353977
3.0828004,-10.958569,-7.219705
-0.48308325,-12.799868,-7.891626
2.640895,-11.626171,-7.541239
4.097755,-12.43467,-5.792383
2.9664955,-9.997532,-6.977271
2.9973798,-13.099737,-6.529051
3.527461,-12.859163,-5.7748237
2.9061108,-13.537255,-7.4411488
6.335875,-11.840776,-6.4600525
11.644404,-6.2344766,-6.832494
9.224237,-9.352983,-8.378373
9.638488,-9.663815,-8.806384
7.7922735,-14.651459,-10.842325
4.8944983,-22.20734,-6.414385
8.362382,-12.31984,-6.8505983
5.653505,-13.978884,-5.742786
6.4754467,-11.659755,-10.396743
5.213607,-11.571633,-7.7285056
5.38817,-10.790169,-7.701141
6.3997507,-10.828996,-5.601219
8.596982,-14.514515,-9.077961
7.5865307,-10.744121,-9.353995
7.1621313,-10.302013,-8.8608265
6.804147,-11.408871,-7.432234
8.6430855,-7.7035093,-7.301831
7.171924,-8.425663,-7.280137
7.1303844,-7.3160067,-8.404033
7.6981297,-9.111662,-5.8831882
7.6165504,-9.201313,-7.8452067
5.690427,-5.4892416,-9.8192425
4.618845,-9.435,-4.682151
