yaw,pitch,roll
-16.267605,-12.50363,5.2398767
-17.883156,-11.139356,4.840364
-17.96732,-11.906547,4.415691
-18.176735,-12.345108,5.1080785
-16.600294,-11.915109,4.38902
-16.439848,-12.85132,4.0626764
-15.586219,-12.879264,4.7996373
-16.468018,-13.211128,4.1789007
-18.512262,-11.144187,3.6085954
-17.861698,-11.289059,4.1436796
-17.08567,-11.310309,3.9599347
-18.746563,-11.441944,3.0651357
-17.999584,-10.498575,3.2944183
-17.268456,-10.811125,3.1878753
-17.516544,-8.645575,5.822826
-20.390263,-7.8273582,2.8015056
-16.305542,-5.75187,4.8310184
-18.944382,-8.126644,5.0140486
-17.85935,-10.243366,2.8552952
-16.224691,-5.4273605,5.4068766
-16.146187,-5.127252,8.262358
-16.04038,-6.430684,6.7848015
-18.421856,-11.965168,6.8567734
-18.00589,-10.7302475,5.362559
-15.070908,-10.931633,6.060649
-14.862495,-7.177641,5.9567723
-18.466,-10.944283,5.879
-17.654602,-11.70525,5.7620473
-17.532806,-11.487946,6.4123583
-16.716103,-9.45499,5.2649264
-18.835674,-10.308876,7.495431
-17.768906,-9.552361,4.6180367
-18.23661,-11.798479,6.3383493
-15.291468,-10.81322,7.218189
-15.22534,-10.626959,4.0587006
-15.225977,-12.142036,3.7056365
