yaw,pitch,roll
-5.7476563,-7.7666197,2.4447663
-4.697689,-8.4301405,-0.28486687
-5.831004,-6.630641,2.1915832
-5.828069,-8.369116,0.33419585
-2.692853,-5.1309147,2.7194743
-6.7562575,-6.7748938,3.5481343
-3.9462738,-4.937484,1.7808896
-5.0601926,-8.225567,2.523321
-6.658808,-5.502307,1.8681154
-6.5867524,-2.369623,2.936346
-9.334767,-3.393376,4.883028
-6.5400105,-6.288122,1.8582486
-9.456061,-6.3717585,6.258613
-10.339698,-6.204321,9.808847
-11.86759,-8.103465,8.314621
-7.9382,-4.5224433,6.513824
-9.229765,-6.3125734,6.199356
-11.488102,-7.7751904,8.28544
-13.211367,-9.406565,7.3228455
-10.3485155,-4.8020945,10.276949
-11.701543,-7.7473245,8.396702
-10.239925,-5.8337536,5.8343296
-10.795586,-4.2814407,6.600744
-12.882863,-5.782943,8.201153
-10.697117,-5.1834106,9.360102
-10.814969,-5.697504,9.565949
-13.2848,-5.469292,9.1322975
-12.999626,-6.6488113,9.467962
-11.953501,-2.4977963,8.63084
-14.150733,-4.607797,8.200134
-13.736799,-6.7577076,8.402961
-15.516323,-6.090105,10.689434
-14.838989,-7.2125683,10.040365
-14.389658,-6.782811,9.809114
-15.712027,-6.599261,8.341462
-12.256568,-5.1400375,8.252344
-14.641896,-5.8485518,9.587344
-14.219833,-5.67832,11.909626
-15.991589,-7.121114,11.503666
-14.111613,-4.6261334,12.097538
-13.091234,-4.237017,10.716651
-11.340842,-7.7962894,8.754074
-15.818281,-5.828274,12.496759
-13.922678,-3.4590797,11.010162
-12.945406,-5.7764525,10.606486
-13.850412,-4.3858504,11.18791
-14.4898205,-4.7162604,10.714011
-16.046614,-4.0927467,10.976259
-15.302736,-7.178818,10.986721
-15.6163,-5.785327,10.235913
-14.353405,-5.1467586,9.500528
-14.025557,-6.965494,10.137798
-14.905321,-5.8516417,11.229809
-12.844851,-7.1921463,10.841547
-13.9458275,-5.4518423,9.892912
-13.861535,-6.0279326,9.51418
-15.384304,-7.692152,8.171169
-15.112007,-5.6592484,10.149301
-15.438423,-7.8539343,9.989768
-13.3440895,-7.984995,10.501105
-14.645025,-6.578894,12.213751
-14.214392,-6.3637977,11.4990635
-13.217494,-6.623446,10.984348
-13.372999,-6.256906,10.968752
-13.986637,-6.401343,11.26353
-14.172477,-7.023731,12.081741
-14.180092,-6.871235,10.293436
-13.854845,-7.403105,10.654964
-13.871897,-6.302848,11.015643
-12.934297,-5.990371,10.867084
-12.77718,-4.8652163,11.676504
-14.187498,-5.705725,11.19827
-15.271872,-5.6131897,11.366318
-14.760563,-5.8676095,10.330194
-14.743649,-5.819569,10.841808
-15.311962,-6.6610565,11.15814
-16.103209,-6.265032,10.888223
-15.094716,-6.6360416,10.995498
-15.359319,-4.8494825,10.692919
-15.7342415,-7.239496,11.2739105
-14.525055,-6.1711273,10.424672
-14.960121,-5.074538,11.319416
-16.97432,-4.8723507,10.980794
-15.485626,-4.852543,10.920464
-15.330574,-6.928887,12.31275
-13.493384,-6.0917244,9.119228
-14.921978,-7.255787,11.439934
-14.827773,-6.3667135,10.732213
-16.040014,-6.157587,10.033056
-15.512966,-5.9870105,9.670988
