yaw,pitch,roll
-4.931008,-7.767064,-2.5845604
-5.8893824,-9.45145,-7.159348
6.7134733,-12.423137,-2.7833335
6.3256164,-9.066602,-4.7501597
10.84292,-13.207004,-6.3179555
10.009454,-8.416426,-7.306834
12.897705,-5.1939235,-5.5262723
9.862289,-7.4121346,-3.991378
0.7853751,-8.484015,-8.118198
-23.922817,-8.158312,-3.8902445
-5.205205,-14.134623,-3.2595816
-23.643646,-12.410382,-2.6616201
-10.371344,-8.481847,-10.020758
-5.6850057,-9.952981,-11.680668
-17.91797,-11.824555,0.19237721
-7.4135265,-17.276852,-3.5441062
-21.01596,-14.678522,-1.4398954
-22.660397,-10.766098,-9.647702
-17.511385,-11.241827,-11.501173
-17.065086,-8.216416,-8.750711
-18.513485,-6.902579,-7.3945303
-11.2972555,-12.174842,-7.5914116
-13.826198,-12.554578,-8.5906
-17.576569,-9.985036,-12.911415
-9.064466,-11.770013,-14.460674
-14.996252,-6.2918453,-10.011563
-5.683011,-12.218511,-12.133847
-12.520614,-13.986992,-11.790336
-4.4263115,-13.2748375,-11.408929
-14.962995,-11.297268,-13.267745
-13.174875,-15.195253,-10.46144
-2.3764021,-15.222605,-8.5112095
-6.5248914,-15.919394,-12.398419
-5.156326,-15.407127,-11.58626
-0.9147012,-16.965405,-9.554913
-15.378555,-14.33946,-9.773369
