yaw,pitch,roll
-7.2219715,-7.6403155,-1.9627445
-4.9484954,-7.648953,-2.8473608
-4.957297,-7.696796,-2.855595
-6.2597313,-6.5848393,-4.6249866
-7.0330462,-8.430137,-3.2559228
-3.067634,-7.38139,-3.6804142
-3.761147,-8.434853,-2.408341
-4.624694,-8.314093,-2.6714025
-3.2710757,-8.694628,-2.4581203
-6.3852634,-9.013687,-3.796725
-10.959313,-7.494873,-1.1205945
-7.1691103,2.205124,1.1269609
-3.551115,0.116508484,0.79315764
-8.031734,-6.9419065,-2.1361802
-2.6972704,-6.0456057,-6.3472414
-4.4794993,-10.112852,-1.1879007
-3.9447398,-11.802087,-3.8122106
-7.998612,-7.703217,-3.1591375
-2.0358324,-0.72136265,3.6218972
-2.7947376,-7.8931403,3.0263014
-5.079327,-9.182431,-3.2901573
-2.5962768,-7.934033,-0.99919736
-3.4319413,-5.253548,1.116039
1.752831,-0.5071528,2.6091907
-4.7926297,-10.17349,-3.7062428
-10.702483,-11.859724,-0.8796211
-10.87727,-9.543944,2.0194697
-8.622896,-11.825436,1.2810771
-5.513013,-10.312498,-0.8304591
-2.8911407,-5.2288938,0.22343183
-2.1989758,-6.833228,1.6770818
-8.346446,-8.408692,-2.57219
-4.6003256,-8.741751,-4.03314
-5.2968,-6.6087546,-0.4765854
-2.2649167,-5.313919,-1.905288
-6.5857735,-5.48737,-2.039358
