yaw,pitch,roll
0.15757442,0.35314536,-0.9749876
-0.015621901,-2.5100617,0.31397533
1.4659505,-2.8929331,-0.6902966
0.29754043,-3.2654462,-0.7304337
0.47495794,-1.4468871,-0.6696869
-0.9340856,-3.32211,-2.3854914
0.55443144,-2.6190283,-2.9679508
-4.530072,-3.7610857,-6.671298
-4.7872353,-5.6540575,-2.836608
0.4421835,-3.2974963,-2.8793235
-4.585694,0.70954823,1.1449753
-9.084687,-3.2669487,4.544823
-14.797705,-10.939756,-4.5168333
-13.409544,-11.881566,-5.9393287
-18.12621,-14.473776,-7.5117574
-18.450636,-9.45861,-1.5445518
-8.474299,-9.475785,4.379001
-18.284216,-9.756118,-1.0868688
-10.173867,-6.4826136,1.1127565
-11.049787,-10.064846,-4.7459965
-21.93893,-8.359272,1.5967405
-4.7624645,-11.274899,1.0792451
-10.842001,-12.467691,-1.6387336
-7.9689174,-10.173566,-0.2292846
-10.082494,-7.0678267,-0.13616943
-9.024713,-11.915464,0.48714024
-8.112271,-7.4390016,5.5116167
-2.8002124,-8.297993,0.39867872
-1.3863251,-7.631242,1.3887627
-2.2366378,-7.812475,3.0733318
-0.5239208,-8.132324,3.8330886
-2.398773,-7.502079,2.7113407
-3.9520824,-4.3424573,3.648346
-0.9431863,-5.197314,2.239497
-1.7731094,-5.0066276,3.4321835
-2.4214149,-5.7894287,2.935235
-4.9697504,-6.205158,2.927424
-2.7295551,-5.9533134,1.879085
-2.6008058,-5.5539513,3.5105414
-3.4798298,-5.7459908,3.9448292
-3.4419692,-7.4811516,2.2607267
-3.3506463,-7.399188,3.7928958
-3.1304035,-7.0805397,3.9527192
-5.7871027,-5.8369913,2.482155
-6.0648475,-6.1236334,3.2469215
-3.8895266,-3.3825676,2.2428432
-3.7977881,-3.7372758,2.4906483
-3.138685,-4.534849,3.0453951
-2.9536836,-5.1170573,2.2627666
-3.2677834,-4.072438,2.588254
-2.6579146,-4.271057,2.8285403
-4.417602,-5.257633,3.3923059
-5.098549,-6.2512865,3.691555
-5.9825115,-6.316783,3.8194122
-7.2175703,-6.804161,4.4563704
-6.5889826,-5.7517233,3.892599
-7.0810394,-4.1839523,5.063072
-6.9077406,-6.0211353,4.592603
-4.8604727,-4.8028827,4.745079
-4.7144947,-4.829281,4.3172293
-6.0129404,-5.4600554,4.9384365
-7.1231966,-6.188068,4.8470726
-7.4542623,-6.313276,5.305312
-7.3224525,-5.609415,5.300804
-8.010024,-7.927145,5.2689996
-8.100237,-7.005535,5.907085
-7.7148542,-5.2695208,5.5402374
-5.597393,-5.5348177,4.862218
-4.877565,-5.4119077,5.1038866
-5.567131,-5.790738,5.79958
-4.266261,-6.9316864,5.404426
-4.8989534,-6.1082883,5.6024857
-5.8780203,-6.1280193,5.874047
-4.958829,-5.407225,5.512871
-5.543672,-5.3204803,5.1285024
-5.7125487,-5.4799504,4.149246
-3.8468854,-5.8971405,5.818851
-4.171631,-5.835243,5.1955004
-3.5310664,-6.6543474,4.839139
-5.1444025,-5.9591913,5.7936807
-4.324072,-6.350628,5.957947
-3.4328542,-5.8979855,4.9313445
-5.050083,-5.567189,5.117726
-5.108121,-5.534708,6.000333
-5.3579974,-5.4651937,5.0520983
-4.2123704,-6.396456,4.6928654
-6.1010637,-7.1298904,5.367456
-4.8277874,-5.6204724,6.2715282
-4.4597206,-7.183958,5.1656146
-4.8090014,-6.631261,5.5321507
