yaw,pitch,roll
-15.987943,-3.3572426,1.2669171
-16.269608,-2.8760588,-0.6883658
-13.516829,-1.0085306,-0.09368551
-7.360494,-1.026302,1.7923433
-18.425783,1.4568694,-2.2436564
-14.290474,0.653806,-2.4839644
-19.68023,-5.7202363,1.9981358
-17.92688,-9.811894,1.0245278
-13.550481,-9.67571,-2.2563677
-12.770695,-6.238532,-2.3614726
-22.70297,-3.3336136,0.48321676
-21.14087,-2.9633038,2.7284536
-18.666632,-7.252205,1.8666475
-17.661568,-14.284661,0.13356113
-15.373484,-9.620375,-0.29579228
-19.163801,-7.881608,-0.526078
-19.368946,-4.272688,1.5962278
-18.015572,-4.799617,-2.0439622
-17.602695,-6.148195,-0.8123708
-13.581015,-8.667505,0.18267554
-16.566381,-8.434298,1.7344193
-17.885738,-4.6299963,0.3846298
-20.507004,-6.5510435,2.02558
-21.18634,-6.325758,0.14687529
-16.367296,-7.5286436,1.8393542
-13.816398,-8.298233,0.7438339
-19.08766,-7.461982,-0.8852389
-16.045177,-9.204668,1.9751896
-13.716732,-7.405754,1.2323672
-14.548949,-5.722071,0.79548067
-16.240915,-6.2064924,-0.25513232
-14.81072,-7.4146247,-1.528365
-10.197594,-8.448921,0.24189281
-15.85121,-9.199314,-0.9682578
-17.508846,-7.600391,-2.0791948
-20.554712,-9.547878,0.53478456
