yaw,pitch,roll
-2.6945186,-5.3461866,2.715204
-3.4343643,-8.573625,2.4407556
0.246948,-9.522401,3.1313448
-0.5942879,-9.2346,3.7871835
-0.6964536,-8.540463,3.421746
-4.3022394,-8.864111,7.122902
-2.1027896,-9.643434,8.440744
-0.1856358,-6.2965236,5.2738695
-2.1641543,-9.167189,5.0020227
-4.3999376,-9.617314,3.1332948
-5.292264,-8.932824,6.0754986
-4.874551,-9.489977,4.905965
-3.101032,-8.959155,4.490772
-4.8132386,-8.166784,4.684577
-2.1979668,-9.264999,6.0013366
-3.7532225,-9.756796,6.599972
-2.5973957,-10.326119,4.369832
0.23739326,-5.328773,2.038697
-5.3332567,-6.2190285,3.1655858
4.021593,-6.764552,4.881446
-7.2662983,-6.6715336,1.2173676
-2.4651222,-3.5303276,7.38214
-4.313219,-6.0815372,2.7966762
2.024171,-7.085336,1.3163128
1.4613242,-6.2394495,6.352026
-5.162592,-6.9877977,5.4756565
-2.665968,-5.345679,6.3811245
0.9091152,-4.8606524,3.5304437
0.3693341,-7.425003,4.7938156
-1.1755453,-7.4891458,5.8508883
-0.17986202,-7.564325,5.594939
-5.68287,-5.703457,1.9844444
0.3810873,-3.080914,7.822819
-1.3710729,-7.050314,6.9326706
-0.8677714,-3.5648668,8.82458
1.1788375,-4.1579666,6.7670455
-1.3814931,-1.9545727,7.5459843
-3.9744365,-4.388095,5.937391
-5.235053,-5.664553,5.82936
-1.8541126,-4.1334915,6.141822
-3.0170517,-4.376708,3.5851846
1.5294232,-6.5100803,5.08585
-2.208853,-5.3506193,5.6664276
-2.2355912,-5.729877,5.878934
-2.49833,-4.8712463,6.2233796
3.719785,-6.235081,5.4145684
-2.9843183,-4.7575054,7.1147165
-1.8923523,-4.8424826,8.068737
-1.1447363,-4.8553567,7.4108324
-1.2795926,-7.49068,5.8874207
-2.4095747,-6.2248545,6.055232
-1.3008988,-5.8709784,6.8786545
-0.92509365,-7.1850967,5.5189085
-1.8223724,-6.2181396,6.41575
-2.44168,-7.1060915,5.3587413
-2.7443495,-5.5818377,7.1529493
-1.4235913,-6.1320486,6.7678146
-0.38980103,-5.940931,5.46128
-2.0740895,-7.180598,5.9088125
-0.58793235,-5.6497993,6.3153815
0.82303905,-5.7892547,7.2622614
0.38035297,-5.763307,7.854997
-0.9191525,-5.699583,6.6865582
-0.6357274,-4.362074,7.066702
-0.7083905,-3.3715062,8.326921
-0.9159479,-5.437267,6.6668386
0.052792072,-4.7082376,7.2949867
-0.20206785,-5.9049087,7.141362
-0.3160069,-5.5504026,6.146475
-0.9923432,-4.742193,6.8499537
1.1249149,-6.1278934,7.642705
0.1758213,-5.206894,6.257328
-0.83471966,-5.5694437,6.884839
-1.88374,-5.314284,7.246743
-0.116898775,-5.206212,7.5049973
0.0012271404,-5.337227,6.517581
-1.2124667,-5.2761774,5.9175797
-0.8389766,-4.8250804,6.6908636
-1.1542101,-4.007702,4.9546003
-1.9365962,-5.967233,4.408425
-1.8127967,-5.382147,6.688546
-0.9907143,-3.7173727,7.247021
1.8213936,-5.120425,6.7903438
0.89302015,-4.038293,7.692942
-5.8309855,-5.555513,4.6402216
-1.7747895,-5.316925,5.916233
-1.1381071,-5.7233963,4.579316
-0.9723728,-5.419779,4.265135
0.6531677,-6.2444205,5.400302
1.7285361,-5.7670097,5.2831736
