yaw,pitch,roll
1.6890097,-11.320311,8.352812
1.954797,-14.198413,7.8122396
4.4252443,-12.647685,6.351215
1.4061723,-10.039035,6.9008894
1.1157913,-11.834393,8.763819
1.6356063,-11.152294,9.509634
-1.7530277,-13.005842,10.755449
-2.6201859,-14.884868,10.756371
0.8667526,-13.008108,7.6941423
-3.7246456,-12.291269,13.276709
-6.3402677,-10.59136,9.125481
-0.41662025,-10.230715,9.238119
1.7443404,-15.2761135,11.438319
-7.5896444,-19.766434,17.115446
-5.820616,-14.973085,11.95556
-2.4257421,-12.296583,6.8930254
-2.2504795,-12.132162,7.5262523
-0.35262156,-13.703553,12.313398
4.0483394,-16.209059,8.375483
0.28511477,-14.698847,8.097738
-0.5928385,-14.503094,6.264123
0.30347753,-14.911646,10.962292
-1.5639677,-15.626804,10.6663685
0.49889517,-11.136377,8.491563
-0.21546555,-15.409829,6.195796
-3.4425433,-14.51886,6.4945407
-4.55162,-14.4174595,9.059689
-1.5233669,-14.196664,11.877552
-3.026639,-13.923294,11.641015
-0.13088894,-16.628593,5.6436844
-4.209372,-16.521059,10.576929
3.1660132,-14.284323,10.208472
-4.1219077,-12.56596,7.668351
0.99309874,-17.878689,9.851271
-0.15530539,-15.601512,10.797045
0.92602944,-14.294844,7.0309877
