yaw,pitch,roll
-20.541796,-6.764834,-3.440971
-23.001303,-7.0991354,-3.4648373
-21.50497,-9.203991,-3.69939
-20.665228,-8.282141,-1.3477898
-20.297497,-6.5556717,-1.6091564
-26.154259,-4.207023,-0.063539445
-15.910698,0.27048063,-5.1407886
-42.11727,0.4220394,4.9512196
-19.549244,-7.5319657,-5.8476357
-21.477827,-4.5084167,-1.8919328
-19.40716,0.9319458,-0.07032788
-38.967957,-7.5856977,1.4841468
-29.667412,-5.854125,-0.11744797
-19.411327,-1.5038182,1.3532199
-28.01519,-6.103559,-0.7086909
-23.463425,-5.688895,0.40734172
-20.374321,-0.595896,-1.3325788
-21.62025,-4.40246,-2.4938424
-25.582817,-8.204617,0.06324893
-24.438988,-9.234066,-4.806196
-23.118698,-5.8566165,-1.5737252
-25.186447,-1.4083047,-4.932617
-23.675632,-5.891627,-3.1138082
-21.587166,-6.0509725,-3.0928502
-23.712484,-4.6966867,-1.6599891
-20.938625,-7.5946074,-1.3131199
-26.856699,-5.548259,-4.870265
-17.303223,-8.595818,-4.574832
-26.473675,-7.1885395,-3.4288282
-25.112991,-7.819607,-3.8022003
-21.258186,-2.7769952,-1.7840362
-20.951172,-5.588589,-2.9090307
-23.91344,-8.810149,-5.8085604
-22.105919,-10.708591,-4.810603
-21.552807,-12.795668,-4.2172933
-20.8861,-7.2893972,-4.22016
