yaw,pitch,roll
-3.3642635,-8.495091,3.6363833
-4.9425964,-7.5342283,4.1864157
-4.5862713,-7.65687,3.463959
-5.1591215,-8.59772,2.1230278
-4.693322,-7.341701,5.2155027
-4.5331297,-8.269943,5.237063
-4.2777624,-7.807749,2.647963
-6.067117,-8.154092,3.4858723
-3.6108716,-6.8406134,3.6431046
-3.5862482,-6.5532646,3.9459
-0.06871128,-6.339948,5.052843
-0.3063197,-7.0661297,4.5738373
0.57829,-4.896928,4.6901503
-1.3238912,-5.029105,4.2376094
-1.7027111,-5.6162577,3.1599607
-0.30859327,-6.8104663,3.8901646
-4.8887925,-5.766823,4.0587215
-13.309658,-9.656271,-0.6777675
-5.8193917,-5.184372,2.1673331
-3.459405,-7.5660915,-0.869075
-3.088055,-7.5667458,2.7291305
-7.1664124,-5.106834,0.3982591
-3.4272904,-4.05173,1.8037063
-7.054328,-6.1326103,-3.4388883
-0.9460225,-7.512804,6.4221015
-5.057667,-8.7632265,3.4268947
-2.8663347,-8.972366,1.340311
-3.2012506,-4.734025,-2.9795938
-9.49423,-5.99492,3.9280126
-3.9768052,-9.525191,4.407796
-4.46505,-6.8388796,2.9192183
-3.0639734,-6.2398686,1.9397587
-2.2803926,-5.7849956,2.6704519
-2.3066611,-4.9995003,3.7116792
-3.564208,-8.858553,2.7398672
-1.9780941,-6.221882,3.1819801
-2.0199294,-5.6906476,2.8675365
-4.898312,-7.7417946,3.1922674
-4.150837,-7.238651,2.0767956
-2.2211518,-6.893897,3.0559068
-3.5865545,-7.731215,3.0845141
-1.862709,-7.0981207,1.387732
-2.1942968,-8.008015,3.6452045
-2.9434047,-8.533135,3.8649206
-3.4324064,-10.930193,4.5428996
-5.1835585,-10.620272,4.735098
0.8358164,-6.169216,4.543256
-2.5702844,-8.947988,4.202197
-3.5784633,-7.571435,3.8546
-2.7443647,-8.849286,3.8128664
-2.485075,-9.084171,3.8529449
-4.642387,-7.926488,4.4676895
-3.3461704,-8.078438,2.6177037
-3.1200287,-9.311914,2.3251219
-4.7412786,-10.487862,2.9544988
-3.6449196,-6.2844877,3.1154046
-3.0420394,-6.0245686,1.2122992
-6.1942325,-8.931245,4.280955
-9.232869,-9.114447,2.7543895
-2.487892,-3.7813592,3.2103088
0.12312508,-4.394852,2.9246063
-5.1712027,-8.001744,3.392033
-0.8954365,-5.079103,3.527237
-2.711233,-0.76984394,3.4028645
-4.2408485,-4.4986973,2.6793966
-3.5025625,-6.4623775,0.78957474
-4.9240875,-5.5042057,3.8855715
-8.597038,-2.3026884,3.4773111
-0.30635476,-0.45000765,2.9868886
-1.4934387,-4.45537,4.258635
-1.3191634,-4.714258,5.6050096
-2.158996,-8.262044,2.988057
-0.7911861,-7.7545137,3.0748444
-1.1495833,-8.860289,3.252664
-3.3149004,-6.86792,4.2034144
-0.95248294,-8.651253,3.7130637
1.0203686,-7.813883,3.1810975
0.7892089,-9.083969,2.6223488
0.83532476,-12.672368,2.6347897
-9.735874,-16.384365,3.2642868
-7.0297074,-10.922359,1.6424596
-12.498977,-11.577518,2.534579
-15.637682,-9.509827,4.5260544
-19.117823,-7.945808,4.6079416
-10.958888,-8.732293,4.7619104
-14.252187,-9.292788,3.0513272
-15.057831,-9.420562,1.1709347
-14.272183,-8.787571,0.4868257
-12.370211,-9.057947,0.74748814
-7.281561,-9.137407,2.2583048
