yaw,pitch,roll
2.7786915,-4.5805874,-4.357523
0.42535758,-5.865513,-4.7259803
5.7186165,-5.404798,-3.338424
3.155429,-5.6457243,-3.903419
-13.688311,-0.23651516,-5.6568594
-3.8965173,-1.214802,-8.001408
-4.1053224,-2.6951957,-7.798787
-13.103169,-6.8758345,-10.221083
0.53196555,-8.957504,-6.601405
-6.018216,-2.9623127,-5.640784
-1.8430274,-2.8774402,-6.2368217
-3.6657631,-3.9871106,-6.0560555
-9.88554,-6.245062,-5.179881
3.1462145,-7.520599,-6.218008
-5.093618,-6.8115644,-5.232973
0.96566105,-4.3031597,-8.057358
-5.370658,-3.8582141,-5.006009
-5.2426214,-6.089869,-6.014594
-0.20015538,-11.464791,-6.3579626
-4.5686917,-3.8740237,-5.584595
-4.982115,-5.2573085,-6.7210193
-1.4700888,-4.0247884,-5.601642
-3.9359076,-3.2882984,-3.8915238
2.6369824,-7.454089,-5.9822326
-7.8219585,-7.836649,-6.717967
1.8111453,-2.7252674,-5.832791
4.6433377,-3.8715947,-6.2116814
-7.631251,-4.5736814,-4.8148875
0.90260184,-10.002109,-7.2760487
4.1383557,-5.4435263,-7.964493
0.8446231,-6.0690293,-6.444773
2.4182005,-3.4506834,-5.981858
-7.0729384,-8.0721,-8.218355
2.1285777,-7.91899,-6.5810328
-0.5200602,-7.4177995,-8.48062
2.5069616,-5.4146953,-4.972301
