yaw,pitch,roll
6.475681,-12.143135,10.986289
3.1346154,-10.722783,12.131257
5.334289,-8.775145,11.284815
2.1335979,-11.6761,10.746249
4.5261087,-11.627575,9.877272
4.2317867,-11.705578,11.004816
5.2822556,-10.998974,11.768021
5.115085,-10.558871,3.9946272
2.77441,-4.777669,6.7244444
6.2612467,-3.2618089,8.058844
6.1833186,-4.8830786,7.337682
4.891876,-10.58794,5.2780213
5.569952,-12.276606,9.902082
7.245884,-9.93898,4.4681687
2.7528048,-0.90577054,13.128359
13.336542,-11.860501,8.028509
12.874568,-11.264853,12.032463
6.6547976,-11.976335,12.684282
9.741868,-3.5565636,5.7618833
9.508139,-4.0362525,11.559351
14.414643,-11.282873,7.811924
11.1907,-11.627522,15.895477
12.300049,-8.949083,7.0650043
4.2160544,-5.4631834,11.018819
14.021387,-4.6581717,10.510042
5.7029805,-9.711383,9.326714
6.9488215,-10.055356,12.431349
9.068638,-11.059275,12.318245
7.3619947,-12.61301,8.642308
8.947784,-11.371864,9.368857
12.318554,-9.985764,12.287689
9.972831,-8.868856,10.858101
10.403363,-10.330589,8.809008
10.040056,-11.096596,9.983216
10.632181,-10.939367,8.7165575
12.557874,-13.504711,9.010627
