yaw,pitch,roll
-43.402462,-4.7477226,-7.463604
-41.493385,-1.6132491,-3.2193487
-36.77967,-3.7162902,0.40648296
-36.696644,-3.7605567,-0.53215885
-39.70697,-2.398736,-2.6378233
-34.940598,-0.88123536,-0.009480238
-40.488094,-1.7563806,-1.7532024
-34.940437,-3.1370168,0.29987466
-39.012295,-5.1742525,-4.5352063
-33.57559,-3.6230664,-4.328392
-40.33226,-18.832548,0.8217257
-33.90071,-13.231352,2.3854487
-38.67338,-10.948193,-5.8777328
-36.715076,-1.0391395,-1.0836786
-35.65621,-5.1851344,-1.2391547
-35.681854,-4.4740143,1.8467093
-33.3029,-6.0831347,-0.614131
-34.69494,-3.8949044,2.9746304
-40.72004,-10.125841,1.9038955
-36.555946,-5.689158,-3.768043
-32.255634,-6.044615,-4.4827995
-29.847466,-9.016494,-1.7186006
-32.889626,-2.2090564,1.5547792
-33.919605,-6.439466,-2.048111
-33.033924,0.21983314,-1.5028638
-33.461174,-4.1774197,-0.4517225
-32.015182,-5.2310786,-1.9486125
-33.62085,-4.8695407,1.8135209
-33.115284,-5.536893,-1.8809617
-30.417551,-5.4947743,1.469347
-35.07714,-0.1482315,-0.678084
-31.704268,-3.2010322,-0.9031516
-31.299934,-4.735447,-1.0864092
-33.11801,-5.250228,-0.8327716
-33.034344,-6.8075814,-2.699195
-34.131264,-4.9317226,-1.8779913
