yaw,pitch,roll
-13.857584,-6.309799,4.889242
-14.214241,-4.627219,7.221492
-14.148661,-7.1304007,9.235748
-17.46612,-11.694049,8.124187
-16.33736,-9.182157,10.980992
-18.61766,-11.971603,10.998118
-14.578455,-11.514518,10.319055
-24.762989,-11.14304,13.755199
-40.005608,-13.094713,12.738938
-21.64472,-11.666994,10.678938
-22.302652,-9.765972,16.773344
-24.25313,-13.461317,10.993457
-25.714397,-8.917902,14.000549
-20.736027,-13.796243,17.20929
-20.119461,-10.329298,15.170475
-23.612745,-12.356819,15.850754
-19.24507,-10.062216,15.486885
-18.762499,-10.696461,15.391558
-18.139204,-10.415595,14.195335
-21.000603,-10.752161,15.039781
-20.731834,-10.909767,14.289173
-19.996864,-10.432581,12.772691
-19.677547,-12.538437,14.015566
-21.113451,-10.726073,15.638105
-21.508366,-12.564074,15.382111
-19.187752,-11.96299,13.82122
-20.518143,-12.278277,14.148081
-20.712475,-12.019093,15.083845
-20.514843,-11.856786,15.491493
-21.189274,-10.821558,15.936661
-20.154312,-10.858353,15.538436
-19.42767,-11.243088,15.545985
-17.701086,-13.756089,15.767197
-18.953316,-13.00015,16.007294
-19.364288,-11.414362,14.917857
-16.901787,-10.730261,13.883482
-18.73092,-11.253736,15.390776
-18.004732,-11.9921665,15.129303
-18.77661,-12.052954,14.9665165
-18.631878,-11.699808,14.981926
-18.170702,-11.488769,14.439822
-18.641933,-10.928405,14.449875
-18.727165,-10.509301,14.735832
-19.733948,-10.916686,15.233006
-20.001106,-10.781055,14.641958
-19.979553,-10.479128,15.097713
-21.347595,-12.173418,15.414116
-20.213842,-10.25759,14.769184
-19.977543,-9.996326,13.982513
-20.398293,-11.031462,12.710018
-21.678013,-12.263107,12.650745
-19.915482,-12.076831,12.947699
-22.188496,-11.768244,14.753891
-23.491493,-12.43697,14.617675
-21.898327,-11.097013,13.532324
-22.163584,-11.544342,13.311556
-23.870182,-10.704303,12.587571
-23.577782,-11.203108,14.038848
-24.267532,-10.6923485,13.348421
-25.186272,-10.996786,13.784381
-20.575937,-12.2387295,13.240388
-20.897915,-12.019466,13.080988
-24.274248,-10.599633,13.588598
-22.280203,-10.027402,14.2026
-23.691738,-10.460954,13.14638
-23.249435,-13.035229,12.647627
-23.172937,-12.966507,13.750456
-23.239058,-12.827522,13.446817
-20.627302,-12.360735,12.174141
-21.00665,-11.018173,13.126232
-22.445171,-12.022718,12.995305
-21.010868,-13.687859,12.814997
-21.90778,-13.196756,13.337586
-22.075375,-13.713379,13.929279
-21.378222,-12.740053,12.5753
-21.706615,-12.898459,11.509689
-22.576809,-10.294177,14.162176
-23.06474,-12.299022,13.364725
-23.783463,-10.839783,12.561372
-23.45959,-10.935404,13.314135
-21.609928,-12.348494,11.964312
-21.583027,-14.121443,13.104326
-20.895481,-13.417555,11.526525
-19.270464,-14.367512,10.826537
-20.520912,-15.279039,12.181709
-20.41072,-13.806424,12.306649
-22.768864,-12.817482,11.970342
-21.886894,-12.2383,12.192614
-22.26609,-13.917499,12.884512
-21.373405,-12.793182,13.2872
