yaw,pitch,roll
-2.665224,-8.967636,-1.7415923
-5.315603,-9.68003,-0.8373351
-2.217363,-9.553896,-1.297128
-2.1920967,-8.890621,1.4870437
-6.7247,-4.408092,8.301985
-7.167161,2.2826438,5.800317
0.34238338,2.6235323,10.323413
-5.6070533,2.7292662,7.7201138
-6.7660284,0.14680445,6.074864
-2.4336362,-2.809971,4.040692
-1.3583317,-9.434611,3.4689422
-7.3463354,-2.2652838,5.6044645
-14.597427,2.3270128,1.5436262
-2.571708,-2.5689175,5.629217
14.6603,-4.648566,-2.2134435
2.6509066,-0.9988342,9.703766
2.9602337,4.008695,9.991983
13.799386,10.99948,6.184433
4.3229895,1.1709896,12.311161
-0.7065263,2.0213828,6.1102734
-4.918438,-3.1562927,1.8477138
9.709752,-5.6463003,4.779473
8.500663,-1.3914783,6.140296
-0.6927521,-3.9203808,4.5569744
-0.6752839,-2.445799,8.635623
0.1081171,-3.4550633,7.402302
-1.1317744,-6.0924816,10.817425
-3.5864453,-6.151899,5.828594
-3.3214777,-6.208849,3.9710598
-4.2049565,-6.3765135,5.891614
-2.237145,-8.622223,3.9035435
-2.5856318,-8.7435,3.7677853
-3.6752167,-7.348299,3.8391685
-1.8561187,-7.518238,5.027464
-3.6406975,-7.7281494,3.0577633
0.24922276,-5.885873,1.7653065
-0.25562215,-6.518731,6.4765873
-1.2603973,-6.4090495,2.8489718
0.2399559,-6.8742704,5.08625
-2.6764133,-10.632374,3.7953439
-1.6731656,-9.771887,-1.8504643
5.6403575,-4.9506187,4.943067
0.5329809,-7.4812403,2.955037
-1.2807302,-7.478715,5.945242
3.6885462,-8.487242,4.579211
2.182016,-8.054262,3.1137867
4.464575,-7.909623,7.0498323
1.149544,-9.389664,7.193962
2.1266012,-8.683221,8.2983885
3.276035,-8.469285,2.541015
5.8741674,-6.3668747,7.573684
-0.93051195,-8.499317,8.549798
1.7393126,-5.937037,8.391208
7.758979,-5.019866,5.064046
1.956573,-8.339276,4.1776333
-0.2804389,-7.6527033,5.1048126
3.1836674,-6.9146314,6.5613756
2.2062352,-5.486251,9.15739
2.84693,-6.8100524,5.79803
7.9220047,-5.436755,6.6867075
5.3259516,-5.44722,7.3201423
1.9862367,-5.5479975,8.3479
3.4431362,-5.755473,9.421565
1.8587065,-5.843625,10.246794
-1.35198,-5.6081543,11.754075
1.4325733,-6.1234426,8.75289
-1.239984,-7.715092,9.564145
-0.93691766,-7.7153845,8.987757
-1.2196498,-6.7521396,8.690855
0.2731402,-6.2181478,6.0220547
-1.8350341,-6.84136,9.098764
0.94483185,-2.3553636,9.155678
-1.0752913,-2.6255198,9.023455
-1.4672142,-6.646251,3.6062932
-0.85890377,-6.630294,7.0950255
-3.1342945,-7.9873953,5.9816704
-0.5484684,-6.0071387,4.969936
-1.7632704,-5.648626,7.2038164
-2.1702652,-3.449009,5.821404
-0.16876741,-4.5367465,4.4088693
1.2240655,-5.725804,3.433705
-0.660699,-5.3138485,5.6109257
2.1308453,-4.2011576,3.803703
-1.3652644,-4.0883336,5.7966356
-1.481251,-6.9569416,2.5383945
1.4794765,-4.951863,4.4062405
2.8224287,-4.981221,3.0033035
2.18386,-5.281426,2.8175216
-1.3993876,-4.181344,3.5861773
-1.266399,-5.391574,4.5893397
