yaw,pitch,roll
8.483116,-2.0937333,7.9781413
6.695536,-2.8263962,6.294368
8.92748,-2.862046,4.9122677
3.942436,-2.4768212,5.79162
6.397012,-3.3067324,6.661111
5.7874565,-3.0117762,6.6210737
6.170968,-5.2784967,5.7512465
7.8194275,-5.2202024,5.300091
5.2129154,-5.001025,3.7099433
6.985417,-3.9830506,4.8078413
4.8714194,-3.7185316,5.869091
1.4219979,-2.1703043,7.870874
6.530705,-1.432265,3.7337337
6.741883,-2.9663582,3.204778
-5.459916,0.43656558,5.6019278
5.6117077,-7.2734556,5.0101795
4.3594007,-4.5934386,4.3566895
5.4940352,-3.8781095,3.4839356
4.931829,-4.2580137,3.7323778
-5.9766693,-4.487188,0.34859687
3.8690412,-10.536163,3.6733713
-0.5169917,-4.9611664,2.4545515
4.298402,-5.1102657,1.4459441
3.9616737,-3.613356,1.6184233
1.1438429,-5.440115,5.465836
4.491929,-7.6877213,2.5474615
3.8849282,-3.62349,3.6117954
6.670602,-4.77823,0.8600484
3.6486895,-4.8438315,0.15625286
1.6109514,-3.3849452,3.2526479
5.0702415,-7.5048103,2.8789415
5.5294466,-4.448615,3.5229187
5.2039523,-4.389919,-1.7536432
0.74515533,-4.210138,0.8955722
4.1139164,-7.1735067,3.2569723
5.3274345,-6.6709113,5.1356597
