yaw,pitch,roll
-0.11972466,-1.3004029,2.118163
-3.223986,-3.1044364,1.2727487
-1.2619165,-5.2732525,2.678589
-3.0096412,-4.6650715,3.0405312
-2.3295288,-1.5077085,1.8130045
-3.188938,-3.2943816,0.16621017
-1.245152,-2.5241067,2.5668929
-8.466577,0.38587618,4.0438633
0.21818388,-2.5173352,5.4187384
6.648755,-5.62357,6.9765677
-3.3188562,2.8207886,-0.27372885
6.626831,-6.132231,1.9325399
1.2417797,-2.6876543,-1.6489365
2.490619,-7.796689,6.7111206
-5.2999554,0.2658925,7.7188916
2.3401265,-4.7457695,5.3359947
-6.7233124,1.2603958,3.4453886
3.8623724,-0.047472,6.579862
4.964767,-2.108788,1.9522259
1.4757477,-5.791943,5.9937167
3.128752,-2.6355395,4.439802
6.9081798,-3.6007457,3.932189
-0.56225383,-4.320932,6.4924507
-2.3641179,-2.0696242,6.989196
4.7717667,-2.566143,4.1793675
5.767176,-2.7689867,7.795405
6.1719484,-2.4897823,7.587165
1.1677725,-4.751243,6.9728174
-0.11661279,-1.7229226,8.125699
3.895018,-0.8237289,10.257474
3.7384424,-1.9364026,9.427735
3.2225518,-3.3602567,9.053944
2.6260543,-4.987363,10.970627
-0.25556302,-4.3759356,10.815376
-0.76462674,-3.2941322,9.32067
-0.20911634,-2.6030824,9.997352
0.9657035,-1.3835325,10.21669
1.4425576,-2.5386584,11.674408
-1.1786239,-2.4456298,10.504301
1.78849,-4.002646,8.805554
1.3320467,-3.5984907,8.749943
-0.35750133,-3.7234185,9.195491
-0.17887926,-3.176207,10.621429
6.4181166,-3.7524695,7.853158
4.4175587,-2.4689143,7.074316
-1.368484,-3.9506657,8.258862
-3.071371,-2.020263,9.082252
-2.1708813,-2.7182555,8.50872
0.16506732,-2.4985368,7.297802
-2.8813877,-1.9958782,6.537362
-0.4099897,-2.7852867,6.2954845
1.9933267,-0.79539835,5.9600196
0.3042314,-2.3652964,5.8558226
0.1650989,-2.6909761,5.216567
0.6066325,-1.3137188,6.422074
-0.28442013,0.13341558,6.572586
-0.65186286,-2.137607,5.1077027
0.95466447,-2.8079376,4.852801
-0.34474432,-3.5127835,3.7557027
-0.45326328,-2.5971723,3.1814747
0.44690466,-2.2698927,3.4042764
0.108115196,-3.4192634,2.1974964
0.14299715,-3.5984383,1.1975138
0.95100546,-4.7624445,2.1888871
0.56159854,-4.776345,2.5084343
-0.22183108,-2.4091723,0.15906072
-0.1417954,-2.1520188,1.9448977
2.0433626,-2.2186253,2.5105433
1.7096863,-0.6322397,5.142543
-0.8846464,-2.6848872,5.676721
-4.900645,-4.660639,1.156506
-0.5006802,-6.988969,2.7729378
1.4666364,-3.8909674,5.1781554
-1.9886758,-5.370332,1.756248
-4.330596,-3.9383476,2.5965786
0.80563873,-3.0446148,4.0695963
-1.1121129,-2.9626422,6.2829823
2.2084522,-3.8558989,2.760752
2.3195238,-6.813732,1.286988
7.5544996,-4.752471,5.4991302
3.1957884,-3.4718833,2.512765
5.947487,-8.220133,3.279596
3.1194935,-7.1446695,2.4860797
4.540555,-4.4908686,3.395484
4.861692,-9.567472,2.588887
4.1806226,-8.83555,3.0955477
5.929393,-8.590087,0.31428912
3.2902384,-10.15578,-0.51726186
5.556416,-7.6945014,1.1243526
6.454478,-10.041215,1.5334133
