yaw,pitch,roll
-8.488228,-9.956449,-20.047531
-11.522408,-6.885485,-25.36932
-13.956011,-5.2737155,-26.787872
-13.8225355,-6.9947505,-22.126537
-16.931938,-5.6656246,-24.902851
-21.157736,-6.218845,-27.1054
-8.512776,-13.918352,-22.334244
-12.492163,-12.400099,-23.05627
-14.537194,-12.168217,-20.898859
-13.712378,-8.713978,-14.051829
-20.972336,-15.05023,-15.912589
-33.280304,-6.793521,-7.788581
-36.38093,-1.3679395,-6.4390616
-38.136826,-4.9585996,-7.1570115
-41.052383,-9.15236,-12.105355
-41.221596,-9.808016,-7.127893
-26.379807,-7.5975676,-15.067303
-26.095085,-16.37134,-16.246313
-25.84769,-14.045972,-10.448438
-30.271925,-5.3692236,-14.115223
-19.885494,-15.504489,-11.162643
-42.971966,-14.38417,-8.338936
-40.607338,-12.491214,-8.105952
-27.054699,1.2412271,-13.591842
-32.17031,-3.9594235,-16.800135
-18.690397,-17.001255,-16.976036
-24.165485,-18.200327,-16.84747
-24.592207,-19.433899,-18.279022
-25.381567,-19.829311,-17.624895
-27.244118,-20.198853,-16.837505
-14.734184,-18.006308,-19.505295
-18.48425,-17.11883,-18.133087
-21.023802,-18.000046,-17.1487
-20.54002,-18.982128,-16.779247
-22.585333,-18.603226,-15.717966
-20.110552,-15.388861,-13.686375
