yaw,pitch,roll
5.8511553,1.7289977,-17.855143
2.2304268,-2.26503,-22.330288
5.3684363,-0.20233488,-23.22092
0.33460897,-3.1092994,-18.61531
0.39598036,-3.1499047,-19.838715
4.525832,-2.4006162,-19.337528
1.9491949,-1.6190214,-19.808498
-0.9347732,-2.547674,-20.253983
0.3054483,-5.4063916,-19.479834
-2.0403762,-12.394913,-14.305967
-4.6944447,0.75298536,-18.22133
-5.96889,-1.6996803,-16.94524
2.1040103,-4.9547877,-24.701914
3.2507203,0.12806654,-22.032116
10.037138,3.4529784,-20.2837
1.341194,-2.2594378,-18.514908
4.8126183,1.5145013,-19.650082
6.6800776,-3.2565725,-20.870863
1.8823185,0.89004254,-20.449451
4.8082557,-3.4858446,-22.45558
0.02634406,0.31766558,-19.321991
4.283622,-1.8110762,-21.1968
1.1047945,-1.7542245,-23.271854
6.3180304,-2.0856555,-20.745495
3.9808807,-1.6029873,-22.940828
-4.8270698,-2.2799568,-14.44268
4.402715,-0.5984292,-17.232918
2.299406,-3.8025734,-20.011639
-2.9068894,-1.3745015,-20.509586
1.0602945,-2.892459,-21.403969
1.1286434,1.5087435,-21.113333
3.5854833,-2.2253268,-18.709679
3.9899094,-2.0342448,-18.458612
-0.894246,-3.385501,-15.676298
0.31275064,-3.7283103,-21.288918
1.7730222,-1.5414994,-23.238571
