yaw,pitch,roll
3.1368244,-4.279825,4.8930655
2.2982616,-3.515191,5.6764026
2.592894,-2.8951478,4.8778524
2.334199,-3.9073324,4.401911
3.8187864,-3.180125,4.802597
5.09935,0.24690911,4.738902
1.6737231,-5.2053194,5.052604
0.49063015,-5.2581787,1.1201627
-1.597538,-7.848863,2.319357
-8.7973175,-5.4347296,0.8843503
0.8594016,-3.930465,2.9914854
-1.3893648,-6.560373,-2.2770648
2.1862001,-8.52677,1.9879558
-1.7380244,-6.4601383,-0.8477664
-2.2687404,-6.981756,0.37959108
-3.6926007,-6.8073273,-3.5115433
-0.6095028,-9.273508,4.217534
1.4625542,-4.0026245,1.4175315
-0.05800891,-5.9743032,0.8886055
3.878005,-6.3339663,4.683255
4.5007544,-5.479056,4.5232067
3.2081506,-4.6701746,-0.46673808
2.7123594,-5.7187114,3.0833025
1.8829457,-7.697856,5.390506
2.8136141,-9.203478,5.611891
4.3255596,-5.156416,5.2351375
4.084822,-5.9517746,5.274614
2.6261892,-4.5508213,5.871521
3.1209285,-4.880158,6.2786255
5.393135,-4.214243,4.846499
4.6901503,-4.017677,4.0453124
3.9867587,-4.542171,5.169933
5.3229327,-5.048461,4.404524
2.0813391,-4.666693,4.116097
6.1321726,-4.515718,5.3814664
3.5077507,-5.178953,5.8193264
