yaw,pitch,roll
-21.734177,0.1788401,-0.92022264
-16.367287,-3.0560832,-3.607305
-20.133026,-5.545026,-0.4570487
-16.944933,4.1849675,-0.008915424
-8.743988,5.990262,-0.6291313
-23.069479,-2.2383773,-14.408176
-29.595306,-2.788211,-5.559971
-29.186983,-9.006081,-0.029764056
-17.922068,-13.883297,-0.8056309
-23.58524,-10.164362,1.8549833
-18.614145,-8.676095,-5.9670486
-17.203608,-9.968214,-0.9318361
-26.733294,-16.300003,6.6570153
-18.459196,-14.361347,2.493511
-24.793901,-10.801283,4.8992043
-17.9789,-10.014147,-6.6084003
-14.703147,-3.8691506,-1.9797938
-23.56195,-15.155721,4.838096
-19.14739,-15.040183,3.5691066
-13.753857,-8.273907,0.007990837
-15.325302,-8.338034,-5.0174866
-15.651172,-6.0743265,-0.9814501
-20.382109,-10.707954,2.7428741
-23.272537,-12.561331,3.8597176
-15.336021,-10.683591,-3.8202415
-21.269316,-9.421127,-1.7421992
-23.476967,-9.88547,0.29975832
-23.287477,-11.783848,2.7222185
-19.383167,-12.884874,-0.59578335
-15.315297,-8.407545,-1.7940574
-16.220242,-5.116338,-5.779125
-17.60536,-7.0031075,-2.0954444
-20.582573,-11.570026,1.3967836
-23.439272,-13.492541,2.2847917
-15.925534,-8.843647,-2.1646585
-17.415058,-10.718443,-5.5952744
