yaw,pitch,roll
4.425847,-8.411142,4.630135
5.1727057,-5.7505217,5.8717146
6.729064,-6.668624,4.4081197
5.071993,-5.326308,6.9704604
7.609248,-4.3941274,3.2203817
9.787141,-4.214312,4.074664
7.512676,-5.551173,5.1852746
10.637253,-1.0747244,5.8702497
15.147295,0.73961735,5.5624285
18.8457,-0.7732694,4.85375
13.762634,-6.24234,6.2028403
12.796753,-7.611181,0.737139
13.382957,-6.6583433,2.080672
20.420017,-4.7627506,3.5946157
19.204605,-4.705208,2.5895083
19.097874,-9.669978,0.07484323
18.73112,-4.409042,2.3777366
19.1373,-5.454898,3.8597987
15.933541,-5.96763,1.0280361
12.066382,-8.510847,2.3066459
21.085396,-5.980634,2.7802691
18.732025,-7.0654864,4.8281136
20.087856,-9.803292,-0.8398782
18.522272,-4.9584246,4.255317
20.5833,-4.1697965,2.7797718
22.750114,-7.695637,2.478015
16.01099,-6.3443685,2.9679565
12.251148,-7.754497,2.871967
22.604115,-6.5981584,3.8373504
20.628912,-7.32146,4.1008267
15.725126,-7.4832926,2.0152125
15.803771,-8.816214,3.127602
21.08928,-4.264757,3.0988696
20.105568,-8.150782,2.4178724
15.445383,-6.1824846,1.4107082
21.672308,-5.792821,2.182636
