yaw,pitch,roll
7.9574885,-6.9028625,7.597898
6.0227084,-5.020875,6.1087418
5.9898953,-7.867505,6.4640846
4.6798263,-7.583957,5.3577332
6.593364,-5.289174,5.7431316
2.9322166,-4.8644447,5.5513306
5.327979,-9.026681,6.0748763
5.3960047,-9.924128,4.7610264
9.437913,-7.498231,4.402518
10.848518,-8.146879,3.241684
8.365303,-6.3130713,2.6433964
8.194612,-4.299727,2.8065522
5.373365,-6.305824,5.223511
5.933564,-6.54994,4.0458727
1.9361163,-7.404031,3.908252
6.940115,-6.675935,3.5893002
4.09027,-4.7111516,3.2567642
3.9615302,-6.409009,1.7625827
5.844099,-7.678724,2.6880302
5.1585374,-3.8523507,1.6309566
6.35685,-6.580934,1.4560802
1.6848398,-5.868357,0.49533126
6.4891167,-9.625888,-0.932722
4.4176264,-9.398258,-1.0153782
1.5482532,-3.9032621,1.9022318
6.435961,-5.868074,1.5379672
9.558655,-5.7763395,-0.18805933
4.2979326,-8.556678,-1.9983993
7.6823416,-10.886642,0.729561
3.8839629,-8.741387,2.7035122
5.0679326,-6.932594,1.6937735
7.1053567,-9.980663,0.94447917
5.6893854,-7.8706117,1.481885
6.903072,-10.463838,-2.1788623
6.5915666,-9.667351,-0.39314604
3.7665174,-8.298621,1.3076882
