yaw,pitch,roll
-28.58709,-9.913437,-10.744837
-25.726124,-16.94486,-10.96467
-32.431404,-13.679116,-8.192171
-25.083,-15.285678,-11.201302
-20.523722,-6.8610277,-12.421577
-16.53474,-1.4121624,-11.923748
-23.451994,-1.5600898,-10.184797
-14.851467,-0.9227555,-15.192073
-16.195618,-4.8193684,-10.958998
-16.516996,-14.302786,-11.061779
-19.738811,-13.1529255,-13.108501
-18.167957,-12.075133,-10.130204
-19.019747,-4.524492,-11.54975
-22.49039,-3.9481816,-12.689008
-16.202768,2.4142904,-12.614723
-18.232191,-5.5263557,-12.496517
-8.86457,-13.775301,-11.5656
-21.729822,-21.717041,-5.6378646
-16.996712,-16.51572,-9.094186
-17.55808,-12.447058,-3.8752944
-15.079444,-7.621154,-11.280745
-14.54294,-8.078193,-15.226835
-17.379086,-8.579802,-10.38893
-16.061298,-11.00284,-10.486956
-13.270182,-12.329378,-10.094568
-14.050126,-13.823989,-8.68605
-14.752135,-14.920712,-10.11704
-13.5758095,-13.111108,-8.8588705
-17.098946,-9.482904,-7.6240973
-10.478919,-7.4404583,-8.656542
-16.079573,-6.622671,-9.873181
-15.51642,-6.170499,-11.652479
-12.307413,-10.358335,-7.3641486
-7.7012825,-9.755713,-7.2360744
-4.2072372,-6.769968,-8.842106
-2.2192242,-6.004732,-10.072267
