yaw,pitch,roll
-9.66893,-11.418629,2.0783184
-7.8333044,-15.456419,-0.4604809
-4.4641876,-15.96166,1.1542246
-1.8948684,-12.844215,-1.5827996
-8.093965,-16.62341,0.6736464
-2.6215668,-16.1012,-2.1227856
-4.984988,-14.960964,1.6178563
-3.7239175,-12.458938,0.22916082
-4.243663,-12.06086,-1.3466507
-3.390616,-11.267359,-0.21943617
-1.7626233,-10.618038,-0.71613085
-10.7030735,-12.2223425,2.6389685
-22.652493,-6.4265456,4.6834693
-10.833806,-3.400422,6.6408515
-8.3714285,-18.5377,0.30432916
-18.303478,-18.085827,-1.4310772
-33.57706,-6.2086334,9.017099
-21.796337,-4.873259,1.1825186
-15.11496,-12.844138,1.8914682
-17.290241,-11.049658,0.7545462
-21.622604,-11.312581,-0.23312983
-1.5643768,-19.80919,0.43943548
-1.7741771,-16.902208,-2.452582
-9.849232,-15.4019575,-0.35069126
-7.89172,-14.294431,1.96187
-20.954031,-8.804662,0.04850447
-15.546146,-12.576065,-4.561677
-9.067604,-10.400827,-7.4934087
-13.196236,-8.631582,-3.2467558
-14.309025,-10.261662,2.0001717
-7.243455,-9.093424,2.6800666
-11.499936,-8.7423935,0.07853651
-11.396383,-8.80488,-2.4407976
-12.784658,-10.582338,1.8600453
-9.006622,-8.999971,-1.5750062
-7.240132,-10.751273,0.028259873
-8.1007595,-9.703106,2.9229548
-7.089864,-8.452808,0.3008604
-10.40293,-10.496714,-0.27581894
-6.6702213,-11.680024,-0.31334043
-8.771148,-12.063177,-0.51302505
-6.603751,-10.736666,1.864459
-7.167065,-11.443026,0.7080065
-4.713873,-13.612369,3.164159
-5.901883,-13.028459,1.3498831
-8.332729,-8.898357,-0.55305827
-11.594253,-11.9438505,2.9166372
-10.070464,-13.316164,4.8938856
-10.118539,-12.068393,2.592355
-10.718252,-11.354977,2.93919
-10.217791,-12.1017685,3.6003633
-10.124773,-11.626795,2.2428446
-12.367802,-15.194271,4.446369
-7.5384645,-12.179453,2.1838915
-10.0612335,-8.970953,3.1751647
-4.3138285,-6.7054605,2.4066682
-4.14236,-8.379718,2.0600514
-4.313991,-7.7373714,2.113788
-4.793139,-9.484724,1.7215395
0.3853941,-7.930872,2.17656
-3.9076324,-8.423441,1.4382464
-3.6327877,-10.0235405,2.1658347
-2.8364768,-10.38386,2.155795
-3.2071574,-8.252136,1.5438826
-2.2865553,-8.365274,1.2926433
-3.2421646,-9.2471895,3.2690558
-2.6943927,-6.9234347,2.7538927
-5.2094526,-8.833534,1.3963197
-7.3521748,-8.680777,0.6510316
-8.384887,-7.533931,0.08516115
-5.5755057,-5.4525175,1.8779061
-6.5463176,-5.981222,1.5816514
-8.099723,-6.1949053,1.6226835
-5.791428,-8.106541,1.8604176
-3.568645,-8.845823,0.8408036
-9.221571,-8.74955,-0.76051295
-5.544968,-8.260288,0.20935822
-6.3463902,-9.547047,1.1972413
-10.905481,-9.125825,1.7717371
-9.457666,-10.100666,1.5361297
-11.113444,-12.616901,1.9395139
-11.631889,-10.054819,2.4983263
-10.905678,-7.424314,-0.85060805
-6.344731,-6.7641115,5.051421
-12.306138,-9.303885,2.9029121
-13.530247,-12.8936,3.314458
-9.57585,-15.792051,2.8215523
-7.0216985,-14.50047,4.3563743
-6.65523,-10.502796,4.3887496
-3.923141,-8.198027,3.6667979
