yaw,pitch,roll
9.283149,-5.505682,-15.033249
7.8895473,-5.689976,-17.36252
10.078171,-4.806137,-14.372041
8.694426,-4.3977437,-15.523926
8.521181,-7.9094925,-17.53054
6.7976074,-8.495282,-17.14679
7.589027,-6.49998,-16.31902
9.141202,-9.870343,-15.359509
7.5988545,-18.411785,-16.20255
9.578516,-17.07757,-14.232492
8.399343,-13.162563,-18.313446
9.046518,-11.765037,-16.682598
9.269198,-9.546171,-18.53128
8.466049,-8.575861,-16.961458
6.6757555,-7.063113,-18.14124
-3.6819205,-10.772236,-9.437382
5.500191,-16.835901,-14.201564
-7.245761,-13.958848,-12.19432
-7.6046743,-11.736363,-18.792248
-3.6389582,-15.966791,-15.609931
1.792759,-17.620598,-20.280579
8.022538,-15.300627,-18.332325
-0.08832979,-7.7663856,-19.18217
2.012607,-14.625759,-17.534971
5.5966835,-12.86204,-13.796817
7.511326,-17.215353,-17.222198
10.937807,-16.663166,-14.269286
3.9000282,-10.916438,-18.552757
3.0892332,-16.46581,-15.688724
2.8844347,-11.28323,-15.430523
9.088637,-15.8186455,-14.570577
4.5720367,-12.226959,-17.162773
1.2156662,-13.790644,-18.006931
7.102826,-9.97822,-15.145744
8.260143,-12.6409,-13.093477
9.832729,-12.674451,-12.838174
