yaw,pitch,roll
-10.260651,-11.410816,2.2387433
-8.69465,-11.907383,1.7450464
-11.356335,-12.578861,-0.07647163
-8.042397,-14.545007,3.1046262
-9.44436,-15.185944,4.2789125
-14.471449,-15.02248,6.3402853
-13.188234,-15.949674,4.703489
-10.812043,-12.761903,0.96365625
-4.978922,-8.701544,6.057244
-10.31178,-11.033651,3.1011372
-10.277008,-9.094792,1.0942549
-16.70771,-13.836279,-1.6370001
-11.042817,-15.995934,3.5536602
0.9470825,-11.337296,4.621558
7.8094263,-14.90041,4.7704124
6.3781824,-8.08544,3.4721875
-4.0014186,-9.441074,1.6853414
1.4048147,-12.789445,5.2565155
-7.5918136,-11.721571,5.992466
0.28957176,-8.054731,1.2309937
-7.3476334,-10.290911,5.3674436
-7.102281,-14.37707,5.007522
-1.2781878,-8.366057,1.9057372
-1.0585032,-11.111828,4.337504
-9.104755,-17.111958,6.7393713
-2.7605739,-14.827126,3.7719643
-1.2620068,-14.360888,1.330831
5.9256325,-10.774338,4.6184735
0.34811687,-10.677488,2.6271865
-9.588854,-14.138683,3.3930862
-7.9909525,-9.77102,4.809737
-7.417047,-7.82367,9.165545
-4.129598,-11.026378,4.10859
-8.000883,-13.181636,0.9537864
-5.4410715,-14.939556,3.5510144
-4.2690587,-11.699614,3.0306695
