yaw,pitch,roll
-33.517788,-8.057987,-16.263014
-37.112106,-5.8966656,-12.971183
-26.50433,-8.301689,-16.940958
-29.266815,-7.094352,-19.874126
-27.04728,-6.823498,-18.543932
-29.080673,-7.868975,-14.725311
-24.392143,-17.478874,-20.224678
-29.68953,-11.883787,-16.839542
-25.49095,-17.890335,-13.986015
-26.599953,-11.668354,-15.245442
-31.55373,-8.358337,-16.980814
-22.139893,-12.433302,-24.740833
-30.81432,-9.973504,-15.2359705
-26.371458,-4.9149685,-14.267255
-23.851128,-5.765106,-16.635931
-33.034676,-13.752538,-16.632605
-27.587303,-13.709457,-24.547178
-29.544067,-12.73588,-20.624025
-28.78675,-15.168082,-15.576681
-26.43465,-9.909593,-10.876881
-28.796383,-15.603601,-15.552601
-30.536615,-12.15243,-20.830526
-33.14051,-11.963453,-19.99504
-27.46908,-12.040205,-17.574877
-28.829517,-13.362015,-13.6353855
-33.491455,-11.067316,-18.261536
-26.426023,-13.069269,-21.384272
-24.951843,-10.33684,-21.521599
-33.362873,-13.326622,-18.84274
-25.955769,-10.573685,-16.741886
-28.883642,-11.775589,-17.91909
-27.553802,-11.327945,-20.482851
-27.444218,-11.082405,-22.956223
-31.705149,-11.834343,-18.588442
-29.409811,-11.661836,-19.281998
-27.99992,-12.162961,-21.07085
