yaw,pitch,roll
7.959423,-6.199744,-9.518657
6.531055,-6.0568476,-10.154461
4.026143,-3.3909607,-12.593639
11.709303,-3.8215065,-10.76412
6.0380087,-1.7056029,-9.865275
5.028802,-6.031352,-10.364001
5.7684474,-6.213081,-11.914428
2.9264083,-6.7650747,-11.131543
0.24293041,-8.528864,-9.418197
3.799985,-8.503476,-6.82067
3.5687518,-8.956554,-6.3548884
4.3258076,-8.6865835,-8.471174
2.9624162,-9.629936,-8.884039
3.0100536,-9.573416,-10.79432
-17.52573,-6.243095,-11.356724
-17.467815,-6.8664002,-8.754889
-15.605913,-1.1611581,-0.9540005
-31.170666,-12.895411,-5.6133823
-28.088476,-11.580891,-2.1597984
-7.497595,-8.489784,-5.5214686
-0.9492948,-10.815327,-4.7604065
-15.467022,-7.755355,-4.864731
-17.302412,2.5330796,-6.9983463
-20.357914,-7.537074,-1.0607016
-32.739456,-1.4832119,-5.191227
-23.740282,-7.864832,-5.8675785
-27.595343,-9.13157,-2.1631389
-19.655495,-9.7187,0.20812348
-5.0442557,-14.011056,-7.5184097
4.48798,-12.002705,-4.3479586
-10.684526,-9.725757,-2.351916
-12.752908,-9.626324,-8.974918
-17.150234,-7.850282,-5.623256
-24.06982,-7.0887427,-3.6511579
-20.856415,-8.920745,-4.204697
-14.676176,-9.151979,-7.080843
