yaw,pitch,roll
3.937988,5.0918503,-6.0080786
6.803991,2.9520185,-4.2913494
5.228985,0.13555115,-5.1792264
7.4373765,1.0539999,-6.56425
6.7686596,-1.8184681,-6.377449
-0.12156391,-0.078447044,-8.505319
3.0324001,-0.45991483,-7.5695834
4.733791,-1.763254,-2.0316212
-2.1419656,-0.7858591,-4.798555
-2.2553618,-1.5131543,-4.5542493
-9.36579,-1.9034896,-8.609596
-24.012058,-8.936512,-2.1801603
-3.062276,-8.538736,-5.4705534
-9.872263,-3.9137733,-5.4700084
-13.541013,-9.916933,1.9102793
-10.887745,-6.0405574,-4.4808893
-10.518869,-9.25688,-8.091782
-9.190054,-8.76876,-4.592281
-15.428761,-12.747568,-6.462849
-9.629716,-2.5401506,-1.071846
-8.773916,-13.15662,-8.37832
-11.075447,-8.474985,-0.28689837
-13.861657,-9.335323,-10.132513
-12.070793,-10.744644,-7.1042047
-8.232238,-12.693312,-5.9424024
-9.30449,-8.423622,-6.287591
-14.749139,-11.436763,-8.897156
-13.109779,-9.858786,-8.092281
-6.9644995,-10.19759,-5.3224235
-9.676664,-5.4432373,-9.364571
-2.129722,-7.2968426,-5.3074756
-10.584746,-9.87125,-7.2533717
-14.046566,-11.022735,-4.0934553
-9.668399,-10.677907,-8.4079685
-10.666622,-12.994611,-10.007415
-9.942265,-10.200581,-6.6710763
