yaw,pitch,roll
12.574684,-6.9946795,5.1767135
10.850392,-8.863644,5.4164257
12.709675,-10.165164,4.659841
7.5294085,-6.692786,7.3111734
-2.7167802,-1.4044197,8.676785
6.5990615,-4.529626,6.664439
10.933525,-5.867685,6.2517257
-7.2075596,-5.423293,8.875538
4.0134983,-8.427428,6.4019423
-6.5576396,-3.435226,4.376949
8.180359,-4.2946725,6.9288187
-4.589113,-4.023215,2.8905954
8.123677,-7.6788435,3.9002178
0.4717703,-5.265267,2.4617486
14.069071,-5.2055626,6.182037
-5.387912,-4.0792646,6.842678
5.4052153,-7.5135946,5.1350403
4.9799232,-2.6252682,2.5246258
9.269852,-2.0791519,5.721354
1.059277,2.5254085,3.4904723
2.5505972,-6.2808533,1.285068
-1.0889797,-2.7235317,-0.80423856
5.2722683,-2.2681246,3.398295
9.880704,-0.5523236,5.7614927
2.616148,-1.5525383,0.81657004
8.100803,-8.35187,2.8781736
1.848413,-2.0211647,4.705513
9.953119,-2.6178658,6.570039
9.160073,-1.0979608,5.356717
10.750871,-5.8158364,5.455304
9.554962,-6.0461802,5.9437666
13.049822,-4.8837924,6.303499
14.075031,-3.8907964,6.9152565
9.977635,-4.3923016,6.484917
12.355011,-7.726259,4.897991
17.640728,-5.0077286,3.3324451
