yaw,pitch,roll
-17.519215,-5.965238,0.18009537
-16.720253,-6.8072104,1.2775276
-13.578009,-7.7399983,0.4508611
-15.803777,-5.460104,-2.7980008
-16.08707,-6.8638763,-0.4149295
-14.049847,-6.7109795,0.6124524
-17.403437,-7.9248924,0.012120366
-14.527126,-9.670025,1.4909325
-12.11128,-6.623492,-3.1062677
-14.058386,-6.272226,-3.0508742
-16.635801,-3.89365,-1.1496446
-16.304365,-5.885979,1.0163045
-16.704473,-6.2973557,0.89432406
-16.957619,-6.6405997,2.0919147
-9.74726,-9.384386,3.2585607
-9.840125,-16.02605,3.8263404
-10.100322,-18.108168,5.5134506
-11.42756,-14.2435875,6.000123
-10.720267,-10.442366,3.7293746
-10.866837,-9.871824,2.7337484
-10.626326,-9.648043,2.1412382
-7.8512993,-12.262559,2.417903
-9.108165,-12.393169,4.1867647
-13.124281,-8.93615,0.95714116
-15.203991,-7.827879,2.8120525
-10.193953,-7.887432,4.6431303
-8.045017,-11.143093,3.577848
-10.720913,-9.49785,3.5716
-13.2177,-7.322007,1.0910698
-14.566687,-8.019454,1.8067036
-9.732965,-9.538937,1.0838941
-10.973383,-10.689945,2.643033
-12.5099,-9.631224,1.9745768
-13.097617,-10.160978,2.2788937
-14.588052,-7.0037374,-0.5017518
-15.955387,-7.566892,-0.877682
