yaw,pitch,roll
-28.48365,-17.129711,3.398908
-29.423317,-16.401352,6.415023
-25.472427,-12.941342,2.6654537
-22.796381,-18.217634,4.690816
-21.155262,-16.692753,3.741273
-22.6748,-15.376592,2.6280334
-24.055628,-13.71964,2.7343607
-23.356071,-15.650388,4.942149
-23.802612,-17.095974,4.199363
-23.57547,-17.761845,5.7039857
-26.12698,-16.832623,3.0466251
-28.116714,-21.276464,3.4157069
-21.362947,-20.258133,-3.636903
-19.874384,-14.459911,0.5275285
-17.526379,-15.979919,-5.4518366
-22.684175,-18.631855,-5.325293
-26.43982,-18.537298,4.560443
-25.355333,-19.628002,3.3661773
-19.333885,-14.050866,-1.2001994
-20.07861,-12.246897,-6.6811075
-21.791164,-12.567188,-2.9389648
-22.367481,-12.436999,-3.7909975
-22.62814,-16.480743,-4.4516606
-28.532425,-12.254595,-1.6384459
-19.323647,-10.735172,-0.6902597
-12.116615,-14.325905,3.8634958
-5.179599,-15.055378,0.7078757
-22.181303,-13.227173,1.905679
-22.867687,-15.898674,-1.598768
-20.12827,-20.573269,-6.31456
-22.951197,-18.368992,-1.2162457
-16.295685,-18.287022,-1.4540664
-18.246826,-16.823841,-5.2737055
-19.061806,-12.670158,-5.5500274
-18.773819,-14.792292,-4.693022
-22.000092,-14.294239,-5.496311
-19.35349,-13.835459,-6.522099
-22.767868,-12.951752,-5.988084
-19.541977,-12.621402,-3.7714887
-21.54815,-14.121337,-4.2685843
-16.415234,-12.897005,-5.9042654
-20.380745,-14.788553,-6.1921234
-20.84056,-16.68756,-3.7566648
-21.713848,-16.078714,-4.196522
-21.283653,-16.806295,-3.125764
-22.839285,-17.09963,-2.7290354
-18.205986,-14.007048,-6.383841
-20.894974,-15.219631,-4.838928
-20.264488,-16.487362,-4.3361588
-24.167706,-16.279634,-3.0597231
-24.102028,-19.496334,0.9309933
-25.42291,-17.592463,-0.89823914
-22.145056,-15.513151,-5.103587
-22.435938,-15.280571,-0.3427577
-21.209085,-16.430668,-1.8305188
-20.637169,-16.658627,-0.56506515
-19.377382,-16.3611,-6.925658
-22.078217,-18.04459,-2.0940826
-21.273449,-16.051306,-2.9101973
-20.53016,-16.602112,0.5719917
-19.202915,-16.00956,-1.504137
-24.286098,-17.55177,-3.2295418
-23.833773,-18.290459,-4.3253937
-21.879856,-18.526722,-0.88989806
-23.98294,-19.93816,-0.46927643
-20.845716,-21.869236,-1.1699326
-20.419317,-18.803501,-1.8296347
-19.123623,-18.676516,-1.047092
-22.318516,-16.233906,-1.0904183
-22.562454,-19.277788,-2.7015774
-23.640057,-16.131622,-1.3985903
-22.042686,-17.025753,-1.7228122
-22.084797,-18.317593,-1.6764368
-25.80799,-19.387074,-3.1737914
-23.338285,-18.454357,-2.4153383
-24.556335,-16.324677,-3.0483851
-20.770853,-19.652338,-1.926707
-20.415321,-15.489332,-2.1554737
-19.47932,-17.265293,-2.0462317
-20.328342,-16.98798,-2.8250537
-19.788277,-18.913527,0.83412886
-17.211296,-19.82964,1.1842508
-23.061256,-17.795233,1.8478165
-16.863762,-18.073431,3.339593
-18.248013,-18.220715,3.6085906
-18.147383,-20.68614,3.5112383
-13.42514,-20.463127,2.0655797
-16.159746,-20.427568,-0.39412713
-22.826443,-20.117294,-0.23152137
-17.83382,-18.935825,1.0063608
