yaw,pitch,roll
8.204721,-3.0000043,-2.3675742
8.287395,-7.0435257,-0.8899705
4.0641403,-6.584247,-5.8813667
7.729608,-7.269832,-2.1052914
2.147514,-10.687782,-3.0133402
4.622747,-12.089869,-2.1838124
-0.85111064,-6.9814014,-2.7371953
1.543963,-4.6624036,-3.7949765
1.3655218,-0.06791961,-6.1648355
-7.353309,-4.517559,-14.129141
-5.699082,-15.557128,-8.286152
-3.9456577,-10.592741,-7.9034934
-6.663127,-9.4993515,-9.3022995
-8.176852,-8.615673,-10.030128
-6.2102337,-0.6968418,-10.416655
-6.67738,-0.9836986,-8.11646
-5.4033804,-5.4023447,-11.844364
-3.572647,-10.089891,-9.207586
-1.3337387,-10.40822,-6.7575526
-7.7383633,-9.274021,-9.401048
-4.044033,-6.1056967,-11.435764
-0.64729214,-6.845547,-11.136912
-4.3348885,-7.284207,-8.790768
-11.523323,-11.336587,-7.71519
2.2049394,-8.444655,-9.924695
-12.540552,-12.60409,-7.72684
-8.975105,-8.981379,-7.6291456
-8.800016,-2.3270411,-13.533911
-8.1895275,-2.966275,-11.200235
-9.3106785,-7.2564325,-11.331519
-12.130375,-9.815563,-8.282828
-1.5918846,-9.266696,-5.491087
-8.24776,-12.8664055,-8.415404
-8.292921,-9.605347,-6.4238825
-7.2221713,-6.5867743,-8.329565
-9.601332,-3.6676505,-9.988557
