yaw,pitch,roll
3.5792446,7.229562,-2.3246121
2.3077154,8.036024,-3.2170966
-1.1730106,8.630915,-4.6414104
2.4128628,11.238167,-1.9429109
-2.238318,9.959163,-2.5968738
0.40141723,10.729488,-11.894821
2.4254372,5.6232753,-10.823255
2.6626222,-4.933646,-9.507117
3.031768,-7.333891,-10.51867
4.1192417,1.1224133,-12.37487
1.9955931,3.7488136,-10.960646
-7.457206,8.625265,-13.537178
-0.17145586,3.9990108,-14.137009
-3.9557142,3.186044,-12.800905
-1.7032404,-5.6732054,-12.01646
3.5153415,-6.654882,-10.85086
-1.5224267,-3.5921068,-12.924987
2.4364579,2.1998825,-14.774878
-5.4378552,1.3205816,-16.422066
-9.592301,4.6121955,-16.25785
-0.025307894,2.5845797,-18.098497
-1.4250602,1.0147562,-16.80136
4.044148,-3.6840143,-12.744225
4.3241487,-1.3281584,-11.993631
2.413828,1.7055933,-15.251191
-4.54161,0.9373595,-15.080133
-5.2950478,3.0179298,-15.68183
1.2081006,2.0171864,-17.841549
-1.3527777,-5.5472727,-15.537523
7.938396,-8.835004,-12.26115
5.9362345,-5.4533653,-13.571796
3.724245,-0.80594,-16.087025
2.4299855,-0.48390532,-15.572809
2.4815211,-0.20966995,-12.8781805
-1.1923437,0.08485198,-16.33274
2.4258742,1.129062,-16.901272
