yaw,pitch,roll
-15.297952,-7.8201756,8.984037
-16.282087,-9.25989,9.551548
-15.260965,-9.152233,8.1742735
-16.903889,-8.761766,8.052786
-16.495825,-9.385948,9.23047
-16.751347,-8.542458,8.162567
-16.237257,-8.693567,9.024786
-15.186028,-8.636478,8.510824
-14.558113,-6.08494,8.22628
-18.127169,-8.197392,8.515509
-16.753983,-9.093219,7.6330757
-12.724952,-7.351608,7.6435757
-13.694698,-7.4408636,7.027728
-10.494175,-7.356221,7.5094824
-14.507574,-11.316336,5.7805614
-7.860613,-13.292545,3.7649024
-11.638042,-10.336315,5.405584
-6.3198996,-8.42383,7.4989605
-5.5952353,-10.358298,8.873886
-9.503099,-7.2296658,7.361109
-4.027835,-10.646672,6.7985
-3.9612157,-11.69186,9.953413
-6.0487356,-10.287229,4.166965
-6.4936337,-9.079957,5.087281
-5.5185485,-11.636124,1.2999995
-5.170889,-12.25228,9.897577
-4.2323704,-13.074223,4.0898848
-1.0690122,-12.3529625,4.46814
-5.759502,-13.694072,9.282606
-5.7797375,-12.329717,4.90638
-5.729928,-9.53473,6.672841
-4.2305727,-11.3539295,8.164698
-3.8140666,-9.815022,8.547923
-3.4679637,-12.980171,7.650666
-2.1665053,-11.043987,8.613363
-1.3128924,-11.003358,10.234049
-0.95460415,-11.337473,8.4040785
-1.8274045,-12.239679,10.6493
-3.8132017,-12.505364,9.945032
-2.289109,-11.68552,7.8677473
-3.6411457,-12.789922,9.321547
-3.84824,-10.40014,8.385543
-3.9410462,-13.334013,8.267191
-5.3943405,-11.864248,8.136238
-4.6748056,-10.388031,8.407576
-5.7481847,-10.900658,8.020632
-9.916118,-11.04542,7.1964207
-10.50091,-10.805847,6.2653203
-9.692495,-11.978788,6.618483
-8.5279045,-9.732127,6.9313345
-9.641151,-11.829147,4.8862667
-8.635743,-11.04707,7.030485
-8.168807,-11.145365,8.551865
-6.353186,-11.40341,8.237857
-8.769202,-10.727173,6.8123875
-7.2330375,-10.985691,8.94265
-6.5147405,-12.976116,8.864664
-5.766071,-12.147538,7.3586545
-5.552204,-10.150923,7.4430885
-7.4794264,-9.735241,7.788565
-5.827646,-9.670216,8.35166
-8.275108,-10.836941,8.318421
-7.385273,-11.087609,7.4945126
-8.300387,-11.326454,7.23037
-8.333699,-10.631535,7.7826633
-6.3884697,-10.500123,8.686809
-8.638789,-10.950024,4.9711323
-7.52842,-8.994152,6.464172
-7.8760858,-4.939957,6.4400587
-7.1436143,-4.6279836,5.980729
-4.5082526,-5.4027233,5.4437704
-4.5558577,-4.1178403,6.489204
-4.0759625,-5.8444457,5.9214697
-7.5286617,-4.7866173,7.3902063
-5.3671856,-6.1027575,8.664694
-3.1423266,-4.366277,7.2541957
-3.142927,-4.1590962,7.30023
-6.115275,-7.681282,5.9122562
-4.096963,-6.5093403,7.896755
-5.4068575,-11.841371,6.9528303
-1.5669634,-7.368493,7.7810073
-0.9138744,-7.9645395,6.4968286
0.42968225,-3.9085886,7.40432
0.16818762,-1.8911583,6.6566935
-1.303735,-5.263845,7.426976
1.9828589,-5.4010696,5.1793747
0.3194523,-2.4697528,7.1003904
5.0548143,-2.9318852,8.182835
5.1772037,-3.7679367,7.6072044
0.68228483,-2.096332,6.634327
