yaw,pitch,roll
-6.004979,-8.246589,2.3445745
-1.3160858,-14.140907,0.1643973
1.2170753,-14.459869,-1.2046335
-2.662076,-15.335082,-1.0804757
-5.127694,-13.517007,-5.7540407
-2.8453197,-13.845849,-4.122824
4.1982083,-12.092073,-5.3209424
4.3961816,-10.622701,-2.6888094
1.4090772,-14.3198185,-10.4284935
1.8892272,-15.390095,-3.6873016
1.9464688,-14.511192,-5.091196
0.87172127,-14.10017,-3.3607702
1.6473007,-10.68281,-2.302853
1.9694977,-13.44688,-6.3526006
-7.3935404,-21.868246,-0.4824764
-2.377469,-19.340115,-3.8941486
-16.501633,-14.533809,-4.314423
-3.3161998,-13.497511,-9.088915
-2.649355,-13.463177,-7.0846395
-1.0884666,-12.147111,-2.3079848
-3.1931558,-13.860411,-7.0389786
-1.3948765,-15.075272,-8.743845
-1.7921209,-13.029592,-7.2443457
1.7942271,-13.390934,-9.450578
-1.1955106,-10.103326,-6.046664
-0.19361258,-16.87934,-7.776923
0.5795288,-16.62223,-7.411414
-0.09414768,-16.099941,-10.473688
0.32590103,-17.309845,-7.987589
-0.8601804,-17.11399,-5.678209
2.1657763,-15.44714,-7.8534245
0.997509,-13.287851,-9.063613
3.0617776,-17.759264,-8.322374
-0.2571814,-15.257819,-8.566467
-0.22382069,-16.110113,-7.5516286
-2.455525,-15.914339,-8.960428
1.5238662,-14.129242,-10.558461
1.2139964,-16.110416,-8.657919
1.4902296,-16.976416,-11.152782
0.19225693,-19.903267,-10.406237
-0.7365217,-18.630642,-10.27214
-3.4094248,-17.455824,-11.304052
0.95458555,-17.630873,-10.575737
4.719665,-14.794437,-11.486187
2.5236,-17.379026,-10.631827
-1.2699394,-18.093853,-7.2466974
0.33803558,-18.78865,-8.077105
1.1104231,-19.000067,-6.305667
-0.22202587,-17.13428,-5.7750845
3.4554367,-16.140577,-7.822128
0.90490246,-15.49263,-9.521798
-0.56808615,-14.907608,-6.8145075
0.27471876,-14.92255,-7.597979
1.184895,-14.4839,-5.7732067
1.3042288,-13.47777,-8.649841
1.4565821,-14.563248,-8.087428
2.3795834,-11.2194195,-3.4494388
3.284885,-10.1043415,-5.618677
1.0083122,-10.416529,-4.4587336
0.33418417,-10.52567,-5.1562295
1.241765,-10.572609,-7.6568832
0.91876745,-11.071516,-4.137397
3.6482859,-11.500453,-3.5746832
-0.1869216,-10.622241,-7.473667
-0.34105873,-10.803394,-5.1643677
-0.93990874,-10.854847,-4.8365774
0.29344463,-14.85244,-4.5240507
-6.400791,-9.788996,-6.3876424
-5.0206676,-9.024112,-2.8705058
-3.5096602,-9.1159115,-4.3002195
0.84346104,-8.097407,-5.052283
1.3734486,-5.9095073,-5.291484
3.165858,-4.529416,-4.8655586
3.1961622,-4.773957,-2.65541
3.0414705,-7.432382,-7.688094
5.014147,-7.148371,-5.7201424
1.9933782,-10.439083,-8.378116
3.3515594,-6.7737656,-2.7255583
2.5586152,-8.502131,-4.128411
0.64869547,-10.187031,-2.5631049
-0.065518856,-6.4055557,-3.9405298
4.6624813,-8.0534,-6.318445
2.813798,-8.162249,-1.8029703
3.0598378,-9.402941,-5.132884
-0.77528214,-6.4612455,-6.0604434
-8.727352,-8.695175,0.15785295
-2.1115892,-8.132014,1.4435601
-4.5657167,-5.8654184,-0.022610188
-6.140474,-3.8366737,0.7557374
-8.923416,-5.316709,1.9827766
