yaw,pitch,roll
-6.6311226,-9.824202,1.9306492
-11.392565,-8.722988,0.3016039
-12.935373,-9.297283,0.116400406
-13.27865,-9.413326,1.1020136
-12.58387,-9.656273,-0.5139692
-16.284842,-5.623731,-1.2131596
-16.703691,-10.100088,-2.9956331
-17.819382,-3.3310146,-1.6511896
-32.850002,-6.8783774,3.4173484
-9.698099,-12.443506,3.0309849
-12.86476,-11.164894,4.422266
-21.034208,-7.5057626,4.813799
-17.534607,-8.214376,-4.8001986
-21.210781,-8.519546,-3.9152815
-21.998898,-5.827178,3.4393084
-14.166166,-13.471863,0.05797577
-17.24633,-15.818273,0.23270178
-20.254536,-10.041221,4.248891
-21.202433,-4.834853,-1.7261692
-21.516144,-6.881271,-5.1893935
-21.19989,-8.186255,-4.6730547
-19.31278,-5.39788,-6.443932
-20.682854,-11.548619,1.8296685
-16.630692,-14.900074,1.6009601
-16.560396,-15.178366,-0.19242573
-16.182709,-15.606367,-2.6313357
-16.059093,-10.117206,-2.600546
-19.080185,-11.057818,-5.409486
-22.260757,-8.539707,-2.6300545
-18.485687,-7.0221176,-1.1263962
-18.518787,-10.290038,-2.5474527
-18.9418,-7.6542854,-5.5718746
-14.172106,-9.919736,-1.4270322
-18.128807,-11.598141,-2.2235045
-15.1406145,-11.997601,-2.2014027
-15.958397,-8.878729,-11.312782
