yaw,pitch,roll
1.1400819,-16.890097,-2.7197695
3.8826513,-15.703457,-6.0178204
1.8981867,-17.115335,-4.704445
1.188848,-17.584114,-4.481136
4.233578,-16.464098,-5.776929
4.182622,-14.364681,-4.104902
3.0618691,-15.361409,-5.9561777
1.7457871,-16.172573,-4.494069
2.0825176,-16.777536,-6.1860046
2.7926972,-15.347781,-7.384097
6.689805,-13.76048,-6.831805
4.6054335,-13.715487,-9.223868
3.2671812,-13.104023,-8.208141
3.324501,-14.530274,-6.707559
1.6165195,-16.124334,-4.723547
1.9132781,-17.784885,-4.257327
2.2224388,-19.235903,-5.888835
-21.035265,-8.9379225,-0.42738068
-2.5537946,-10.613722,-11.448516
-6.2046413,-8.739208,-0.0028874576
-13.389443,-8.669191,-10.068917
-6.1033897,-2.27127,-10.419348
-6.694517,-5.8718934,1.8370048
-4.682896,-5.6036386,0.9009857
-2.2197495,-7.4382186,-5.084813
-6.92606,-6.2946353,0.39326644
-11.287363,-9.399807,-7.2037373
-1.7504501,-6.6501617,-2.0667055
-5.7797756,-7.88655,-0.84535444
-3.0332122,-6.4372854,-3.3399255
-8.317199,-7.03903,0.49281454
-2.4649053,-6.2797117,2.1450012
-7.1249824,-5.528748,2.7762814
-8.250694,-5.659241,-4.797969
2.2956753,-4.605603,1.4957912
-3.664892,-6.3813286,-4.577018
-4.6087527,-4.770052,-2.163122
-1.3980365,-4.449065,2.9536552
-2.6920686,-5.2230763,2.596209
-5.292206,-6.423692,3.5590358
-5.256915,-7.642426,-1.6820686
-4.514671,-2.3812823,2.6318455
-3.023892,-2.284243,-0.42140165
-2.183783,-4.615534,-1.4745765
-0.5931363,-5.594919,1.7647626
-2.9350014,-3.9251442,-1.1417351
-3.9609678,-4.716838,2.057946
-3.2323537,-4.27803,2.04847
-3.3983104,-6.6303334,-0.813059
-2.1658983,-3.310214,0.99115956
-0.98016024,-2.509538,3.878324
-2.7541862,-5.1465874,4.174458
-0.6723976,-3.3515408,2.799551
-1.778471,-4.134362,2.6396117
-0.5157547,-4.1041417,2.0529196
-1.6831956,-5.0466957,1.9583268
-1.5459566,-3.760192,1.5775938
-1.5379076,-3.582081,2.6833096
-2.4441264,-5.753003,0.65434855
-1.8576984,-4.9329166,-0.51820743
-3.0750766,-3.6769202,0.588113
-0.5066352,-4.7236466,0.4703328
-1.4245276,-4.7375917,0.18911242
-1.8904204,-4.8142643,0.29725617
-0.030399323,-5.1801205,2.4723344
-2.214961,-5.169346,0.5601128
-1.4851432,-6.101004,1.1539074
-0.85203743,-6.581287,2.2975044
-2.8750901,-4.3935475,-0.5475572
-0.9969392,-4.805864,0.9810826
-0.85675335,-4.5350075,2.2410235
-0.7844963,-5.026611,0.27875972
-1.0841899,-4.3005266,-0.02303493
-1.441288,-4.1846685,-0.28147227
-1.7659593,-6.7522745,-0.158562
-3.5508668,-5.823511,0.20350268
-5.2552347,-5.3988094,0.7367554
-2.6039758,-6.7654114,1.5406868
-0.7167611,-5.947518,2.1993139
-0.4494753,-4.5543413,2.6092408
-2.5820382,-5.801325,0.96422493
-3.1272597,-5.128194,3.0068214
-2.695195,-5.5810995,2.5100806
-1.250411,-4.898138,3.4108605
-2.305727,-7.05974,-0.48371
-0.7819824,-5.3541665,4.3288007
-0.53554296,-5.597354,3.8880718
-3.203717,-4.9680786,3.7048693
-2.7019918,-6.7649016,3.6067512
-3.5732198,-6.10093,1.5678053
