yaw,pitch,roll
3.602827,-8.291351,-24.158375
2.1315894,-7.954184,-21.469357
1.9934406,-8.424871,-22.73404
2.89656,-8.855784,-21.601774
3.1899714,-7.3882637,-22.108698
-1.6916587,-6.020611,-20.99246
-4.641021,-7.2871656,-19.889492
-15.575941,-5.513983,-22.813206
-6.0070934,-3.3227048,-21.251625
-10.921167,-6.080909,-16.295479
-2.8791595,-18.978065,-15.719082
-4.5659056,-15.294348,-17.481041
-0.45751005,-5.2293425,-20.812338
-3.5560377,-4.906372,-19.740822
-8.36607,-8.517388,-17.059723
-4.0895987,-7.037798,-19.65517
3.6722283,-2.647274,-21.30268
-6.3852935,-3.0120163,-23.229351
0.35327578,-6.7232027,-19.61117
-6.750983,-6.0558205,-19.739433
1.8881742,-8.828215,-22.380245
-8.253907,-8.413511,-21.165455
2.8643672,-0.5877147,-22.197906
-2.6320643,-3.0107062,-23.291582
-1.3507752,-6.9765124,-19.703144
-0.77823025,-4.7276883,-18.935759
0.20352292,-8.239058,-19.978403
-9.23581,-5.7021756,-17.43266
2.5641286,-3.0965323,-20.987494
0.5611005,-0.47792578,-22.864412
2.0312786,-4.829215,-21.203096
-4.84951,-6.5127954,-17.616234
-11.602835,-10.932124,-16.233452
-7.0731688,-8.397267,-18.317081
-14.181936,-5.841639,-17.92554
-1.4376165,-0.42467308,-22.285189
