yaw,pitch,roll
-13.626879,1.9998438,10.780462
-12.145948,2.6838882,10.619584
-9.990272,1.3520155,10.674389
-7.721838,1.5621209,10.543846
-7.908201,0.4273014,10.542892
-9.632711,-0.3534888,10.240332
-7.813381,1.5889473,9.956539
-8.214824,1.272565,9.539148
-4.714118,-0.41315603,9.508797
-1.6785033,-8.169258,10.98793
3.2964134,-10.9556265,11.234623
0.015790462,-2.7041287,9.592769
-1.0128784,2.762035,5.4887376
-1.093307,-1.531178,7.354129
0.46762943,-6.444153,7.735842
3.1152794,-7.449913,6.577754
3.8130195,-0.3617134,5.9692507
2.942298,-1.7083338,5.886556
1.9243543,-4.1157207,6.293956
4.30161,-6.8204565,8.948043
1.3586259,-4.595254,7.04436
5.462764,-1.9524448,6.6016746
6.9612255,0.12032774,8.746357
4.3384857,4.492864,11.919417
0.811512,-2.6805012,11.321588
2.658301,-3.980065,-1.6351186
5.4564247,-3.1370263,4.779804
6.82483,-2.7749145,6.176861
2.031633,-2.2779741,7.636653
4.418248,-1.365882,3.864097
5.9913883,-3.2732663,5.4045553
5.0738363,-3.4294767,5.075576
4.806286,-3.0437064,7.4096775
3.937345,-0.12776917,7.850192
7.0195684,-1.5715342,4.815365
6.406576,-1.663658,4.6643
