yaw,pitch,roll
-16.934813,-10.816635,-0.52891874
-12.614086,-9.934093,-2.7146373
-13.124407,-10.154253,-2.463758
-14.393852,-7.90086,0.5204092
-14.128576,-8.50763,1.402074
-10.8910885,-11.879322,-0.027929783
-16.546505,-9.011204,-0.61595035
-15.212536,-9.949425,1.048537
-16.33965,-12.213598,2.3548238
-17.807308,-9.784832,-0.6383712
-19.028534,-8.261613,-2.5137396
-16.753557,-9.640593,-0.2634189
-16.128296,-11.702837,1.6593065
-14.685906,-13.906292,-1.7891281
-21.969063,-10.548489,0.11658013
-20.208286,-9.724593,-2.7051628
-24.312405,-9.4844265,1.3747401
-17.375866,-13.20693,2.550982
-22.059038,-8.305285,2.9595733
-23.49937,-8.85917,3.6806448
-22.993525,-12.972118,0.8129664
-27.804476,-16.318357,3.5895238
-25.341633,-17.198921,0.7968858
-27.077787,-14.639582,-3.2791057
-30.964813,-12.663139,2.6721506
-27.455128,-11.970551,5.9818516
-26.087734,-18.761312,0.53363025
-20.93417,-17.143154,2.6770086
-22.67642,-17.678741,4.9727635
-23.555443,-18.566631,2.9632695
-26.769714,-13.950314,0.16964717
-27.653305,-13.997742,2.7127345
-29.894964,-12.676933,2.4405112
-27.84504,-14.344453,2.8249767
-19.160614,-19.857944,2.6177506
-17.969353,-15.680674,3.383075
-14.051738,-15.311305,3.956369
-20.73982,-15.326197,2.7441227
-25.44244,-17.718128,2.8225427
-29.920292,-19.837349,6.269453
-27.701015,-18.528786,6.8324695
-28.045918,-14.350592,4.0874853
-27.007439,-19.179558,3.5736532
-26.226704,-16.544268,5.6307354
-21.826431,-17.5186,5.5284185
-26.669643,-17.305689,6.4420385
-27.510534,-16.121727,8.750043
-35.77786,-20.524204,3.8807948
-34.373344,-17.593359,4.605114
-31.401459,-20.12305,1.7498064
-28.567898,-19.790531,7.1040854
-28.060188,-17.624521,6.389121
-25.932413,-17.823887,8.858764
-25.254868,-15.862894,2.8026185
-23.60421,-18.174313,6.8998566
-25.999783,-15.004993,5.6733284
-20.922462,-17.173216,3.3976707
-24.9654,-19.52566,4.139123
-22.221916,-15.862537,4.3321757
-23.728075,-13.909024,1.976146
-24.921318,-15.019508,2.587213
-27.672663,-18.735397,5.0712
-22.86455,-14.346468,2.4869826
-25.720263,-16.486761,3.2869973
-23.854885,-15.439251,2.428229
-25.17112,-18.746553,5.169708
-22.647799,-16.15454,4.600348
-23.14355,-15.749208,3.5448728
-21.223017,-16.27719,2.874411
-24.409065,-14.999514,1.8735421
-22.346014,-16.0346,1.2971282
-21.533314,-15.58704,1.8065386
-22.519415,-17.680008,1.9656295
-20.86697,-16.757957,0.35928345
-22.48452,-18.64355,2.0491576
-21.19171,-15.695801,1.3765723
-20.28502,-15.944221,1.0373588
-23.535908,-17.43412,5.2903132
-25.884441,-19.675438,4.290906
-26.667732,-18.596859,5.830574
-26.229538,-18.948902,5.190566
-22.419052,-17.687326,2.8713374
-24.937717,-16.317413,4.198639
-24.742653,-17.224598,3.1209936
-24.17493,-16.155651,3.1756318
-27.18546,-18.335419,5.5542703
-23.439453,-15.990658,1.6728656
-22.012825,-15.546544,0.4189862
-27.418987,-17.582645,4.0296803
-30.13091,-19.350344,6.002849
