yaw,pitch,roll
-10.922909,-8.781871,1.3869791
-9.52331,-9.572812,1.5267878
-11.215049,-6.8781347,0.7169944
-11.396083,-7.685526,-1.6174607
-8.725693,-10.149052,3.6832495
-12.84005,-10.090366,-3.0667078
-13.45488,-8.2124405,0.310831
-8.432695,-7.399452,0.3812707
-12.895049,-7.560004,-0.12790424
-10.371712,-6.103168,0.21484813
-5.5491815,-3.3269272,-2.4945002
-11.885553,-5.7815514,-2.5554514
-9.310219,-7.05999,-5.2277517
-9.36644,-6.3294706,-3.0614913
-7.6668873,-9.783966,-0.6032958
-7.1507406,-4.248484,-0.39803684
-12.256984,-9.199293,3.2071366
-6.683904,-7.878645,2.9399343
-14.82666,-9.715286,-2.3021255
-7.706307,-7.35442,-1.1233039
-5.5465355,-8.438977,-0.5769306
-6.247861,-7.0077457,1.5769751
-6.6421766,-8.547468,0.6868345
-9.3177805,-9.349251,2.3813243
-10.378385,-8.46734,2.5132835
-9.115711,-7.856866,3.5345736
-9.451317,-9.139775,2.1446378
-10.981237,-10.465133,1.1027052
-6.2734337,-10.2072735,1.3538167
-8.6296425,-10.209005,3.7514093
-10.643925,-10.622013,2.8555698
-6.294897,-8.604484,6.0089498
-8.518432,-8.799534,4.25018
-10.166689,-8.6977,1.4250673
-6.682767,-7.586871,-0.4165098
-9.790205,-8.834706,1.2441117
-7.1933436,-9.124602,-1.1159532
-6.4252796,-7.6193953,2.5477324
-6.196534,-9.0272665,4.686747
-9.483422,-9.32471,2.205309
-8.387896,-9.035204,3.263547
-6.2695675,-8.883058,0.3307141
-6.149298,-9.555362,1.5659668
-4.99598,-10.698193,1.2301099
-3.00749,-8.786778,2.809312
-7.4449263,-10.026554,2.1711643
-10.684561,-11.051313,-0.08883956
-3.6427658,-10.546993,-1.0608342
-1.9265208,-9.325422,3.0357666
-1.3744266,-7.879538,4.7291694
-0.53984666,-9.588932,2.565377
-1.7364168,-12.1538925,3.5007257
-0.542691,-12.513044,3.874949
-3.7716255,-11.009681,1.0543479
-4.3622108,-12.935459,-0.9449034
0.56043386,-12.10684,0.993544
-7.7638965,-8.563043,-2.0434616
-1.9862037,-10.041592,-3.0853357
1.4628628,-13.437053,-1.6053891
-2.9219985,-10.685743,-2.6916208
-6.669645,-10.701993,-6.720877
-11.984505,-9.259243,-11.661608
-9.250673,-11.788874,-6.9592094
0.9711094,-11.466339,-0.041687727
-5.439565,-10.532995,-0.9590016
-7.6358223,-9.24242,2.3818445
-8.556519,-8.751795,0.19567657
-6.1409574,-9.544186,-3.6319451
-8.364605,-11.480133,-1.7830168
-12.948809,-12.36245,0.6493727
-8.576625,-13.252753,-0.92293847
-6.2244368,-12.80591,-2.1430593
-11.1828165,-15.319772,-0.86493003
-6.825693,-14.225352,-0.17705107
-6.493103,-14.018593,3.2490156
-7.271012,-15.226363,3.442063
-4.174735,-12.0831375,-0.08610463
-4.552188,-12.234836,2.5841126
-4.9685597,-12.005556,5.7426395
-6.648926,-13.345739,1.7676165
-10.120062,-14.7738905,1.5504992
-10.945576,-12.716305,1.189512
-11.609471,-13.32784,3.7085636
-12.3223715,-14.269829,2.8999074
-13.594818,-12.062357,3.9902906
-12.363259,-12.273923,2.6251254
-16.488033,-13.07502,5.1488614
-16.22057,-13.7306595,2.9507473
-18.176825,-11.526594,5.504163
-14.96406,-8.223188,3.7712944
