yaw,pitch,roll
-4.8302083,-8.907576,-2.2708771
-6.644073,-12.650925,-2.3724656
0.28966463,-11.266029,-3.015637
-2.0259562,-9.161288,-3.846889
-5.3562326,-7.8118777,-7.0948696
-7.252189,-12.362689,-4.312498
-6.7354126,-15.0864315,-5.5127664
-15.864751,-10.593124,-0.8656752
-8.0559225,-14.640049,-0.71058476
-5.033727,-14.760233,-7.6174097
-1.4003004,-15.278162,-8.388527
-6.640135,-15.727224,-7.0085607
-10.58357,-15.236059,-5.690825
-8.077223,-13.2298355,-7.227871
-8.887498,-14.925085,-4.594811
-9.409128,-17.164553,-7.1608124
-11.081114,-15.849245,-6.656254
-10.032244,-15.344028,-8.0965395
-8.771009,-16.83221,-8.365036
-6.1456604,-16.34672,-9.922577
-2.6737268,-15.624803,-8.606677
-8.165072,-15.050076,-6.8808184
-10.253462,-19.05432,-8.637743
-6.4812775,-19.149153,-8.535778
-8.515884,-17.550085,-8.477151
-6.843568,-16.624308,-9.535753
-5.157584,-17.006659,-9.256045
-1.3600283,-17.593508,-8.003357
-1.9031937,-16.568798,-9.194593
-0.7192668,-15.422503,-8.051411
-2.7296793,-15.699943,-8.480086
-3.514029,-15.168474,-8.871024
-4.0592556,-16.000448,-9.002867
-4.040649,-17.823402,-7.942729
-3.2298298,-14.810788,-8.275193
-0.92337877,-18.505312,-5.7036943
