yaw,pitch,roll
-12.752436,-13.899488,-9.3704405
-10.090364,-14.828017,-9.700715
-13.545681,-13.466806,-9.367676
-14.07222,-9.908882,-10.897208
-18.879694,-11.903591,-7.4084053
-19.116411,-11.527937,-7.931671
-17.51549,-10.877312,-11.3196335
-20.288956,-11.313356,-8.491837
-18.93486,-9.361792,-10.713248
-21.1679,-9.764846,-11.020699
-19.214056,-10.0164585,-12.812733
-14.125626,-9.601763,-16.359413
-13.972689,-8.65157,-5.607077
-6.8423557,6.628942,-8.364783
-5.335631,14.877222,-13.70307
-6.0073886,9.677861,-15.873677
-18.353807,9.285526,-19.06411
-15.730243,12.029293,-20.249033
-19.891338,4.321197,-18.020878
-18.725979,0.19390225,-15.606551
-15.73283,7.7318363,-18.962162
-18.579227,8.237055,-19.90701
-7.946818,14.585521,-19.775894
-25.155365,-1.459292,-14.286088
-12.514475,7.0176115,-18.714825
-12.989839,8.455755,-19.632975
-7.3876843,9.341013,-21.720932
-11.179789,1.4653978,-17.14576
-5.744864,11.004671,-16.457836
-14.5788555,4.3776646,-17.154173
-16.587927,5.107993,-17.897
-18.37975,0.74227357,-21.179178
-8.5291195,4.4236183,-18.366077
-16.704273,8.632973,-22.606709
-15.766947,7.428135,-20.56879
-20.007687,2.2701364,-18.898247
-24.32873,-4.0932612,-16.354725
-19.43109,-1.7234113,-15.858597
-16.634853,5.726207,-20.517395
-18.690544,1.1457281,-18.978436
-21.572289,-2.6496801,-18.828476
-16.870594,-4.0207577,-16.216923
-14.267626,-1.2120891,-17.395401
-23.840876,-0.22764325,-20.951698
-21.228436,3.624262,-23.349348
-12.863382,5.9057283,-19.300747
-15.163778,6.6193256,-20.82167
-17.815498,4.609641,-21.26369
-14.759264,5.8838468,-18.866589
-7.425594,3.1514611,-18.878952
-17.446566,-0.6127982,-18.235146
-13.706532,4.184595,-19.579182
-15.272398,4.1774917,-21.092674
-9.878401,6.1579046,-19.453102
-10.3111,5.815448,-20.732037
-11.14398,6.468028,-20.472607
-4.8494997,7.8909345,-19.755169
-10.529712,7.9799767,-18.777279
-8.38093,9.048352,-20.852055
-8.438962,6.315505,-21.991291
-7.9028416,9.868912,-23.003761
-4.601336,7.227229,-20.939568
-11.911285,9.940399,-24.69384
-10.799739,3.6461213,-21.941042
-17.40298,1.8185335,-15.476849
-16.313072,2.4782476,-15.509052
-18.033113,1.4545906,-15.606964
-13.397974,3.1001496,-12.86501
-8.177219,1.9895042,-12.049988
-6.872099,5.9941173,-11.034047
-10.84833,10.285025,-9.576319
-1.8846936,8.04517,-7.1624174
-5.7493906,6.8769655,-7.861375
-3.0003572,4.8996024,-5.775175
-2.1850963,4.590397,-1.9270115
-3.1959333,1.0473891,0.40975443
-4.0687056,1.8083218,0.3247621
-7.2394085,0.7598554,1.7948642
-15.058937,-3.9100785,-3.4265354
-18.35297,-6.330391,-4.2951546
-16.816502,-6.27707,-2.5845802
-17.753984,-5.6169987,0.05532348
-15.995238,-7.203078,-0.14544785
-16.735796,-5.371516,0.34821123
-14.311108,-3.0819006,-0.74594915
-13.184995,-5.1130753,1.1170714
-12.503716,-3.940141,2.0151277
-13.212435,-4.908559,0.4751988
-13.10203,-6.123037,2.1935337
-14.530952,-6.0303817,1.8538914
