yaw,pitch,roll
18.515057,6.809599,-13.0404625
18.267063,6.538556,-10.240339
15.448611,7.90366,-9.399771
19.621529,10.8860035,-12.293176
18.67004,15.144544,-8.569094
16.803818,14.290565,-8.725139
17.954754,16.142025,-10.528946
14.404609,12.534371,-10.628296
18.22364,9.161894,-22.414831
27.494184,14.107525,-20.896357
27.557032,14.940231,-13.035231
30.38756,20.417072,-6.710347
30.436321,21.937868,-15.190391
23.998394,11.523348,-27.250639
20.17936,12.516943,-29.198261
32.26652,18.41023,-28.749191
28.936302,21.207802,-21.637589
27.775106,18.062843,-17.553555
25.120668,14.98049,-22.408188
25.565586,21.612858,-17.584484
31.143393,21.997112,-19.25298
28.305618,21.956984,-18.33313
22.789158,13.285749,-26.875803
29.738804,19.548803,-24.13008
33.47309,15.569131,-22.473991
34.087933,16.991346,-20.626768
24.48217,17.52434,-15.644045
19.107435,12.283102,-26.474422
33.214413,17.382572,-25.90124
34.477432,13.338737,-23.011734
28.588062,13.201477,-18.299274
20.581308,10.167236,-24.744709
13.914701,11.492338,-27.527676
24.101486,10.060477,-30.704351
25.965033,15.107065,-25.92404
26.908882,14.696541,-20.88586
