yaw,pitch,roll
0.6303165,-13.2914095,-4.920803
4.249437,-12.121855,-5.074815
5.474213,-16.083702,-7.092087
-0.4743238,-10.833124,-3.6041389
-0.65265006,-13.756172,-7.9701552
-2.101888,-15.7754,-4.328245
-1.6478858,-13.738015,-7.444705
-3.5717707,-11.320643,-8.845337
-8.164416,-14.423098,-6.1595054
-1.9896202,-11.433155,-10.197197
-13.926382,-16.75505,-12.206366
-4.0192275,-14.420231,-5.531432
-3.0450726,-17.872988,-9.223677
-8.239251,-15.504652,-11.451162
-10.106546,-16.77145,-7.680045
-9.629492,-17.220083,-4.7554045
-11.274286,-19.199545,-8.500256
-10.52726,-17.565506,-5.121725
-9.482699,-14.385538,-9.825524
-10.590633,-12.827362,-9.00925
-9.18843,-23.296652,-1.2722015
-7.72,-16.099054,-1.3107175
-8.190078,-17.124159,-6.24657
-8.324327,-21.158606,-9.105913
-4.6808863,-21.015833,-11.9173355
-10.042057,-18.63374,-10.279042
-6.9233775,-23.824085,-11.186384
-8.219106,-22.853256,-8.467626
-8.040511,-24.422005,-9.223248
1.5908391,-22.841248,-10.496743
2.366285,-26.104624,-8.113842
0.91771364,-27.84885,-10.919603
7.8355045,-17.946762,-12.207292
6.928153,-15.815899,-13.430246
6.347069,-20.441051,-12.238689
9.720806,-19.722858,-16.619993
7.645022,-17.330544,-13.9331875
8.477072,-17.303238,-14.433439
6.938991,-16.947983,-11.897018
8.626501,-17.703903,-14.299913
3.6004486,-23.972515,-11.327663
3.921144,-20.54987,-10.25848
6.269228,-21.082602,-9.865318
5.044193,-26.103363,-6.971133
4.698339,-23.191967,-6.454265
4.503111,-23.206507,-10.459019
5.120421,-21.462463,-8.365266
5.4153247,-21.758915,-11.575256
3.2966032,-20.194855,-10.736711
5.37478,-19.443745,-11.961346
7.37251,-17.91993,-14.072859
8.000369,-20.766376,-11.0696125
4.4589243,-20.829872,-10.795361
7.5279646,-18.933338,-5.113243
6.999878,-21.316628,-7.1401596
8.233583,-19.948072,-10.853388
5.6628585,-18.147245,-11.1553955
5.589857,-18.522041,-10.671206
5.5344486,-19.474958,-11.290876
6.7632976,-14.027256,-13.537618
6.3637433,-19.559711,-10.540968
7.0776305,-18.945889,-8.81719
6.3846965,-21.423584,-8.9188
7.9080114,-22.464558,-9.990682
8.063648,-21.356693,-8.576401
7.060794,-19.456768,-10.072784
6.2290654,-21.470392,-10.293421
6.4067707,-23.012897,-8.410473
7.206675,-20.98774,-13.2543335
8.152672,-21.075016,-10.300592
6.908005,-19.778055,-11.072803
8.335104,-19.066586,-9.836621
8.571634,-19.431133,-11.228327
8.961773,-19.2375,-10.1769905
8.046387,-19.278545,-9.809097
8.180457,-19.387527,-10.587458
8.894306,-17.217945,-11.272211
9.022437,-18.576416,-11.105671
7.4975514,-21.247623,-11.085541
6.3740835,-19.611502,-10.417845
5.442384,-20.21243,-12.518487
5.4198737,-19.905396,-12.223659
7.2464676,-19.175112,-8.724371
6.173082,-17.960854,-9.33367
7.159927,-17.342419,-8.316462
6.145981,-19.092651,-8.309843
6.745699,-19.860443,-7.2142854
6.610071,-18.899975,-7.856705
6.77151,-20.020832,-6.6200285
7.6514215,-19.448524,-8.0450945
