yaw,pitch,roll
-11.8657,-14.188871,15.168934
-10.983138,-15.973579,12.782722
-9.72702,-15.740675,13.397257
-10.608476,-15.825036,12.336027
-13.747385,-15.095637,12.801559
-12.442143,-16.641888,12.723558
-9.750576,-16.097473,12.824789
-12.242755,-13.848054,12.167797
-10.557594,-13.440587,13.390812
-12.9886875,-14.222617,11.606245
-11.570122,-13.831797,11.976696
-10.645098,-17.74086,8.587983
-9.432254,-15.653574,7.09834
-10.806992,-15.934372,8.732956
-11.766774,-16.623388,9.562861
-9.554059,-17.655104,10.190499
-7.4999137,-16.84697,9.763784
-10.06316,-16.982365,11.085772
-8.589332,-17.281954,10.661737
-10.744027,-17.079882,11.842754
-11.510485,-18.216236,12.626486
-9.072601,-16.57947,11.113901
-10.532352,-17.618036,10.235104
-8.928401,-18.480888,10.271074
-10.307138,-16.462582,8.608066
-15.350574,-18.101856,11.911913
-11.6356735,-13.937754,12.735181
-15.790222,-16.428919,8.256554
-13.772239,-11.135004,12.470745
-13.063151,-10.962095,9.483166
-16.546875,-10.867435,11.626693
-13.7677965,-16.657032,16.085392
-17.80136,-16.232304,12.215475
-16.21997,-12.255637,7.261731
-10.607552,-17.65843,6.9189672
-24.98835,-19.719566,11.831049
-15.473895,-15.906387,14.288631
-17.386106,-18.85403,11.898804
-17.790554,-12.441386,11.246384
-7.0999074,-16.201925,7.088992
-26.174028,-17.523846,12.054673
-5.9828033,-17.735722,10.609995
-26.77477,-22.401146,14.528559
-14.460179,-18.574762,9.656235
-16.150702,-21.088272,6.1610355
-22.709358,-31.199951,17.265638
-9.738053,-18.56174,4.914313
-20.506374,-22.408485,10.919125
-8.282133,-20.074005,4.944113
-12.810879,-20.569885,7.8642507
-13.139975,-20.955349,13.0984745
-9.404291,-18.77436,4.050972
-5.4803324,-16.259998,5.423371
-10.201236,-20.665346,9.057934
-7.11388,-16.107077,9.961808
-12.766006,-21.9794,9.145559
-13.803228,-17.868708,8.7592945
-8.090917,-19.640213,8.224643
-10.523894,-20.551306,7.5996585
-8.025905,-17.674362,9.449413
-12.761128,-15.866529,11.823963
-8.678798,-18.443161,6.6178637
-14.637251,-16.05505,11.863248
-6.0707755,-19.748882,7.368359
-12.353141,-16.0821,9.700662
-5.789561,-19.65934,7.688549
-9.887176,-21.87328,8.083848
-12.105643,-19.655346,7.8076262
-8.545888,-15.252373,7.193534
-5.798596,-19.501093,7.781576
-12.949734,-16.80238,8.917343
-10.055292,-16.842987,9.6645775
-15.5130005,-16.474522,9.729478
-14.367062,-17.004307,8.186333
-6.530059,-16.643084,8.238607
-5.9350696,-19.867708,7.5232453
-11.0792885,-15.407131,9.537665
-4.643585,-18.034739,9.242676
-6.4548492,-20.737295,9.738661
-5.968428,-16.96637,9.132133
-6.9841485,-20.216545,8.610366
-8.345194,-19.040873,8.641904
-6.040626,-11.067832,7.301034
-8.84387,-14.611968,6.262753
-10.422901,-15.345301,7.2720747
-7.966674,-15.714993,8.5408
-6.7231307,-14.409798,7.546464
-9.547003,-12.50098,8.522591
-9.922905,-17.32618,7.818343
-14.787281,-15.481546,6.0886245
