yaw,pitch,roll
2.5297146,-5.816785,-1.0947236
4.352136,-6.393176,-1.5459358
1.5067416,-6.7254095,-1.7952416
-0.30103308,-5.1546535,-3.3023949
0.98167133,-5.412923,-2.508924
2.2999332,-6.1030693,-4.3244853
2.018538,-7.2044063,-3.6230516
6.09958,-6.2346225,-4.052473
3.2722716,-6.947212,-2.613796
1.7404844,-5.399277,-5.6679554
4.559715,-4.2764816,-4.560655
6.248422,-3.7928052,-5.604993
5.699605,-3.7777228,-3.3390326
9.066369,-6.635503,3.6608784
9.6428385,-11.891642,6.8651595
4.812824,-8.542203,5.17658
6.120537,-6.8125744,0.74421126
3.2599332,-9.200107,-3.0966551
-2.3157768,-6.966039,-7.6357536
-3.5803707,-10.9906845,-4.363371
1.2347937,-12.926935,-4.1529484
-0.30138397,-8.826208,-2.6359866
-10.364174,-9.04194,2.2577229
-1.4718137,-14.669792,-2.4839797
-2.5367832,-11.974813,2.055595
-3.7041044,-9.682107,-4.503098
-3.6840355,-17.24998,-9.350429
1.6808469,-12.253376,-4.4237185
-1.7485793,-11.876051,-5.943792
-6.675487,-12.53774,2.2971718
2.377605,-13.856672,-1.7421443
4.5179605,-12.875267,0.8474933
2.4456596,-13.111963,-0.56662357
2.1319394,-12.453269,-7.6135893
0.8751941,-13.044611,-10.390999
1.8201475,-12.659542,-6.0673237
0.58895874,-12.029341,-2.1313245
1.0590105,-13.85454,-2.1777134
3.2791193,-16.905811,-0.33481336
3.5427198,-15.856825,-2.8177722
4.300162,-13.911662,-0.7630777
2.0036306,-13.580855,-4.6619797
0.28741503,-14.262968,-3.0475636
3.624596,-12.886301,-3.6968477
3.8331456,-12.982107,-2.900004
3.9883695,-12.803854,-5.2525735
3.4650106,-11.923124,-5.483482
4.186964,-12.666438,-5.0721626
4.410286,-12.579977,-3.7738056
3.971853,-11.875457,-3.9815087
3.2620993,-12.405712,-4.2032366
1.6197495,-13.020586,-5.4248424
4.8784447,-11.454875,-3.0881102
4.7000365,-13.977842,-1.8693922
3.7688417,-12.144056,-2.1315298
4.205355,-11.8216305,-2.584354
3.6197429,-13.304268,-3.0763822
3.267849,-15.527799,-3.0662866
3.7298748,-16.232557,-1.7343522
1.9483399,-17.902397,-0.19423509
4.2515583,-16.517906,-3.4737687
6.9229326,-17.41855,-2.8999162
7.1117992,-14.687725,-1.3917011
4.6418266,-14.51031,-2.872747
6.389408,-14.466917,-3.4129848
5.1031704,-15.353712,-2.3444667
4.7421274,-15.359339,-2.7964492
5.4262505,-15.05497,-4.7550383
6.0080476,-13.385845,-2.804842
5.836295,-13.732569,-2.268301
4.0144215,-14.699814,-2.9543173
5.7665377,-14.6559925,-3.196334
4.6027074,-13.642721,-2.6189573
3.7624936,-15.348377,-3.0715804
4.653182,-13.572569,-4.697385
3.7508674,-14.107342,-3.5003536
4.010426,-14.106128,-4.0585833
3.3867056,-12.667435,-3.3387208
3.5806715,-12.526577,-3.1392155
3.979549,-12.544695,-3.7537372
3.9879024,-12.790002,-3.3040972
2.8958902,-13.253174,-2.9188313
3.9013033,-14.001075,-4.927066
4.619007,-12.25006,-2.7865462
4.4642334,-12.669965,-3.2937849
3.587103,-13.66304,-2.3558612
5.117263,-12.097683,-4.4653616
5.427714,-13.160208,-2.7732916
3.3257337,-12.830971,-4.394095
4.256977,-12.75666,-3.6505494
