yaw,pitch,roll
-4.0062885,-4.9722843,-4.616069
-1.238637,-7.359935,-3.8581915
-2.107972,-7.936875,-3.8272111
-1.1203017,-7.7715583,-2.6598725
-1.1728477,-7.2709413,-3.1382074
-2.611386,-11.380827,-3.0007453
-4.4949856,-4.9408536,-2.686777
-4.7840643,3.013872,-10.280585
-8.170506,-0.68825316,-4.119783
-9.174573,-10.134401,-2.6126735
-6.1924515,-11.9405775,-1.3396319
-4.131338,-4.1215963,-4.0084014
-7.998191,-0.123990715,-8.074022
-6.2310443,2.6625497,-11.399625
-2.8091004,-6.0955534,-2.943077
-3.6958883,-8.324037,-4.315818
-0.17061818,-0.8096345,-6.681213
-6.7545834,4.6628685,-10.701259
-2.6754584,5.8444514,-6.156213
-4.5860577,-6.215449,-2.8399224
-5.731487,-7.868313,-4.643781
0.65753865,-3.810298,-2.3745716
-1.6333354,2.9103327,-6.5963016
-6.8667417,4.8017707,-7.435946
-0.04880166,-1.4966418,-2.0756845
-5.0374393,-5.583805,0.4644011
-2.8726547,-5.536051,-0.04346198
-1.4447756,-4.4093385,-0.09555106
-6.2756968,3.8906465,-3.6306355
-2.5991364,1.8377676,-3.9103746
-6.991952,-7.0412254,-0.16332334
-3.5311413,-5.22779,-0.13114588
-1.9861598,-6.7993107,0.17702763
1.9342796,-2.3170536,1.0880659
-3.6606839,-4.786442,0.7654054
-1.8528649,-6.9831805,0.59791607
