yaw,pitch,roll
-13.573263,3.7655706,-24.642653
-12.600819,-2.0738497,-25.161602
-14.012003,-7.6029305,-17.936958
-21.31551,-9.34747,-13.675595
-31.547953,-13.562542,-13.549324
-20.158405,-8.402169,-18.667727
-12.926017,-11.103283,-23.451853
-13.566344,-13.874736,-19.47116
-13.2013855,-7.3017225,-20.550304
-16.482307,-3.46368,-23.07309
-27.704617,-15.794088,-13.929615
-34.103115,-15.633197,-14.819508
-21.424774,-7.406,-22.336178
-15.032041,-5.021078,-22.419085
-8.057621,-13.853821,-18.38136
-9.426367,-19.433447,-16.200642
-18.003958,-10.163361,-15.565578
-19.391628,-14.242385,-15.942193
-39.431183,-21.05777,-13.7931
-27.532246,-18.156914,-16.876942
-17.098759,-13.419717,-19.362926
-25.518816,-3.1389759,-18.540058
-16.031942,-15.468692,-18.05357
-15.369921,-13.684577,-18.402273
-23.33041,-7.1856155,-20.876461
-17.736183,-13.505975,-19.524254
-12.435089,-12.713367,-18.579582
-10.029573,-15.136868,-18.853697
-6.872949,-11.382655,-22.65749
-10.164095,-14.284714,-19.1553
-16.302818,-12.229378,-22.147156
-11.835421,-12.506802,-23.574024
-18.71357,-10.797798,-21.364979
-20.05592,-9.68832,-19.854996
-18.34666,-12.353134,-18.466034
-15.298619,-10.909168,-21.803078
