yaw,pitch,roll
12.262662,-7.308562,-20.46671
13.943536,-1.3000529,-19.822414
15.799012,-7.749734,-16.139994
13.463981,-4.924469,-17.107527
12.460308,-8.040249,-14.350277
9.572617,-6.513941,-16.675121
9.773446,-7.907985,-15.638765
9.229538,-8.985329,-13.54557
6.3015666,-9.321758,-17.353611
8.706465,-9.775647,-14.686516
4.098807,-15.5334015,-15.579712
7.9667892,-11.30953,-22.50222
8.082405,-5.191077,-19.81505
-1.7026112,-8.11523,-21.537748
-8.07762,-11.303839,-23.43486
1.178357,-15.199112,-25.709675
-1.367202,-17.594254,-26.760658
3.3585935,-7.034094,-21.284355
-0.24281335,-7.48102,-18.062737
3.515524,-19.161283,-23.044994
-0.6717364,-14.459757,-21.926563
0.026166499,-10.716151,-18.163254
3.1418986,-19.90348,-16.119255
5.747039,-18.088837,-20.132042
0.68017894,-11.008927,-16.987225
2.41118,-19.775276,-22.16456
3.0327737,-22.254105,-21.435566
4.359872,-14.511726,-21.508652
2.4228592,-15.66426,-18.426497
3.595666,-18.204695,-20.029446
2.5806024,-21.8695,-15.20832
4.642777,-20.671944,-11.260815
5.4195004,-19.65612,-14.015012
4.956395,-17.352446,-17.679073
7.9177628,-18.209242,-17.070868
7.847167,-18.354261,-19.346014
6.6078415,-19.254158,-19.147825
3.6508603,-18.995451,-17.412842
3.2976582,-18.09496,-17.41285
7.286922,-15.284372,-16.509727
8.165626,-16.649862,-15.363228
7.5379076,-17.844673,-17.244558
11.625809,-19.817234,-15.633531
13.95381,-12.958551,-14.007427
9.8657675,-12.798313,-17.38148
12.023515,-13.0014,-17.250162
13.0661955,-13.676685,-18.789707
15.211726,-13.178041,-17.993568
12.223449,-13.499294,-19.699104
13.185158,-14.008646,-12.545275
14.649399,-13.06776,-15.3260355
12.061363,-13.546496,-15.172817
13.027233,-13.478006,-14.3812065
12.3583145,-16.782822,-11.5127945
9.205364,-13.018813,-11.887132
10.713468,-18.63416,-15.010653
8.765227,-19.475239,-9.840235
7.131894,-15.201606,-5.512158
8.437883,-10.801325,-7.5163774
7.782164,-9.209826,-8.1854
7.876431,-6.394227,-5.091858
5.624817,-8.106416,-5.0214934
2.605444,-13.44022,-2.5717392
3.3293955,-11.370475,-2.6491394
0.34032393,-12.65568,1.3689597
1.3677285,-5.5950737,6.5159125
4.23257,-1.1143384,8.063258
-0.390922,-9.379722,5.873144
1.3214533,-10.745893,6.950234
0.695001,-14.052415,6.2336464
-0.45998538,-16.275642,6.403784
-0.93273926,-14.028201,8.164341
-5.9539733,-14.068601,6.925276
-6.8169994,-14.250621,7.8108554
-5.371302,-13.336388,7.2952657
-6.2082186,-13.42297,6.6422825
-6.57438,-12.081251,8.490576
-6.9748683,-12.824095,6.9862366
-6.4717035,-13.904219,8.1945715
-6.885644,-15.717039,9.523418
-7.986173,-15.527405,9.804189
-11.398913,-12.613884,10.815784
-14.79699,-14.314121,11.332874
-11.963597,-14.331793,13.417957
-15.584253,-18.84079,13.981139
-13.436674,-17.471104,13.82482
-11.834841,-16.738224,12.335945
-11.90053,-18.783134,12.386883
-10.767331,-17.88153,10.38667
-11.013065,-18.247091,10.21781
