yaw,pitch,roll
-6.6709914,9.917841,-2.9804335
-5.9350324,9.910639,-2.260898
-5.3324423,7.532182,-3.4455996
-5.1344647,13.379473,-1.6135876
-7.16263,15.151207,-1.5766803
-15.572619,14.158615,-2.3825355
-7.3591976,14.969143,-4.5156145
-11.349063,10.007815,-9.136664
-17.726286,8.687012,-11.867901
-13.544752,8.82129,-13.291607
-12.850479,10.070252,-6.7810173
-14.426329,10.0823555,-3.9891949
-10.067198,9.5273,-7.9306703
-11.217146,6.630394,-12.760996
-16.06127,3.7530491,-15.387024
-17.191763,5.9770727,-13.493588
-11.35831,9.103139,-7.046173
-15.583527,9.9338455,-4.870326
-17.569664,9.011103,-6.394683
-17.644974,7.1715894,-13.473773
-21.439335,0.97877413,-16.765553
-21.605904,3.4182012,-12.815255
-22.647987,7.2615976,-11.384907
-21.947142,6.048893,-8.760603
-23.824144,5.074866,-12.172684
-25.116058,1.031256,-15.103017
-21.845581,-2.8971891,-16.025303
-19.836632,4.7456827,-14.958321
-28.207294,0.98496246,-13.625811
-27.698492,2.9481425,-8.157103
-28.201054,0.6414777,-11.828633
-24.806046,-0.7117618,-18.760214
-31.99327,-4.607479,-13.919248
-24.099743,3.7762647,-15.837521
-26.770248,2.0160444,-11.874956
-31.983395,3.5574229,-10.477999
