yaw,pitch,roll
1.8015859,-3.6744552,4.959106
4.235569,-2.695972,8.600531
-5.388541,-4.1804094,5.695283
-3.0421278,-0.77121675,4.575027
-4.1851306,-2.344766,6.088413
-8.796807,-3.3803113,5.405369
-13.823212,-4.7601347,5.208997
-14.950083,-8.864193,6.225719
-11.869464,-6.9379454,6.69679
-11.910208,-9.816605,6.62065
-11.763235,-9.7585,7.71864
-9.593272,-15.522151,7.374602
-11.515298,-14.388647,7.9621544
-9.545771,-11.996075,6.688735
-9.500105,-11.537842,7.59649
-6.914984,-8.954112,5.610135
-3.0781577,-8.035143,5.9398804
-3.6984417,-9.295694,7.424272
0.17637533,-9.721691,7.9580708
-0.17736405,-9.5458975,9.835066
-4.1325765,-11.810784,9.245786
-0.14154232,-8.769397,8.855387
1.0176597,-11.75931,10.323581
-2.0954876,-9.78028,13.583233
6.9773245,-11.747166,12.127268
1.0824139,-15.334383,15.2769165
1.296932,-13.32001,13.8954
4.183029,-15.02347,13.787985
3.9516835,-13.242792,13.232252
0.6816976,-12.7036915,14.233585
3.155939,-12.166573,12.43522
3.7030804,-12.809988,13.438431
2.2826557,-13.466534,14.321585
4.2248435,-12.480664,14.644068
5.094247,-13.117995,12.52106
2.0505824,-11.824848,12.822172
