yaw,pitch,roll
9.367576,-2.4514744,-16.88677
9.605975,-7.5530767,-16.127716
9.236789,-5.070607,-13.841517
9.267244,-1.2762332,-17.172335
7.192499,-3.2638545,-18.402266
5.1479607,-1.3604844,-19.215439
6.047492,-1.3017831,-19.233997
3.4680076,-0.49026823,-18.74337
1.7679272,-7.9115467,-18.287256
-5.8454213,-10.765513,-19.35117
-21.821285,-5.9602284,-13.660901
-25.336308,-1.4950061,-9.408741
-25.357653,-1.5526495,-8.706755
-20.03606,-4.9586306,-7.970045
-14.781879,-7.3670516,-19.577198
-26.987665,-5.8951006,-9.127956
-38.514896,-10.332427,-6.941674
-28.595066,-6.31672,-9.292414
-19.952887,-9.525187,-7.7379003
-18.89579,-10.5148115,-14.257501
-26.929688,-9.837786,-8.366923
-29.752506,-7.2122526,-9.61577
-19.604752,-3.022417,-8.712397
-15.320025,-8.125017,-12.039562
-20.165497,-10.070793,-14.622772
-31.971325,-13.0102825,-9.344611
-24.073967,-7.1526465,-12.818399
-18.674343,-7.398617,-8.954517
-12.207754,-6.612303,-13.409579
-11.354008,-5.514285,-16.74377
-17.583843,-9.26347,-12.941108
-20.812681,-12.241724,-12.489232
-16.457626,-1.7054257,-10.849722
-3.7345076,-10.709869,-13.20215
-11.135952,-10.591096,-14.5334
-18.39728,-6.1151147,-16.223005
