yaw,pitch,roll
-9.236077,-6.8209248,3.8947399
-11.586054,-4.924789,3.6403213
-11.632044,-5.606017,3.09862
-11.400515,-3.9635036,1.4572608
-11.684568,-5.0280437,2.7820208
-8.721428,-6.022397,1.9920888
-8.530198,-8.356327,4.7796154
-6.3442364,-8.457524,6.6738086
-3.6567588,-8.902923,5.0491953
-6.359966,-5.5695543,2.8414166
-2.4782643,-3.0956628,2.3914256
-2.7724304,-1.9088135,2.4064262
-2.0062542,-1.7552165,-0.37214202
-3.6364105,-2.6986785,1.5571387
-11.280155,-6.146348,1.2630197
-23.453558,-6.7432623,2.600831
-14.993916,-3.6537514,0.9668913
-14.612884,-0.88918877,-1.3878521
-17.449553,-4.379163,-1.7448575
-11.647067,-4.7722754,2.2787204
-12.967699,-4.547319,-2.6263561
-8.682237,-3.5196474,-2.026476
-14.573898,-4.369959,-1.6642662
-11.059465,-5.094982,-0.40255755
-14.034462,-6.346498,-5.4954357
-10.653154,-3.317951,-1.6514356
-11.504957,-4.241353,-1.3671471
-10.62225,-2.8124478,-2.423602
-8.407225,-4.3083954,-6.631774
-8.52559,-5.3328166,-1.4001951
-8.803784,-3.812901,-2.9640634
-11.256121,-4.734719,-4.8024693
-12.392324,-3.972084,-3.890306
-9.45252,-2.9122312,-1.0386555
-10.962857,-2.8673816,-1.4424223
-7.0735974,-2.681785,-2.2534108
-13.422415,-2.3836565,-4.428684
-10.372748,-3.7504406,-2.4308863
-11.725939,-5.091068,-2.5363998
-10.397506,-3.230974,-2.3549967
-10.306308,-0.0830009,-3.3810873
-11.179562,-1.2657108,-4.0707417
-12.778589,-3.417883,-3.3721218
-10.62653,-4.55269,-3.8423917
-7.3450146,-4.7300277,-3.190255
-7.8006907,-5.0175953,-3.7488232
-10.209372,-4.2836313,-3.5613084
-8.240297,-4.8515735,-3.871511
-8.815401,-2.8438644,-5.1746635
-6.4639034,-4.7997465,-1.0474828
-10.421939,-6.0928993,-4.2193646
-6.635192,-6.381431,-3.2318695
-5.4600487,-5.583679,-6.517425
-5.008216,-5.910699,-3.7761402
-7.9445963,-5.8623466,-5.2073135
-7.953672,-6.559525,-6.8084345
-7.075336,-5.7005506,-4.2443824
-8.781843,-6.910477,-4.472574
-6.3486147,-5.3150225,-5.279497
-7.206908,-5.5194187,-4.4785576
-4.9056973,-6.0986223,-2.469768
-6.594227,-5.977147,-3.5807648
-7.5864687,-6.602523,-4.0599627
-4.9047675,-7.482835,-3.930344
-9.365006,-7.020012,-4.8113637
-7.9365816,-6.9941235,-4.561172
-7.7931566,-7.160554,-5.0651236
-8.636986,-6.000476,-6.309153
-9.546754,-6.461486,-6.380404
-8.478159,-7.4721966,-4.1180296
-7.6231613,-6.8842793,-5.049759
-7.23516,-8.091743,-3.4376163
-8.107981,-7.6551294,-4.7165675
-6.8616805,-9.019701,-2.8189888
-9.226077,-8.125379,-3.525929
-9.783886,-7.832261,-3.6756763
-8.413771,-6.2660036,-4.1871777
-6.5273137,-7.6513968,-4.0265565
-5.2909203,-9.237706,-3.2885065
-8.559737,-7.5455637,-3.6179001
-8.452698,-7.342416,-3.8175097
-4.3251143,-9.8076935,-2.2347982
-9.216294,-11.085703,-2.8486338
-13.56072,-11.881548,-1.424101
-10.97146,-15.50609,-2.4316797
-8.458667,-14.0238495,-1.5404787
-11.214404,-13.751331,-3.910215
-6.71752,-10.982932,-4.6397524
-2.7561285,-13.480234,-3.2974334
-7.98399,-14.649376,-0.061007082
