yaw,pitch,roll
-13.667424,-10.633009,5.999374
-5.5930767,-4.1770544,2.3590238
-0.33963156,-4.740986,6.353143
1.3997326,-3.9438825,8.800198
2.222567,-2.7200098,9.451949
0.084999084,5.751965,3.4134922
-1.1456664,4.9474573,-1.0516466
5.636472,3.0521219,-0.7824959
9.757696,1.6382182,-6.1264486
8.397478,-4.2466826,-4.679927
3.3616414,-10.120767,-11.25364
3.547337,-4.5415,-14.981128
-11.483365,-1.9147396,-12.373302
10.653616,-0.36668038,-14.494592
1.0727003,1.2593486,-11.943636
-0.48880458,-2.904005,-14.663195
1.644197,-3.5532606,-14.846817
-0.5207668,-4.026649,-9.206758
11.920184,-2.209625,-19.70701
-3.8504522,-1.9133277,-13.806511
1.4252769,-0.63445663,-15.457466
18.995068,-3.8455553,-16.46138
6.4336863,-8.334769,-13.914146
-4.024446,-5.4003315,-13.045111
8.586352,-6.2240963,-15.638197
-3.1057348,-2.0999866,-17.348974
3.9954815,-1.395436,-16.763245
8.2165,-4.231985,-22.300385
-6.718542,-5.499526,-23.458029
4.331147,-5.200613,-19.185524
6.769573,-2.3053617,-22.034864
7.603061,-2.9409256,-20.125572
9.792232,-0.5347047,-21.682837
5.9817476,-3.8643885,-19.567892
5.8343697,3.9522884,-20.02871
-0.6203344,-3.5598207,-21.094149
