yaw,pitch,roll
0.084293365,-9.294807,12.762894
0.34515047,-6.647501,10.6580305
5.493473,-5.8671803,9.764294
7.805314,-5.653203,9.851536
10.274208,-5.4780607,10.414788
2.828259,-6.4897184,12.000681
11.82896,-5.328941,11.765984
0.2450037,-10.015708,10.970989
0.093827486,-10.165405,10.435148
-6.810483,-4.816315,10.041023
-12.877931,-8.315296,12.897541
9.494113,-0.4719653,14.315159
-8.328693,-3.172574,11.632509
5.031598,-11.712959,4.9994884
-3.5405424,-8.797263,4.9071136
-4.019029,-1.0445702,10.934518
8.413049,1.2781801,13.44873
-10.738526,-5.241571,11.458822
2.9815836,-8.917591,8.087311
-8.153805,-6.087492,7.162095
-12.587095,2.6330967,13.419607
9.9300785,1.2911518,15.840396
-6.9150114,-3.0135112,14.060601
-2.5014818,-9.16873,7.866751
-10.079388,-4.5488014,9.961519
-3.0911536,1.0326715,14.156979
10.998386,2.0966125,17.334593
-13.664155,0.5901737,13.440113
-6.805016,-5.4227214,10.022252
-8.334507,-8.825272,9.898841
3.5878048,-2.9870958,10.010535
18.414577,0.33228636,14.187899
-13.967297,-0.022635221,14.576237
-4.089881,-4.9480767,10.391553
-2.1562276,-5.8719053,11.42135
-11.779018,0.83716583,13.755377
