yaw,pitch,roll
-1.4887433,-3.854357,5.529426
-3.140864,-5.0366554,5.5741653
-2.8662252,-5.175292,5.529981
-1.593391,-4.6485558,3.3031874
-0.6257596,-3.9478455,3.665961
-1.9130096,-6.9049654,3.289287
-0.3286767,-5.24778,2.124981
-0.12635612,-4.4833317,3.3536606
-0.8439021,-4.2089543,3.2271547
-1.3223357,-4.4557247,4.0867195
-0.4248469,-6.8394804,4.9248586
-2.9368913,-5.861714,2.6280358
0.7389575,-5.78138,5.4049945
-1.5447996,-9.894351,6.9418106
5.2016263,-8.987,8.090048
0.939766,-15.772343,4.717307
-5.786048,-13.813743,4.1797457
-12.994308,-9.692768,4.1706133
-2.9081025,-17.43763,0.30495578
-12.8658905,-16.828806,7.7292395
-8.862604,-18.882196,7.4831233
-15.297366,-14.331965,7.1173525
-15.92086,-14.984499,3.6234813
-14.4805355,-14.049365,4.6523557
-12.563171,-16.093649,5.9462996
-11.04324,-16.746107,6.11158
-15.127157,-14.303917,3.9256468
-16.798002,-12.960485,2.8809104
-19.95481,-13.627972,4.867329
-7.529623,-15.761177,5.7938824
-19.55659,-14.010843,7.6630354
-14.350227,-13.339735,2.7292488
-20.33242,-12.044413,5.639764
-9.564369,-18.019531,4.819256
-12.695576,-17.342615,7.682802
-13.590012,-11.3765335,2.4252748
-12.197927,-15.310768,3.4415033
-11.153852,-15.800622,3.0327752
-11.301645,-14.66718,2.7143133
-13.278938,-14.932182,3.970442
-13.125402,-14.882516,3.0811768
-10.778359,-17.692535,0.82419145
-8.859483,-16.854156,3.4304252
-9.329289,-17.7575,1.8913432
-4.5110674,-15.518059,1.5029727
-3.399725,-16.36533,-0.2654423
-9.307371,-16.855978,1.1749642
-9.959507,-14.978613,1.7953392
-7.932333,-16.880375,1.1896871
-10.345064,-17.943157,3.073475
-12.263727,-15.912962,2.1185856
-12.4993305,-14.996898,1.9339353
-11.5474415,-11.444647,-1.3620663
-13.36208,-9.498285,0.6668875
-10.0071335,-11.578566,4.6416626
-1.3046048,-12.079315,1.1747341
-0.437752,-12.474517,3.081372
-1.1459875,-13.27216,2.8037016
-1.839093,-12.701555,2.1691716
-5.1222887,-16.763645,-1.6587623
-7.3986144,-16.171875,-2.50789
-10.150679,-12.384526,-1.3008758
-9.209713,-12.525948,-1.9879715
-11.631167,-13.074273,-2.9565272
-10.709682,-12.124439,-1.6215241
-13.428062,-11.823776,-2.284816
-14.9845085,-12.324789,-0.9319682
-13.1555805,-10.443622,-2.8961034
-13.5128,-10.799883,-2.7312005
-15.207058,-10.974421,-1.2102312
-14.824041,-10.957507,-1.756124
-17.19757,-12.702031,-2.565874
-17.193031,-11.699417,-0.17317253
-12.716906,-10.924237,3.9639742
-11.363665,-7.9373693,3.4412909
-1.6507703,-8.544388,3.4754496
-0.79977417,-8.65304,3.1060772
-0.49509358,-8.792473,0.5942551
0.98080254,-7.0158396,2.169665
1.3871179,-5.8565884,-3.1937132
1.5194807,-8.34046,-1.8101839
-2.190784,-9.202065,2.3539894
-8.318114,-9.927613,2.0111847
-7.3344965,-9.734457,1.963094
-8.878714,-14.804485,1.5585326
-5.0654726,-11.670751,0.69125634
-3.5598242,-12.786779,3.1695929
-6.939261,-11.021635,2.6041193
-5.574664,-10.056904,1.4405524
-4.817209,-11.83466,0.22675884
