yaw,pitch,roll
-32.705505,-11.719366,-8.078816
-29.922424,-13.059838,-9.441148
-28.915316,-12.245704,-10.187345
-31.975914,-11.845612,-9.725697
-31.778824,-14.318289,-10.20114
-27.99734,-12.688082,-9.001858
-28.456905,-12.328018,-6.3482428
-26.44403,-14.357154,-9.747822
-17.612732,-9.993932,-6.261037
-18.187588,-13.271409,-0.44787717
-34.925926,-8.890671,-3.543552
-22.339193,-10.783665,-3.7688963
-21.399593,-7.6617975,-1.8775411
-24.965221,-7.2654037,0.6669402
-28.471907,-8.905531,-0.05353248
-23.84296,-4.469658,-3.9189827
-26.774612,-8.283001,-0.018686414
-25.84169,-7.282503,2.8693452
-31.603107,-9.435514,2.1875753
-21.507471,-8.814305,-0.19235374
-23.979698,-9.59338,0.3207203
-20.613102,-15.914824,-4.8628664
-24.516222,-13.098213,0.60318136
-23.639317,-13.716261,0.43993294
-21.118027,-11.940195,-4.9689145
-19.748367,-16.28772,-1.8042188
-14.808825,-17.435513,-3.4456315
-19.179874,-11.251008,-3.8242505
-18.428268,-15.385481,-0.5282439
-19.908838,-12.31319,-3.5049362
-19.697906,-12.678857,-2.1358314
-21.858532,-12.761755,-1.7522024
-18.600906,-13.248391,-3.8379927
-19.500048,-13.436686,-3.3741024
-19.760914,-13.156204,-1.4572476
-20.876116,-15.730672,-2.5541453
