yaw,pitch,roll
5.7121773,-8.550114,-9.707249
-0.3025602,-6.619732,-15.7183695
5.842448,-5.46519,-11.018246
6.3304977,-7.2744436,-9.078405
-2.9190612,-5.8051505,-10.923208
8.221834,-2.051266,-9.535729
6.012425,-6.6891713,-11.414848
4.1676254,-5.964573,-11.68811
-9.111121,-9.15529,-14.416361
0.4572053,-11.160416,-15.510674
-5.6769156,-6.4728465,-11.367538
-1.6712725,-3.5569115,-11.7578335
-17.255772,-12.842857,-16.153202
1.9753332,-11.779895,-7.6957207
-1.5070133,-9.413741,-16.802008
1.0295427,-5.0522084,-13.499476
-4.4021792,-9.6838665,-12.495909
5.0083537,-4.9168468,-15.149044
5.5269938,-4.3728185,-14.559505
3.920123,-5.8888474,-9.907545
3.066805,-9.81228,-13.662224
5.1200705,-6.9739947,-9.278316
2.7931356,-3.6778345,-14.267511
3.9462876,-6.299113,-11.191398
-2.0847738,-8.4929495,-15.059283
4.318691,-7.2571697,-11.173331
4.8048058,-8.151505,-10.724417
4.006684,-7.590401,-10.453924
3.8218532,-7.7614274,-14.540311
-0.38999963,-5.9072533,-18.45165
2.407148,-3.0678515,-10.398165
7.094653,-3.890438,-12.600832
4.270528,-5.921387,-13.572163
7.6271124,-4.9870176,-8.930635
4.555082,-8.476255,-10.176641
5.7180223,-7.448107,-12.22892
1.0034971,-5.630384,-14.591629
7.629015,-9.550149,-10.975815
5.6134357,-9.580466,-11.910835
3.168629,-10.494951,-15.8626995
8.304789,-8.305223,-14.255058
6.0989723,-8.793557,-13.424933
2.782176,-8.686386,-12.926686
6.107419,-7.4373684,-11.740318
9.04669,-7.2143536,-11.062944
8.934946,-7.505845,-10.285995
4.6661425,-7.9435368,-12.649094
3.8430648,-7.5671177,-13.380085
5.593915,-7.415113,-14.16766
7.2784815,-7.3698616,-12.045924
7.5423403,-6.4823256,-11.48411
6.0388007,-8.135948,-10.973688
6.0393586,-11.480355,-12.156215
3.163032,-10.316639,-15.023331
5.7183886,-10.229447,-13.6580925
7.519742,-11.53688,-11.739176
5.8078036,-10.625846,-11.987806
4.765881,-12.126951,-12.949188
2.3362646,-13.948175,-14.814512
4.6141376,-12.388555,-12.617898
5.215712,-12.183913,-11.929501
6.7004433,-11.812271,-16.377876
5.0941944,-13.31328,-16.415861
5.41311,-12.080748,-16.71151
3.416698,-14.274729,-18.720318
5.3143134,-13.407162,-17.720749
5.63374,-13.481298,-14.906279
5.835594,-13.494685,-15.053843
5.374234,-14.979552,-14.702446
5.315557,-13.84638,-15.536295
4.81927,-13.569973,-17.577446
4.0234857,-13.326598,-16.237808
6.9479218,-12.707153,-14.208153
7.7972393,-12.159758,-13.424082
4.3257866,-12.206303,-16.93506
6.701196,-10.163129,-15.355993
4.4942484,-10.389558,-20.35353
5.5612464,-13.800277,-12.916095
3.2122946,-15.273716,-12.413214
4.007034,-11.814184,-13.957451
3.6166265,-14.272085,-14.531776
6.4156036,-13.639111,-15.763483
3.831528,-14.594674,-15.644859
0.5371833,-13.850087,-14.678984
7.0671105,-9.447214,-13.680023
4.91433,-12.659746,-14.3785
4.497354,-13.035543,-15.905666
3.0850782,-14.669333,-15.577024
6.222621,-11.418893,-16.80317
0.45913935,-10.898764,-16.046755
