yaw,pitch,roll
42.88093,2.9900882,18.443468
39.39921,2.2982192,15.019345
39.890274,6.1351504,18.602896
50.15388,1.152252,12.563528
52.881897,1.7084267,15.282233
50.84182,2.1070626,16.919098
44.576313,5.4721084,13.124362
49.078217,5.5839863,10.736105
31.040348,5.598956,18.127068
32.709255,4.7301683,13.901328
38.455544,3.1215024,17.529438
27.926277,6.4468827,12.974518
39.116207,6.317371,15.262846
41.349697,1.3305111,12.894788
39.022964,1.3551226,17.089615
47.877216,6.819378,13.362874
42.953316,3.0805702,6.773096
34.25279,2.7290912,14.407099
42.23038,9.448591,10.379816
43.221348,2.9105227,12.799278
49.26982,2.0004964,4.561555
42.039673,3.657431,13.811484
36.504097,5.874119,11.587087
61.071213,0.71817636,2.694702
43.27957,3.8522418,10.438771
35.643158,3.0981898,17.491257
24.201647,3.0089211,16.046
34.622124,3.9744666,11.56968
43.439075,0.35110378,8.945944
47.099564,2.0981197,6.474936
36.560333,5.8923054,14.695998
36.300743,4.279589,17.924747
45.73722,7.5893,9.251845
23.65885,-1.2166104,16.782795
35.752346,3.9593322,17.629545
30.490925,2.0370576,17.676687
