yaw,pitch,roll
3.3279495,-1.5572762,-20.946964
-6.524099,-2.2381337,-29.733343
-2.2709394,0.2997961,-27.045683
2.8355703,1.1188841,-21.966991
-1.0631981,-3.959502,-23.153557
-1.0825891,-3.8742647,-27.494078
-4.0499105,-5.8285913,-30.59386
-2.519892,-7.954493,-22.813408
-7.5188575,-11.188323,-31.383692
-10.371146,-13.519003,-25.014812
-15.998642,-6.7067447,-23.772598
-13.308977,-2.062722,-18.127491
-16.467632,-6.713881,-23.402332
-11.635663,-12.5160475,-24.353065
-17.342213,-11.283346,-29.027016
-22.392427,-6.3245754,-20.31419
-11.514973,-5.5337944,-28.604519
-9.410375,-9.602172,-21.45479
-15.883299,-11.519336,-27.57743
-13.363011,-4.9383235,-25.793505
-20.920193,-7.8493757,-20.469387
-9.054684,-12.68777,-21.111008
-15.182309,-9.790048,-22.219753
-17.815485,-8.772839,-28.80659
-27.47892,-4.07937,-24.275948
-11.802851,-11.002247,-23.737503
-9.401989,-8.264753,-24.364159
-18.63147,-11.23147,-25.64474
-19.070118,-5.576894,-21.803543
-21.711647,-9.035429,-23.759537
-9.528493,-11.848945,-20.010658
-16.787317,-9.121401,-23.346113
-17.767914,-9.793716,-22.399612
-21.730408,-9.4705105,-22.763536
-15.676409,-9.018542,-26.358711
-4.350485,-9.399282,-22.673128
