yaw,pitch,roll
-19.669659,-14.913056,12.315273
-18.336325,-16.449135,13.1905985
-19.664726,-17.246006,13.278084
-18.809437,-18.26496,11.685715
-18.705326,-14.832443,12.382048
-19.31317,-15.359337,12.4922285
-20.09357,-14.637566,12.555631
-20.658443,-16.99831,11.427467
-18.641861,-14.408773,12.345073
-28.349604,-12.201513,7.991147
-21.48564,-15.123726,12.597361
-20.991713,-12.924483,10.690306
-18.67461,-11.758228,10.572659
-20.348232,-11.06842,10.821026
-16.263758,-14.8928795,10.724935
-25.497335,-14.297575,5.32102
-24.230553,-14.526293,9.60182
-18.75504,-13.639728,10.33407
-21.288338,-14.531666,10.999812
-16.81551,-16.166592,10.375282
-16.56482,-14.650556,10.550113
-16.039852,-14.431147,10.753641
-14.858353,-12.557759,8.461504
-24.45993,-14.458863,9.461128
-24.30495,-14.617767,11.132065
-18.63219,-14.233663,10.625971
-20.376476,-12.989305,12.713957
-12.0887165,-13.736391,12.045882
-11.084275,-11.759157,11.045913
-12.445002,-12.506792,11.544001
-16.763002,-11.969226,12.0065565
-18.099998,-14.580202,9.604207
-20.438404,-15.698776,7.1285973
-18.779709,-16.602571,5.9363766
-19.604313,-17.32116,8.527004
-18.279308,-14.617418,9.942486
-14.66671,-15.490601,11.127438
-16.72018,-15.062777,10.976878
-16.603388,-10.204632,9.635161
-13.498247,-11.82687,7.3280587
-19.871552,-15.120935,8.580805
-19.466366,-15.80077,7.305132
-15.762285,-14.042467,8.682244
-17.219595,-14.27877,11.405373
-16.797287,-14.284155,10.611796
-10.792664,-16.15628,10.378266
-12.031956,-14.626296,10.530164
-16.484037,-15.404409,10.896881
-15.281872,-13.690243,10.169298
-17.265236,-12.043015,10.566622
-16.618715,-11.931782,7.9299235
-21.50417,-14.315712,7.636793
-20.445763,-13.634622,7.4113803
-18.703388,-13.809715,8.72686
-18.702187,-10.517611,9.156
-16.624493,-13.334211,10.751024
-18.283436,-13.293539,10.467238
-19.92414,-13.216784,10.496898
-17.378292,-14.103218,10.177465
-16.899242,-12.57445,11.370241
-16.791283,-13.075474,10.131329
-19.606052,-13.3204,11.13649
-19.998089,-16.013323,11.69903
-20.657742,-15.211285,9.479711
-19.925526,-15.969449,11.849836
-21.86163,-15.35538,11.832127
-21.57666,-14.86049,11.342495
-14.6994095,-13.089169,7.681281
-20.117222,-14.583163,10.068762
-15.899931,-12.9761715,10.85319
-17.215279,-14.052057,10.682602
-18.541637,-12.534447,11.167152
-18.180273,-12.346413,10.682071
-19.17767,-12.778381,10.189875
-15.235758,-12.285952,11.403536
-18.615273,-12.503982,9.593843
-21.438816,-14.083134,12.424573
-16.927872,-14.578117,11.776596
-17.087574,-13.871359,11.2817545
-15.419659,-13.123123,10.85507
-16.633938,-14.5018635,11.145092
-18.568031,-13.314724,10.750425
-16.564402,-13.705323,11.028711
-17.375874,-14.442525,11.128149
-20.031452,-13.100435,11.568576
-16.965458,-14.421983,9.063259
-19.002808,-14.0742445,9.823078
-18.710064,-15.048994,9.794066
-16.63326,-13.058611,8.0573635
-14.406948,-14.113387,8.078421
