yaw,pitch,roll
-27.233858,8.599963,2.96171
-18.34483,5.0386086,-1.1971481
-12.290277,6.4879036,-0.76376945
-0.20480442,6.443809,-1.9423141
0.78070784,5.8801045,1.0741332
-3.3600602,5.8310504,-2.672779
-9.528062,5.7677116,-3.3147082
-9.947577,6.630094,0.15169081
-10.836071,1.8530865,-1.9997164
-11.9875345,3.2579055,-5.3844595
-23.89644,8.358135,-4.4603667
-26.868233,9.274385,-0.17991823
-22.45031,-2.0995739,-1.9695559
-15.734348,0.6636536,-0.7059977
-5.459549,9.388939,0.78888756
-5.4431257,10.222503,-3.0144396
-7.3313856,10.449312,-2.3143687
-12.234919,6.579773,-0.6452836
-12.253717,0.53733253,0.1689986
-11.1361065,3.2562883,-1.9057612
-13.221584,3.2786126,-4.1795835
-3.1715848,10.106985,-5.7857695
-8.993584,11.010427,-0.19276893
-15.103459,5.215029,-1.0364015
-6.18122,3.7984693,1.0945691
-12.552732,1.490941,-0.35480136
-8.375766,9.43484,-1.6514529
-16.369778,12.770142,3.0963104
-21.054733,7.223402,0.38469225
-22.384163,3.2072608,-0.6097559
-19.253246,9.141135,6.509452
-9.979483,8.71521,2.7182362
-12.649564,1.6755576,1.3781395
-10.262056,10.57815,-0.7883296
-3.5223155,7.496113,-1.0328084
-13.455586,7.8183346,0.024000525
