yaw,pitch,roll
-10.28463,-13.304215,3.2599654
-8.887553,-12.153045,3.4849563
-11.040801,-11.969976,2.5486999
-14.85187,-11.381691,2.5379179
-16.247612,-13.805215,0.3033778
-14.393801,-13.074895,2.7611969
-16.586308,-12.3966465,1.2396736
-7.5005355,-8.131296,-0.59487516
-9.865727,-6.2322135,0.86780286
-19.238726,-13.421285,-1.7790389
-12.487378,-15.288321,0.4511305
-8.74832,-16.246101,1.1788906
-6.8081098,-15.34041,-4.070048
-13.761236,-12.878779,-3.4400487
-15.457552,-17.797314,-0.9928377
-0.045349777,-17.07767,0.44940686
-5.5983343,-13.504152,-2.0609326
-4.1686573,-11.6964035,1.0278832
-0.5560501,-12.689339,2.1419
-7.0303416,-15.87635,1.2892284
-6.566185,-16.486443,2.8196316
-6.3143115,-15.1629925,4.8951817
-3.9732192,-12.650183,3.603976
1.7681539,-14.29162,5.1890373
-7.9387927,-15.116055,0.15265155
-3.6041436,-12.366514,3.016674
-3.922402,-15.727388,1.5984378
-1.9371464,-14.070234,1.7980971
-0.04810071,-13.209534,5.837381
-5.818081,-17.43803,1.0346313
-5.6761484,-13.218568,1.1866093
-2.7534547,-14.732538,0.39252156
2.025251,-16.017729,0.51466906
-4.118188,-13.636427,3.075209
-8.479292,-10.377808,1.1062256
-8.262423,-13.015301,0.42940855
