yaw,pitch,roll
21.230595,9.273995,-14.699353
21.969627,10.580626,-12.252062
21.482117,13.781527,-11.750991
27.16082,9.948939,-16.303326
25.14294,11.130342,-8.183586
22.27718,0.7114252,-14.906181
26.065094,-1.0168285,-11.567871
27.69769,8.670413,-13.84334
30.89395,10.195942,-18.83838
27.075558,9.1117115,-18.281792
26.24188,4.8443885,-23.118214
27.235413,7.6095877,-24.269978
32.844765,3.5541534,-20.145164
35.71724,4.3293247,-18.636147
30.368254,4.552807,-21.513298
30.130463,2.0956576,-29.731602
25.896774,-3.1333427,-25.576475
30.372223,9.3450985,-26.801594
28.8149,5.4901004,-22.907095
27.129671,5.1929674,-20.858252
28.595585,3.9153228,-20.298096
26.36921,2.9337795,-29.414024
20.887177,-5.8415394,-23.72188
28.335848,3.6385965,-20.519794
28.620403,5.073137,-20.421133
27.304914,3.9808903,-20.430836
26.963543,5.0191817,-22.87045
27.2986,-3.43145,-29.721691
25.76893,-3.0365412,-26.695465
23.992338,-0.70483136,-20.793581
32.513477,6.2711077,-24.857464
28.75228,3.825946,-20.875805
28.792719,3.631303,-23.600286
28.962505,-1.4989223,-25.721249
22.701973,-3.1831913,-19.872887
24.006252,-3.5155554,-24.123856
