yaw,pitch,roll
-24.235287,-15.523109,-3.7800066
-21.689167,-11.482394,-3.9070525
-15.685051,-16.060951,-3.1702733
-17.516296,-17.237942,-1.7128977
-22.827723,-14.686968,-3.0551353
-21.90274,-16.985882,-4.797242
-17.737045,-17.699192,-1.4858583
-15.2547245,-21.701939,2.6831963
-19.935902,-22.782778,3.6595888
-18.496138,-20.061192,-2.150114
-27.172993,-19.966608,-1.5239158
-26.429901,-11.217169,0.32971013
-24.276169,-12.301047,-4.765279
-38.621857,-26.42455,3.3428512
-33.027534,-21.277634,-3.2762384
-24.56949,-21.458973,-3.4722984
-27.506035,-18.87608,-2.2584047
-32.2398,-13.0173025,-0.8773978
-32.643856,-11.410351,-2.373198
-28.739397,-22.27619,-4.2777014
-20.190926,-20.9706,-4.180719
-19.479862,-20.247055,-2.358942
-27.569487,-21.163628,-3.7895105
-29.808472,-14.71026,-3.401106
-29.96909,-17.508402,-1.0731428
-32.105186,-17.573486,0.028939962
-22.732311,-20.252474,-5.9025264
-17.97254,-20.859577,-6.1429067
-27.14051,-17.830599,-4.3338757
-32.61161,-18.222534,-2.9268398
-33.083553,-14.393535,0.3450085
-30.622309,-14.909151,-1.319267
-33.91896,-19.847078,-5.060716
-24.398611,-18.188519,-7.154878
-24.342731,-21.372803,-7.101227
-29.576393,-25.331886,-0.5039662
