yaw,pitch,roll
-4.6856604,2.5599635,-15.135427
-4.119896,2.3499527,-12.838565
-3.8685963,1.5211482,-13.602071
-2.6071117,3.4191728,-13.369561
-2.1764,2.7474308,-12.983014
-2.9553702,2.0293303,-13.389558
-0.7408445,2.9948082,-13.950653
-2.124424,4.052988,-14.311225
-0.67071533,3.1362667,-14.305948
0.16990042,3.7694407,-14.849049
-3.7468085,3.9738202,-9.532111
-1.744031,5.057339,-9.237811
1.6924405,4.8357363,-9.386074
0.4293127,1.2244626,-11.114837
3.8120492,0.71934867,-17.584986
1.3707252,-3.4099567,-14.411387
4.94139,-4.031361,-14.142278
2.6682434,3.2775178,-12.933228
2.4009628,2.5038328,-12.755341
-1.2021227,2.6851861,-10.626123
0.9038367,-1.0103732,-8.268516
-6.1965203,-4.9912195,-15.845303
-0.015203476,-9.252182,-14.999464
-0.6538639,-3.0597892,-14.236596
3.119492,0.40818262,-13.805701
0.7314882,2.6137264,-13.016676
-1.045188,2.9653654,-7.7050266
4.5617023,5.186713,-12.7012615
2.1795397,2.4536917,-13.415506
3.5014205,-0.9664186,-14.38427
6.5210757,1.9548314,-15.297707
4.288271,2.5680542,-13.931761
1.4871993,0.55881834,-14.386601
4.763375,3.8622735,-13.236126
5.8819075,0.7778143,-13.384337
4.8294005,1.9698718,-13.78189
