yaw,pitch,roll
9.381054,1.4011779,6.509104
4.174055,2.1848295,6.8130903
3.8803375,2.4418817,6.555015
3.5311828,1.9766282,6.931388
4.4803467,2.0721316,6.63959
4.518584,2.7122552,6.3367896
3.4970636,3.420701,4.609496
4.54305,2.581509,5.294921
5.1874228,0.98151803,6.2596297
1.2239914,-3.1730218,5.0846095
-5.8658104,-8.234038,4.7950206
1.9535856,-10.033962,3.894506
-1.6724844,-4.1573234,3.8046887
-13.167322,-3.3234253,7.8627386
6.491743,1.973283,3.3290234
0.62957263,0.65057325,3.1459103
-13.5333805,-1.8815174,-0.12633097
-7.395294,-2.2323647,3.5904012
0.5216962,-6.527521,3.8278909
4.3844094,-5.1721807,4.4765906
-1.4345629,1.2815579,1.7404132
2.9702919,-1.2975028,4.369834
4.134159,-0.7302369,2.6909182
-1.1243031,-4.44811,1.2106191
2.4163606,-5.1800084,5.3514557
4.4773607,-4.9140396,6.3417053
3.2068272,-7.251625,5.8982806
2.7815754,-5.969295,7.64775
1.1910588,-5.132761,5.459023
2.6570995,-6.3228273,4.718384
2.3358383,-5.02143,5.125502
3.716773,-5.1604233,3.3920984
3.5590363,-6.09476,3.3789432
4.7531457,-5.572149,7.7019157
3.6324303,-6.949423,7.949917
5.8734107,-5.1379604,7.7660275
