yaw,pitch,roll
3.3572638,-3.5319986,-1.0262935
4.1897745,-3.7677767,-1.3982537
4.3838296,-3.2543526,0.120013714
5.0968904,-3.6927912,-1.2964072
5.754263,-4.5348916,0.54921585
6.583408,-4.5160003,0.7435221
4.7457623,-4.333746,0.060634702
1.2717754,-5.910128,-1.009487
0.76324064,-4.0748396,-0.7800566
1.1573269,-4.647428,-0.23454323
5.9028206,-5.425701,0.56707513
7.1403,-4.5966945,-0.22859323
4.0161552,-5.8939724,1.2789187
0.8740694,0.35852146,1.700249
-1.8312371,-6.3472924,4.3011084
-3.6373205,-8.471363,4.528932
0.5487261,-6.3651223,2.9230924
-7.2472057,-3.3957458,2.6655772
-4.5218577,-4.664695,6.979249
2.1610634,-6.5377574,4.377641
4.5561953,-4.8666415,3.0675135
-0.018732093,-6.7480984,3.815704
-3.616797,-3.136329,9.318554
-1.6381803,-3.8076215,5.8787665
-4.31112,-5.059748,5.0248976
-3.2243721,-5.5027065,6.2319865
5.3835983,-4.781832,6.0759974
-2.419422,-5.1309247,4.844749
-0.2389332,-1.0265217,4.707632
-4.3335333,-6.1528206,5.3075304
0.4128592,-5.226176,6.2701645
-7.3415146,-8.518061,5.0651994
-0.8363332,-3.7964103,6.1702914
-2.6515856,-7.3417573,4.940066
2.1729224,-4.3167963,6.88908
3.6005664,-7.02707,4.3883023
0.5311395,-8.243016,3.4620085
1.996135,-7.8292084,5.903466
4.973344,-7.0978546,4.517157
1.3758247,-6.166922,5.557395
4.2597647,-7.1084933,5.2760787
1.6753092,-7.52457,4.9135494
3.2194993,-7.104107,5.8442883
4.8111906,-5.053507,4.2162585
5.3140836,-6.3579407,5.317672
6.348196,-8.189547,6.4455595
2.8181484,-6.781209,3.765212
2.3056557,-4.637994,3.5583737
4.30101,-1.6828161,4.5225654
12.401022,-4.204627,5.5719485
2.8415656,-3.5248082,5.1595764
5.659561,-4.898939,3.5539494
4.8807354,-9.024494,3.3716867
2.8932147,-7.503504,4.264763
7.676278,-6.7945366,3.6906931
9.343273,-6.1457753,1.0419234
10.000692,-3.818253,4.187256
15.266825,-2.5162795,2.8046017
11.407024,-1.7378544,0.8208046
16.239578,-10.17561,-1.6235995
10.562066,-5.0739946,0.47499824
9.946581,-6.0158777,0.012858391
9.607528,-5.4241414,0.8363092
5.408861,-8.930472,1.5498627
14.3319025,-6.221064,1.2936108
12.944573,-9.332678,-0.8697908
10.3037,-7.185379,2.2330737
10.3490925,-4.4723454,1.0330985
9.134532,-9.82962,1.6297746
9.425228,-9.008304,2.430301
5.7359943,-5.620842,3.48401
0.7134025,-3.6539102,1.9290233
2.8458543,-5.212481,2.0868666
7.258951,-4.966669,0.5984497
1.0586753,-5.2527056,0.5291568
-4.0115013,-3.6161807,3.3154826
-3.3748856,-10.183819,9.975174
-3.9931953,-9.463769,6.171791
-5.976736,-2.944995,0.6278533
-6.8474016,-3.11371,0.6295328
-5.078702,-4.5940638,1.187538
-1.9620054,-3.3699312,2.6779633
2.327955,-3.0488646,3.3441443
4.4642096,-4.2585907,1.5308397
1.2121673,-2.339308,3.9538953
1.2572649,-3.174161,2.9171507
3.5573754,-4.291615,3.1711886
4.85715,-2.0288463,2.4459252
3.7203493,-8.1358,2.035705
5.5374002,-6.796279,1.6997454
