yaw,pitch,roll
6.3137436,-3.973895,-1.3791568
2.2968457,-6.5268297,0.5535805
8.484925,-5.738685,-1.3699481
4.3482366,-5.1396565,-1.2519776
8.519982,-4.6625385,-2.276941
9.47027,-4.401542,-1.4557865
8.453666,-4.0324097,2.2383375
5.6278844,-6.9283366,2.737471
-13.731044,-1.7244549,5.199053
2.082345,-4.043639,-1.4579035
-1.2925367,-3.9630132,0.29636952
0.23293161,-1.8368067,-0.30157173
2.3418612,-3.667375,-1.8283529
4.9109936,-4.772413,1.6755309
2.4518147,-1.7974384,2.5918105
1.6686968,-6.447701,2.1275687
2.6167107,-4.3397593,-3.3185592
0.16287023,-10.00135,7.674945
1.7054639,-4.3288684,1.6061453
2.9341295,-5.626945,0.09121406
1.2027371,-8.405708,4.7516365
0.3813522,-6.771695,-2.8662837
1.9969082,-4.044171,1.6404839
2.4753406,-7.4987955,1.556351
-0.94531465,-5.355873,3.7755451
-0.15998673,-6.6388626,4.5375996
1.8088906,-4.866721,3.9888935
1.8278575,-6.6887407,4.0750084
0.7415137,-6.538966,5.0054197
-0.3542198,-6.0958486,4.900198
-1.3335631,-5.383087,3.6964636
-1.4219635,-5.3245583,1.9936267
0.12656426,-6.21234,5.335062
0.86012673,-6.7662024,4.4088087
1.8630528,-7.0735254,5.0413465
1.8209624,-6.6841855,5.4146924
4.5695705,-4.714113,5.196267
3.951706,-4.119684,4.3606653
4.994371,-3.219843,4.8634853
3.2582908,-3.6101947,4.3198876
3.240275,-3.6476245,3.4058294
3.605504,-4.033181,2.99538
3.2589374,-2.7278616,4.2403584
4.3014393,-2.2714624,1.952584
5.809182,-3.9652176,2.2108042
4.4000683,-3.3490124,3.2936597
5.5959735,-3.1038952,5.795841
7.010268,-5.4436264,7.2715406
6.680833,-5.8032503,4.928503
5.2825346,-3.8618062,4.283146
2.1965683,-4.1662493,4.2332897
1.8350759,-5.3508453,5.1319213
3.238138,-5.374156,3.0078924
2.7106218,-5.337854,4.121739
2.3214505,-5.0018945,1.3120403
1.3047788,-7.340576,-0.641999
1.849129,-7.675709,0.73132384
3.315722,-5.7883883,1.758855
-0.14169097,-5.7682595,2.9615877
3.1287675,-4.750781,0.85225224
-0.7096882,-5.767461,2.1199346
5.584325,-5.9412956,2.7180548
-3.1912694,-7.10277,3.1585674
-2.9263046,-8.840208,0.60951847
-2.915002,-8.368114,-0.056848004
-2.1447015,-7.1990185,2.9144316
1.9222784,-6.645885,3.9040473
-2.024185,-9.658484,2.3494477
-0.49237776,-8.891455,4.0625033
-8.782305,-10.503215,-0.48658884
-1.050358,-9.8978405,1.1626639
-4.873056,-11.760168,1.4689649
-2.3476822,-11.781452,2.4177527
-4.8374667,-11.878259,0.016177416
-4.278411,-10.161152,-1.4417119
-2.1765542,-10.942051,-2.6657608
-1.4667637,-11.4642105,0.25865692
1.6145883,-11.027194,0.5399399
-3.0764954,-9.200496,-4.84809
-0.61713123,-12.458602,3.6284888
0.007848263,-10.810245,-1.2840033
-2.055016,-12.629149,-1.5297648
-0.25647354,-12.028128,-0.3600722
-0.8872628,-12.159901,0.7154493
-3.672683,-12.737329,-0.5769269
-1.3406129,-14.554077,4.507062
-1.303586,-14.165194,-0.53257835
-0.97669506,-13.354581,0.5771166
-3.7560387,-12.255553,-3.2038476
0.887136,-13.627495,1.7471035
