yaw,pitch,roll
3.1714916,-12.930869,-23.998642
2.0936651,-15.828375,-22.826923
0.22269726,-14.709902,-21.804676
4.3928237,-13.042402,-21.040398
7.509522,-12.831393,-19.513773
5.481599,-12.636049,-21.166752
4.3302135,-13.258954,-22.186686
2.60605,-17.47448,-21.47173
0.819355,-16.452362,-17.051025
2.6242244,-18.080425,-13.773136
-3.7216825,-14.86279,-19.96206
4.881751,-11.534092,-18.528156
11.715441,-8.761393,-20.434704
14.209358,-10.067581,-6.9320965
-5.361622,-14.137932,-21.110435
6.233547,-8.402642,-20.385563
4.387006,-7.2379556,-19.966604
5.2092953,-9.124754,-20.14211
7.1771765,-4.2180376,-18.820967
1.7899673,-15.1786175,-17.230724
3.1272573,-11.436452,-19.154278
8.490945,-6.70319,-19.989239
-4.449992,-12.288231,-19.599976
-1.9097505,-13.928057,-20.8604
-3.946075,-11.5330715,-19.061695
11.514181,-6.306411,-20.768387
-0.17766252,-10.979383,-19.328669
-2.0948431,-14.781477,-20.112364
2.7842705,-9.116265,-18.694296
8.159809,-10.313415,-21.809708
3.3035586,-10.154203,-21.553543
-2.4986832,-12.27517,-20.938377
-0.27286932,-12.264057,-20.38686
14.315857,-4.965696,-21.926582
13.953532,-4.871497,-19.567596
9.336274,-9.093314,-21.29337
