yaw,pitch,roll
-7.671822,-6.200816,-7.241235
-10.963276,-7.0998297,-8.081591
-10.1420355,-7.630487,-8.818852
-9.37044,-8.153958,-11.042096
-9.608555,-4.4169707,-10.742533
-12.5921955,-8.766912,-7.5596814
-10.502399,-13.141039,-2.1777184
-6.871387,-5.357526,-7.2277994
-10.608683,-3.6610146,-8.913463
-6.8168535,-1.9529996,-9.663817
-10.15452,-3.8509808,-12.063761
-11.2233715,-2.468594,-6.373809
-13.645599,-3.2912467,-9.345929
-5.4733095,-0.3135246,-10.442543
-3.8902166,-3.8319526,-7.649927
-12.823471,-1.4855835,-8.261853
-17.549494,-3.9915442,-7.6369133
-14.862558,-2.6495516,-8.222143
-14.563442,-3.5422053,-8.850573
-18.071302,-3.437468,-7.2787733
-21.41168,-0.48469496,-2.4134302
-17.560064,-2.7851098,-6.908604
-12.537876,-2.8223343,-5.160154
-13.114143,-3.2991881,-6.3883076
-20.14887,-0.70565045,-4.056427
-19.0028,-0.035880208,-2.3012998
-17.854368,1.4151322,-1.4440925
-13.752063,0.09283626,-6.3154798
-14.720434,1.5300009,-9.321039
-12.364486,-2.239318,-7.0335608
-14.717737,-0.19584978,-4.7358294
-18.274452,-1.648029,-3.7661924
-12.75305,-5.726283,-4.080695
-14.091766,-4.8324227,-2.5065556
-13.316455,-7.7921863,-5.657277
-10.878632,-5.500508,-4.809344
