yaw,pitch,roll
-5.3604164,-10.910959,5.656285
-4.10747,-12.303419,5.1283693
-10.387024,-11.1418,4.8177185
-13.028927,-12.711916,7.216653
-14.055388,-12.479046,6.7330055
-9.409893,-10.146048,7.753034
-10.184124,-10.313955,5.163812
-18.040068,-9.443573,8.283622
-23.312685,-15.416923,4.8892565
-29.008442,-17.033016,1.224221
-47.155888,-16.928213,7.684985
-31.015602,-7.7753572,3.2604203
-32.39968,-9.200123,1.7148273
-34.578697,-10.123584,0.2663045
-27.621557,-8.414775,1.7474666
-37.6883,-13.980001,0.3276515
-35.31643,-5.868829,-0.30430365
-31.280281,-8.581762,0.17875814
-35.604412,-15.495999,-0.037428856
-33.302692,-9.443448,4.38105
-28.352928,-11.51481,1.2764223
-29.142733,-12.747154,2.888017
-29.764685,-9.967091,0.60320854
-32.552216,-9.898617,1.1113961
-29.702805,-7.204825,3.6315012
-31.75487,-11.75766,1.6150465
-30.188744,-8.431303,3.080829
-29.78683,-10.180645,0.78624296
-28.849854,-12.560001,3.9313507
-30.105804,-10.246368,5.1026773
-27.3004,-11.5865345,5.124658
-24.088684,-9.277105,4.221384
-32.047165,-10.284241,1.6633368
-26.218628,-9.285796,1.8324101
-28.82967,-7.1895094,2.6262949
-28.08263,-12.174715,2.9622319
