yaw,pitch,roll
-8.585482,-7.8463917,2.710233
-6.16915,-7.2480946,2.846991
-4.6889396,-8.181749,2.8063715
-9.073821,-6.386819,1.2829032
-6.5468316,-8.0105915,2.9812775
-6.8865533,-9.355476,2.2452042
-7.092973,-6.542882,2.6381013
-7.9161386,-5.8952465,2.1013222
-12.519501,-8.868597,-2.3249884
-11.677885,-10.957122,-1.7150422
-12.958836,-10.046725,1.1460037
-16.14767,-11.245195,2.0175328
-17.18774,-9.454904,1.779154
-14.442076,-6.3183527,1.7119399
-11.732714,-5.96084,1.9526362
-14.42252,-9.47592,1.0586562
-14.95973,-8.031574,-0.0013858229
-17.036655,-10.592079,-1.7493923
-17.900848,-10.297752,2.4464371
-14.64022,-10.677766,1.7518116
-9.679417,-6.680765,-1.7975242
-13.227636,-8.148758,0.3585067
-13.22665,-9.287163,4.786417
-13.041723,-11.693284,3.9376597
-9.638311,-10.188557,3.5387108
-18.610395,-3.2959275,3.3209205
-1.5312505,-7.6420736,3.611529
-5.4658737,-8.218933,1.672518
-11.005282,-4.3940578,3.0666776
-1.2849188,-6.4814987,4.0682855
-1.2709004,-4.490467,2.6192307
-8.621883,-4.2683253,1.370613
-8.485947,-3.8711004,2.7873466
-5.1076937,-7.966777,3.050668
0.80290127,-5.504875,0.46810776
2.4364476,-4.27295,3.0134003
-3.0054586,-5.3423023,2.131329
-0.09582257,-5.5796866,3.9593847
-2.0073042,-6.056312,-0.44929388
-0.66671133,-5.4801126,3.542718
-2.1093807,-6.594283,5.3778276
-4.289458,-5.31637,3.1778789
-2.8851092,-6.079514,3.1646879
1.4995213,-5.200814,6.0021744
-6.376537,-4.544867,5.4079556
-1.6103512,-7.751366,4.171222
-0.79754233,-6.9224586,4.2343993
-0.4777372,-5.838498,5.218764
1.3903108,-5.8738236,4.971636
-4.5259414,-9.894085,4.3372416
-5.080692,-9.412524,4.929489
-3.5721025,-8.459953,5.166251
-4.8196764,-8.395662,5.742132
-2.3135302,-6.475144,3.5355263
-2.854823,-6.9533997,4.5446525
-2.9836307,-7.9956083,3.1885371
-4.0792975,-11.889713,3.652924
-3.5018013,-9.491156,2.499442
-4.48201,-9.590147,4.2494354
-2.1463585,-6.783097,4.3498974
-4.3403997,-7.408206,4.58862
-4.3422422,-7.288768,3.9587193
-2.8628438,-10.703392,5.2391567
-4.5564737,-8.403116,2.7327638
-3.5583844,-8.002837,4.0419936
-0.015175581,-6.7424393,1.9378407
-3.3385632,-6.301688,5.87536
-2.6690516,-6.150239,1.9943528
-5.0732903,-9.61377,4.2647314
-5.1229978,-8.12945,4.644863
-5.0454865,-8.584493,4.283822
-4.099513,-8.236179,2.8631186
-4.064485,-10.225133,2.5364552
-3.3421915,-9.307792,2.0729785
-6.816572,-11.397055,4.942583
-5.951456,-12.203197,2.5433547
-6.8953276,-9.873314,3.7470062
-4.9637103,-9.035023,2.8703127
-6.6417017,-11.230016,4.687298
-7.7433534,-10.190006,4.5001907
-6.918374,-9.194077,4.4657927
-7.363127,-8.969436,5.0954537
-7.5982256,-9.933538,4.2385488
-2.9743507,-9.323808,1.10115
-4.4116573,-9.470783,0.89052856
-5.1767173,-9.21463,3.059862
-4.0687943,-9.787068,2.523118
-2.879822,-9.970019,1.954379
-2.785903,-9.6966305,0.4936288
-3.4181848,-9.223227,2.1179852
