yaw,pitch,roll
6.4422007,-11.486214,-7.561365
5.6200724,-9.829819,-6.842299
5.312554,-9.262756,-9.264532
7.3247013,-7.9406066,-8.371836
8.748997,-7.5172143,-7.514271
8.329562,-6.7108164,-7.045373
9.012681,-7.276779,-6.8862524
7.3476963,-6.9584723,-5.962899
11.599559,-4.895581,-7.7694364
7.249713,-5.4125843,-9.583274
10.729114,-4.399622,-9.095873
8.062405,-7.9692755,-7.019943
3.8195348,-7.4573727,-9.930605
-2.7110896,-9.54784,-8.763825
5.8394203,-5.232833,-8.059958
5.4067025,-7.162239,-8.983202
10.5283165,-5.015426,-7.110521
11.905499,-5.010887,-6.7335463
12.023392,-3.9728866,-5.754824
9.864846,-8.094657,-8.651172
10.471903,-7.977179,-10.899113
10.036991,-9.1468725,-10.750367
10.397316,-7.626005,-11.748631
3.6778398,-6.8500776,-9.361353
4.3578396,-2.6443279,-10.022709
6.275805,-2.0962305,-9.395933
3.1361375,-0.90287685,-8.219608
2.895431,-1.6349119,-8.062188
-0.5851717,-1.3049843,-9.209089
-2.0389683,1.5947181,-8.947605
-2.1799011,-3.3019853,-7.8844137
-5.9651785,-2.7526512,-8.9048605
-5.0250587,-0.21443045,-6.9382896
-6.2201443,-4.534295,-10.819951
-2.4821699,-4.4781523,-6.665518
-2.739377,-3.8089883,-7.4027243
