yaw,pitch,roll
-26.755518,5.704046,-6.563205
-24.951996,6.71656,-6.01256
-18.141687,8.636863,-5.3963785
-19.286554,6.413851,-3.9248087
-20.977314,8.180092,-3.727432
-24.896217,9.173847,-1.3182216
-26.795471,6.8925037,-2.677963
-38.72808,2.2951102,-3.4047685
-39.341293,-14.117114,3.9790869
-26.703926,-1.6029471,0.15442544
-25.19878,0.07498455,1.6391913
-34.9292,-0.076341,-1.0757232
-23.161547,2.0029538,-2.9125438
-29.642693,-4.6097174,-1.8288274
-30.362942,-3.3882172,-0.5868267
-16.382748,-5.392048,-2.2009385
-6.4310126,-6.76928,-0.1683445
-1.8433142,-7.599227,0.40531248
-14.993822,-12.593466,3.9690397
-15.467836,-9.426142,2.5818894
-3.679943,-8.294063,-5.184034
-2.1888964,-7.449014,-2.9203613
-0.9808645,-7.7933993,-3.9438887
-1.2179136,-6.097187,-5.219563
0.9604578,-5.707821,-4.7824583
-2.2730727,-4.753399,-0.27506322
-5.2312994,-7.9784737,-4.297038
-14.778305,-7.013774,-6.7431755
-13.901642,-8.899639,-4.2521763
-15.782364,-7.040842,-3.972312
-22.19033,-12.055889,-9.564416
-19.916767,-10.566725,-8.510525
-27.082771,-13.334717,-12.086058
-26.87792,-14.673773,-12.234304
-19.483707,-8.849041,-16.555294
-15.8976145,-15.149909,-17.834772
