yaw,pitch,roll
7.7957273,12.913339,12.089083
8.294709,16.148869,15.003462
8.699607,18.23268,18.743181
11.557567,17.37479,18.398458
10.648119,16.656736,16.576435
8.776916,14.768862,17.525803
3.0765996,14.900173,11.591832
3.3574183,9.082296,8.580333
-1.949035,2.8815315,0.54950404
-1.4653434,-2.6746163,-3.684595
-0.5928154,-6.7453146,-8.880711
-4.819386,-8.80383,-11.214615
-4.457905,-8.968077,-9.449939
-9.337009,-11.479296,-11.054054
-13.160154,-12.815063,-14.539988
-20.541111,-6.446876,-16.361406
-23.316708,-5.232807,-16.440615
-22.529858,-5.6434345,-16.739532
-22.746065,-3.751463,-18.579836
-22.34114,-5.7220955,-19.29559
-21.025503,-6.7174435,-18.505844
-18.100273,-9.04961,-16.70344
-20.680946,-14.791515,-13.295681
-17.534992,-11.874647,-15.552762
-19.456919,-12.264594,-16.010975
-20.467525,-9.145666,-16.000227
-17.057537,-12.723125,-18.157213
-17.63807,-13.73712,-17.818773
-10.420341,-17.464794,-13.508966
-8.934861,-16.39428,-15.325512
-11.992684,-16.470499,-11.360767
-8.532237,-17.736622,-10.499729
-7.530835,-15.645955,-9.845066
-9.520758,-13.365603,-7.7865963
-3.9371383,-13.495932,-9.6577015
1.0846795,-9.798988,-4.517918
