yaw,pitch,roll
4.9078364,-4.34696,1.7875159
4.208271,-3.8031502,0.7021382
3.433929,-3.687109,-0.8113301
-1.5402133,-2.7536106,-1.113127
6.050575,0.45868278,0.60733557
1.1483283,-0.71756303,-0.1493963
1.0841751,-2.4082296,0.92507577
2.3778381,-2.4406111,2.687378
6.660775,-2.444263,3.0867019
-1.7308917,-6.879401,2.1046133
-0.7516751,-6.551879,3.380907
-0.39237022,-3.6759553,5.8657684
0.881897,0.70949733,5.078697
1.1877613,0.5194249,4.868751
-1.3940356,-4.7710853,2.6748219
-4.5621676,-8.0394945,2.9418218
-1.1455367,-1.7758682,5.2227564
-0.3084519,0.29185617,5.325012
-3.2507253,-7.150207,1.3559333
-0.89533615,-6.635504,-2.5915763
1.0419319,-6.3283978,1.9683278
0.9567448,-10.516618,1.9158783
3.7998967,-8.734222,1.4791238
2.4182966,-6.3482475,1.7854047
-0.76794434,-10.774677,2.021484
-1.4728082,-13.606129,1.9046507
-5.3201194,-8.315771,1.742135
-9.165127,-8.948278,4.7871757
-9.019257,-9.047773,6.4340405
-9.984089,-6.539873,6.984337
-4.4603744,-8.51338,8.322733
-4.719636,-1.7253332,4.0236044
-2.3592982,-5.5459166,5.017563
0.5659249,-5.3085155,2.2026885
0.18859525,-3.1207638,2.5556848
-8.162341,-8.040249,4.2517986
-12.42238,-8.122431,7.174576
-9.707267,-2.9864373,4.2800703
-1.2228191,3.0117445,1.924792
-5.387018,0.8726739,2.8996124
2.2831628,2.2157829,2.6707687
0.17853844,-0.50046587,1.399491
-0.06690478,-1.9302077,2.4242733
-1.8387718,-5.5761986,1.2900667
-3.463116,-7.456129,1.6476752
2.9083896,-5.2884636,0.35834968
3.4149065,-4.907836,-0.6205544
-1.5470963,-5.140049,3.1855297
-0.755317,-3.820021,3.1310973
-2.86681,-0.07675773,4.4518514
-2.8165576,-1.9193149,6.0991516
0.87226725,-0.02214259,7.0452247
2.2876306,2.7400396,8.492643
0.95876837,0.013789892,6.3665876
-0.23555374,-1.6951108,6.469206
4.1288867,-0.87215227,2.6076405
0.6344061,-4.3254085,4.061438
-8.455488,-1.8395756,-5.436391
-0.7791939,-0.4180869,-3.4076853
0.62128305,2.2985115,-5.788017
3.265643,-8.618015,-7.494328
5.754614,-6.807704,-8.38121
3.009472,-12.944176,-10.440697
-0.5067568,-12.416037,-8.835042
-1.2424555,-9.54248,-6.0562096
1.5627193,-9.838505,-9.239328
1.2919111,-11.584216,-11.593067
2.044971,-9.887489,-7.6062064
5.81918,-9.014397,-7.3947453
4.389747,-13.495545,-11.554055
8.821423,-10.646042,-11.645084
7.7695913,-11.744953,-11.808765
6.846047,-10.367723,-10.525633
7.36898,-11.399355,-11.399666
7.862683,-10.585772,-10.126665
9.023151,-11.639336,-11.656972
5.6443667,-17.266132,-12.431442
6.9416013,-18.755817,-11.310505
2.362101,-17.518593,-11.7198
4.136774,-18.025925,-9.959635
4.50065,-16.887287,-10.461524
4.987176,-14.322896,-8.723543
1.8477764,-13.9051,-7.50461
1.4727263,-16.19955,-6.8181367
4.8489733,-15.327841,-8.813859
3.2601461,-16.992163,-12.140215
4.7818394,-10.914665,-7.164607
-0.3377509,-18.27533,-10.862007
3.8495169,-17.435236,-9.943323
6.622125,-18.12239,-9.262852
