yaw,pitch,roll
7.8962326,-12.455101,7.4709044
6.2287183,-8.966877,10.636834
7.936843,-9.402157,9.74663
8.194607,-13.467119,8.000353
4.970342,-10.05854,9.4231
4.814203,-12.172886,9.063657
7.066645,-11.787293,10.518003
5.5064545,-12.792263,10.541822
4.0631123,-13.417992,8.678539
7.1733084,-12.5344,10.646178
8.758966,-12.832624,10.007508
8.750668,-14.418512,8.587397
6.5773506,-12.962103,10.808796
9.048124,-13.266399,9.890477
7.786112,-13.990421,9.978376
8.828988,-12.533659,8.097876
8.024869,-11.788774,10.991623
7.3887877,-11.3310375,10.511275
8.955848,-11.904248,9.827332
8.100136,-12.663665,9.758687
7.9692554,-12.796259,9.355558
7.352581,-12.347545,9.351646
7.201331,-11.001514,9.110577
7.4309974,-12.106689,9.378735
9.518205,-11.686084,9.852958
6.8777432,-12.337174,8.598986
6.6861,-12.530798,9.017191
8.168409,-11.829136,10.597011
6.697743,-14.057873,10.839756
8.130648,-13.322405,11.310986
9.541006,-12.818373,10.527267
6.8390493,-13.249302,9.233652
8.3975725,-12.8473425,11.660395
7.315625,-12.319862,11.85774
8.181337,-12.135492,9.202583
9.232783,-12.598293,8.85048
