yaw,pitch,roll
-1.118612,-10.580212,-3.6560946
0.21909952,-10.916817,-2.8148046
-1.0334282,-10.5272665,-2.7855783
-2.4090135,-12.034905,-3.8041291
-0.15558791,-11.395716,-3.964201
0.2083826,-12.299936,-4.2568154
-0.3756256,-11.905469,-3.823325
-0.41124725,-11.91753,-2.9102945
0.735445,-10.702309,-3.65726
0.20187855,-11.414727,-4.628141
0.5673642,-11.974373,-3.417303
-1.173861,-11.078308,-3.2425625
0.31267357,-9.728156,-3.730481
0.38173294,-10.196481,-5.3351254
-1.558754,-10.556563,-5.795389
0.08154631,-8.832451,-7.2337694
1.3387222,-7.7224617,-8.512021
1.2329593,-8.516617,-9.312353
1.2229385,-8.442766,-9.016733
-0.14168835,-11.013332,-9.863823
-0.093717575,-10.324804,-10.130035
-0.45245743,-7.080346,-9.9593115
0.80513,-7.147151,-10.128368
-0.6276078,-7.4296036,-10.328949
-9.171033,-9.157146,-5.8495235
-6.7379446,-10.870028,-5.5176234
-2.790109,-10.202423,-6.928103
-6.4340076,-10.469655,-10.92807
-10.316603,-12.807196,-7.3522406
-13.122091,-16.0121,-3.6972942
-18.121122,-15.450149,1.1195357
-24.746607,-15.135012,1.3720316
-27.53984,-13.803288,-0.0105314255
-25.884457,-18.165289,3.7046409
-13.241236,-17.291328,1.508429
-9.142977,-12.003134,-6.282944
-4.075186,-12.342849,-1.2786071
-14.726933,-13.419163,0.108611226
-7.5524716,-14.501054,0.0040926933
-15.493149,-14.990388,-0.30054528
-12.781458,-15.405249,-2.4885864
-19.715847,-12.373282,-2.8409595
-27.880432,-16.54564,1.3658752
-24.781763,-15.374737,0.65938187
-27.01509,-13.828107,0.83339536
-27.927307,-14.622079,0.013983607
-24.883514,-17.958778,4.354975
-31.306948,-18.879932,3.466167
-29.050798,-18.817451,2.3588972
-29.862247,-19.12944,3.0420284
-32.32609,-16.304829,2.6048124
-28.726599,-16.42045,1.2339193
-21.91758,-18.089874,0.08546344
-19.0307,-15.148005,-2.9070115
-11.104582,-14.448964,-6.421962
-3.477538,-13.404574,-11.412791
-7.2478223,-13.277788,-7.1629753
-8.553214,-16.471853,-5.9303966
-4.256238,-15.135547,-6.1859426
-5.457433,-17.770899,-7.104137
-7.9914722,-18.684671,-4.6966705
-4.863918,-17.377275,-7.0336595
-0.8917427,-14.805984,-8.695528
-1.4145715,-13.850833,-9.1326685
-3.1594663,-12.822534,-8.365228
-12.46995,-13.590431,-6.831169
-15.852668,-13.613583,-8.46634
-13.100357,-12.582022,-6.5799694
-12.660427,-13.791868,-4.068081
-0.9015887,-10.411942,-6.2233505
-14.743535,-11.457664,-0.74680924
-20.798342,-13.668591,0.98637307
-26.670952,-13.152035,1.9987272
-22.374289,-14.623315,1.4608622
-23.055328,-14.691117,2.7570512
-29.066692,-15.839538,2.8225899
-22.940113,-15.347027,1.0310321
-24.047993,-14.744905,0.36892843
-23.739922,-13.79471,0.73882496
-22.967169,-12.535969,-1.6325427
-22.475037,-14.328651,0.9870751
-22.190096,-14.32412,-1.2050431
-22.117512,-15.312842,-5.1415024
-1.4460659,-10.038576,-5.126041
-2.5121634,-13.190403,-6.224866
-9.356035,-17.037346,-4.4493494
-11.012242,-13.420896,-4.109232
-12.39225,-13.182067,-2.9707181
-14.623397,-13.418913,-4.993064
-18.803272,-14.221058,-3.4680505
