yaw,pitch,roll
10.622414,-2.9995928,3.6640935
9.560663,-3.5782993,3.190359
10.086658,-4.0195627,4.3774276
9.3622055,-3.5707016,3.5315654
10.491972,-4.6583467,4.5005937
10.508118,-4.050228,3.0070808
9.76864,-6.056794,2.1916385
9.010054,-1.7864206,4.630533
11.118151,-2.5015342,0.9167868
6.7365327,-4.7292686,2.131746
9.642405,-4.3145423,-1.2130438
7.8712387,-2.962448,2.7660878
8.813107,0.7074206,-1.4891564
11.776726,0.24397016,-2.3413844
12.980034,-1.21925,-0.4774331
10.822814,-1.5052764,0.2587614
7.3390884,-0.34436107,-0.3814438
7.0250044,-0.17699242,-0.18566144
7.0493307,-0.8418679,-1.5673928
5.3502965,-0.39601326,-1.2561481
8.119898,-4.25829,-1.5747433
5.5359087,-5.5232844,-0.67226493
5.1328716,-3.668143,-0.83301204
2.103585,-4.970005,-1.4573474
1.345453,-5.9026766,-2.1044936
3.5303247,-6.3371353,-2.4738343
5.242815,-8.412513,-3.794983
6.801867,-7.863761,-2.146191
8.039976,-8.379404,1.8959008
5.000834,-8.222263,2.0474803
8.446053,-6.155922,-1.4422133
5.0826783,-7.0974035,-3.7759495
7.0161104,-7.204426,-1.3488601
5.2157116,-6.084696,2.391408
7.867133,-6.7359085,-1.4850802
5.1452518,-7.6120625,-3.882684
