yaw,pitch,roll
-5.3194284,-15.283736,-4.1846533
-1.7558804,-14.096675,-4.972979
-4.3036337,-13.515366,-8.327851
-5.3631306,-13.688282,-7.9835596
-0.17680311,-13.417007,-6.6073
-1.417562,-14.370109,-9.428642
-2.6820028,-13.084675,-9.654363
-0.5315299,-10.359557,-9.219337
-1.4574893,-10.618304,-6.495429
-1.8755794,-11.972009,-7.7098875
2.1161265,-9.898698,-10.00784
1.6621304,-9.098419,-4.7134924
-4.796128,-6.7690964,-3.6242497
-4.797721,-4.1221886,-4.585518
1.1465654,-3.9594243,-1.6527193
1.9685969,-4.486336,-2.645339
3.0543675,-5.094903,-0.9459852
3.858387,-3.9575298,-3.4162092
1.8610654,-3.782193,0.76684666
3.8140383,-5.582324,-2.5295112
-10.149535,-8.575605,-1.2229055
-1.0153613,-6.846739,1.1105663
0.7105794,-3.1066551,2.0390992
1.7267582,-1.3724568,3.0203412
3.9712672,-1.3768952,0.1983037
1.2543886,-7.1840987,-0.95820916
2.033166,-7.1103067,0.055881426
2.6166432,-0.30045888,2.1847641
1.6257164,-2.4449904,-0.013029337
0.1422453,-7.9103026,-4.423104
-1.6646781,-8.355627,-3.5448198
-4.088368,-9.374104,-4.5008545
3.558373,-8.984758,-2.4353104
3.831835,-5.714364,-5.7563396
4.6732583,-7.6179695,-5.3543444
4.8841033,-5.7733555,-4.7168474
5.1630397,-4.0828924,-2.1092632
-5.6593556,-3.0423994,-1.5947309
-14.215726,-3.0325108,-0.33218208
-13.971194,0.026166022,3.6359181
-15.146185,-1.8315338,6.4448524
-18.88246,-5.7748184,5.1128597
-16.00114,-2.8470838,6.6344433
-5.701888,-1.7242937,8.467668
-5.8365755,-1.085718,6.9579186
-15.77517,-3.5519013,4.423643
-8.758431,-3.4789712,4.094208
-3.2418246,3.4046073,-0.8363493
-3.6384602,-0.5071851,-3.5513613
2.754538,-4.1612463,-6.066848
-0.21106684,0.87443566,-8.139001
-11.288802,2.551812,-4.2846265
-11.264257,2.9142427,-3.1324742
-18.77346,5.181082,-0.3178296
-20.498766,1.6851578,-0.7271689
-19.138638,-0.79947484,0.38248152
-20.496508,-1.9948598,1.775637
-19.999706,-0.9767791,2.071515
-22.985022,-2.3666556,0.5671617
-18.104713,-1.9650893,2.826778
-24.711205,-3.1680527,0.013934135
-25.93769,-4.3233995,-1.593904
-18.736115,-1.1896148,0.15069187
-22.03888,-1.4944396,0.21841085
-21.156647,-1.5656785,-3.9057698
-25.975203,-0.31200534,-5.8861074
-23.202864,1.1783395,-4.492965
-25.138569,-4.8455577,1.1612524
-31.21709,0.59069645,-0.44391865
-26.600918,-7.077114,-2.582673
-21.322182,-0.9735997,-1.6983975
-18.557087,1.4925041,1.2324686
-16.497427,1.9112979,-3.401141
-20.904135,4.1405053,-2.608069
-29.380653,3.7763066,-1.5558629
-27.41801,-1.4506667,-3.5160198
-25.457087,2.1830475,0.42752254
-23.322586,-1.1484267,1.1489364
-22.122189,-1.6496953,0.63382655
-23.207205,-3.4735289,1.3372649
-22.283392,2.6522176,-2.3566682
-23.644703,4.5008163,-2.009866
-23.42379,2.1381059,-2.0035584
-23.681627,1.776197,-1.1433634
-23.397995,3.1718113,-1.9858595
-23.983837,-2.862901,-0.7471965
-15.140426,-9.770538,0.13985121
-16.736034,-14.365716,1.993226
-21.110703,-13.424251,3.6393092
-25.742151,-12.757392,3.5291824
