yaw,pitch,roll
8.413549,-4.6481504,-15.553056
8.0431385,-7.128458,-12.174652
6.085504,-3.96134,-13.814649
1.7436061,-3.8424985,-10.714859
2.7939026,2.3080566,-12.453302
5.7054877,-1.0806843,-8.611064
5.5496325,-3.2733233,-10.936413
4.8394423,-0.9731525,-11.330484
3.2415352,-2.142119,-12.849639
4.8513894,-0.6920254,-9.389461
1.447696,-2.4409604,-11.569634
4.524496,-0.20962502,-8.820009
1.3813674,0.5573815,-12.644724
4.172416,-0.6026086,-13.442888
2.9452763,-1.6717374,-13.623732
-1.2311776,-0.049237818,-13.647119
-0.69538784,-0.6011867,-13.796739
2.5093238,-0.0954504,-10.621956
1.102412,-1.4034169,-12.622128
-4.947451,-3.0783424,-10.502258
4.2609835,1.5901686,-11.018589
3.1151462,-1.4426707,-10.947205
1.3464434,-0.4970755,-14.577292
-3.5721173,-2.051407,-12.084644
0.7739072,-2.992865,-11.179372
2.725122,-4.262438,-12.402522
0.2293424,-4.177266,-10.056231
-4.780758,-7.3789797,-10.966283
-2.803643,-6.219067,-10.491416
-6.3053007,-2.5115955,-13.68968
-7.809517,-2.0985944,-10.953194
-15.630642,-3.0292783,-13.918951
-10.936901,-0.2500788,-10.655426
-12.873567,-1.9746975,-8.898391
-13.213414,-3.8797402,-3.476431
-2.918512,3.637573,-2.425998
