yaw,pitch,roll
-6.892123,-8.919085,3.8085322
-14.256191,-11.022806,2.971621
-10.456513,-10.528225,1.5526018
-3.4249547,-5.208127,-1.7426779
-7.6600466,-10.008408,6.247059
-14.613406,-9.996292,4.7885656
-16.360388,-13.297911,6.956566
-12.556711,-12.86508,2.6263447
-14.384119,-10.717569,2.6589856
-13.604845,-8.398731,4.0550833
-7.8438272,-7.171002,3.8851576
-9.824942,-8.612957,2.138292
-9.694933,-7.950944,1.3437191
-7.9306564,-8.071199,4.461211
-11.185642,-10.254217,-0.41926566
-15.031258,-11.320974,0.05164866
-8.188737,-10.390324,-0.4254921
-10.102958,-10.616923,-1.3732786
-8.456539,-9.537682,0.028517187
-7.476586,-9.213333,-0.5711483
-8.730751,-7.996073,0.8861282
-5.6926403,-8.064839,1.9258654
-7.5469728,-7.9734054,1.5344312
-8.287674,-9.170954,2.807726
-18.021326,-2.91356,1.2142735
-20.41679,-6.9616814,2.8419573
-16.749321,-6.0251074,4.591843
-7.9984283,-9.101137,-3.218743
-7.3808346,-6.9751897,0.40542287
-10.4416275,-10.814776,-5.56376
-13.825071,-7.8613033,1.2599319
-19.139435,-6.4733963,2.1575127
-17.787678,-3.4118083,2.5173817
-16.153717,-6.7837095,2.368983
-15.678677,-4.535676,0.32058084
-16.837389,-5.060843,2.7325437
-15.396469,-1.9651811,1.8108587
-8.60293,-4.902699,-2.5834618
-14.720646,-8.4273815,-1.2251992
-9.135607,-4.87295,-1.9816067
-14.396386,-4.6030197,-0.13023189
-18.528143,-6.1366596,0.6002813
-18.662172,-4.8105392,3.0828
-16.610935,-3.2259274,2.090466
-18.596863,-3.7649221,2.3128586
-16.144283,3.0350368,5.872207
-13.148503,-0.28280705,2.7086065
-12.9018,-0.3218652,1.4697233
-9.821917,6.389539,7.494919
-19.341751,0.6427934,4.654421
-12.584923,2.3736343,0.8924477
-13.769598,0.9715828,2.7836375
-15.829632,-1.1189754,1.3712418
-15.020723,0.23095073,0.19494721
-0.861799,4.283122,3.419287
-2.3199193,6.2437096,3.8260865
-5.78558,5.427594,0.91503143
-13.737093,1.2762837,-1.5247979
-8.845913,-1.5687594,0.020607352
-29.084885,-8.976647,-0.28549242
-28.02813,-7.192022,-5.479501
-28.601002,-4.707562,-5.554282
-22.826904,-0.021416664,-4.102892
-23.66827,-5.264571,-0.44548917
-19.174093,-0.09242749,-0.13220048
-15.6958685,-1.2882333,-1.7478395
-10.058618,-0.21092635,2.5690975
-9.554888,-0.80917096,1.6639553
-10.776869,0.17098546,6.486354
-6.1562734,0.59926164,7.5488915
-0.90208495,-2.5746667,4.3926973
-0.42567515,-0.42200357,4.903537
5.2795105,-1.5087016,-0.34558833
7.752965,-3.7670228,-3.074588
7.764801,-4.8191433,0.14707327
4.1233673,-4.6368227,1.1639078
5.799099,-8.8942,3.4679794
5.144604,-7.580485,2.0345368
5.944707,-8.373664,4.553331
3.3122206,-0.74678254,6.919529
-0.7183434,-0.11316323,4.6554623
2.2263093,1.3806224,4.9042516
-1.5318909,-1.0018972,6.4495673
-1.9190769,-5.8371797,4.2966533
-4.615199,-7.7280636,5.113465
-4.5721474,-1.6782781,6.4284697
-3.3592083,-1.9276723,6.0511956
-5.97041,-1.4579397,7.4108777
-1.6649945,-1.5625033,7.6887894
-2.7964146,-0.760255,7.70314
