yaw,pitch,roll
3.4295435,-7.744731,-10.618867
3.7091775,-5.211145,-13.27667
6.9744086,-2.3732953,-12.174086
8.153791,-3.5042067,-16.606657
-5.7961736,-4.7862988,-14.49506
-14.628592,-2.5418358,-24.783453
-39.8357,-6.076455,-20.07611
-42.26371,-12.150407,-14.827443
-63.695076,-14.487791,-9.782066
-53.291904,-13.778488,-0.021702528
-58.284653,-9.01132,3.736741
-57.33152,-18.426617,-0.58965933
-30.323446,-9.419733,-16.670788
-10.070449,-5.226645,-23.354118
2.7916768,-6.778554,-16.817371
-2.292195,-5.3189044,-11.508735
-2.5484385,-3.814139,-5.4079366
-2.006729,5.998293,3.8193395
0.99592304,11.57634,13.624953
1.4503324,10.941545,20.093391
8.171112,9.842038,26.125435
9.913942,7.200497,26.646053
10.150714,6.203083,20.877996
17.267725,6.1444144,27.359737
19.886232,7.72565,26.08859
19.612469,12.031042,26.14419
24.983032,10.32729,25.209179
13.197933,16.898113,21.235638
13.001378,12.054546,16.428131
9.883508,9.5470085,13.115134
7.343764,7.7125645,9.032378
1.4390416,5.664283,3.290052
2.9616246,3.4522266,0.34522235
4.1045556,1.4662598,-5.336189
0.13819194,-2.7556882,-7.9969673
2.6531098,-4.1903195,-10.476337
