yaw,pitch,roll
-3.1272664,-11.464959,-1.5377152
-2.2855067,-10.474577,-0.634133
-4.456242,-11.828587,-1.6425546
-7.5105944,-14.416427,1.1734009
-3.9198925,-10.440324,-2.7858624
-1.4926331,-11.380025,-2.3824315
-7.3074274,-13.545286,2.1594326
-4.8859553,-14.325612,2.7669427
-5.033843,-14.968607,0.73235387
-1.9908631,-15.020277,-0.29922855
0.02859062,-12.218127,2.8063517
-7.559413,-13.436937,1.6616201
-11.260233,-11.664824,2.1247382
-3.5738468,-12.943462,0.8370503
2.7151744,-12.954082,4.321997
4.4101386,-9.551513,2.0809734
2.5599604,-10.892,3.827479
5.267487,-12.645902,2.8834527
7.6205072,-11.327023,1.2898691
5.735522,-11.413588,0.90489906
2.2675972,-10.36939,1.2996181
4.0849457,-9.05364,1.3892773
6.616132,-5.0502677,2.2773619
8.8612995,-4.9150047,2.4207125
13.14784,-6.3609867,3.647635
5.771055,-3.8115902,2.8381572
4.335899,-2.450967,8.011647
-4.0676613,-6.91351,3.9036698
-8.585524,-6.45632,3.4943633
-1.403717,-10.406494,4.185545
-4.488339,-7.778737,6.809389
7.712287,-14.421899,14.83995
9.384951,-15.51956,11.724996
16.702297,-23.235497,12.153419
17.080809,-16.193573,3.8958073
13.745749,-16.538094,9.499399
