yaw,pitch,roll
-7.2154384,-14.101696,9.235263
-3.4475915,-14.442295,4.2488704
-7.9810343,-13.187338,6.6695776
-5.850533,-11.734302,6.79628
-3.42482,-16.363182,6.193973
-6.5576,-15.825484,7.607826
-5.252819,-15.644602,5.2560987
-6.566884,-12.570502,7.77006
-2.1969213,-13.648222,7.385934
-2.1014671,-14.515753,6.3083363
2.7053995,-16.36939,6.6403565
-1.1110159,-16.092266,7.850751
4.6382837,-15.9400625,4.383605
-1.141317,-16.537037,6.3936625
0.73724276,-18.535301,7.4837847
1.085292,-14.321676,4.8599277
1.698643,-12.947592,5.768381
0.27962524,-12.156762,5.6367674
-0.018221855,-11.063581,5.4387026
-0.06771864,-11.019826,6.9943495
1.5816357,-13.132289,8.250647
1.8686891,-14.009953,8.923794
0.65645146,-13.610302,8.9440775
3.0801187,-14.422949,10.635891
6.296788,-14.93693,8.088307
4.3693676,-16.094364,8.0266075
-0.4327163,-15.7956505,7.804036
4.6275635,-15.263807,9.355627
5.029077,-14.842204,10.347668
3.0742855,-13.311452,8.977499
0.44871688,-13.475385,8.834748
-0.60877573,-14.439877,8.747722
2.3997483,-12.544846,9.735298
-1.1925018,-13.593502,9.543035
-2.3766556,-14.077238,9.030081
-0.87844145,-15.717413,10.040705
