yaw,pitch,roll
1.9495654,2.5688035,-0.7741941
1.2566311,2.8823774,-0.6676495
2.428808,3.7779722,-0.78652966
2.5986257,5.135292,3.230198
-1.3678651,5.0868063,4.660484
-0.55995953,6.842596,6.0310287
-2.038293,6.0463896,8.512827
-6.9799976,1.1654693,6.045147
-5.9423285,2.3167765,8.68062
-2.7455187,2.4395924,5.910536
-3.2100632,0.8562239,5.465602
-1.0921289,1.6829011,4.0140986
-0.4362105,2.630477,4.3626733
-0.5286683,-0.22985756,4.269891
-0.74934787,-2.7779365,4.8593907
-5.9083953,-3.8272004,3.4792423
-8.838759,-7.2285933,7.087637
-12.619089,-11.169634,5.2169814
-9.902807,-15.572592,3.5829186
-13.597938,-17.226501,5.749482
-20.338135,-14.387263,3.5621235
-26.396925,-11.280035,-1.5203978
-30.312069,-10.46201,-3.136056
-28.901363,-8.860516,-2.464534
-31.410902,-8.504715,-2.8736198
-30.82741,-8.316978,-3.0033383
-27.068169,-8.92142,-3.0058558
-30.468948,-10.138861,-1.7217005
-33.179314,-7.9385242,-4.6493373
-32.16868,-8.929678,-7.3143406
-24.663498,-13.42111,-5.153122
-16.964554,-13.523954,-0.28727135
-9.397752,-10.5725,-2.7572591
-7.8788586,-10.913724,-7.6828027
-8.332808,-9.788559,-7.2193666
-13.251141,-10.202574,-9.706253
