yaw,pitch,roll
-15.682413,-13.416539,-2.3826456
-16.8363,-12.78894,-2.325675
-19.344929,-12.911163,-0.41100502
-19.010326,-13.136213,-2.673269
-17.35165,-12.435933,-3.861462
-16.321495,-11.038353,-7.2414904
-15.328808,-11.202152,-5.6303573
-12.731494,-10.715183,0.28438675
-12.811062,-13.110159,-6.6681166
-13.583923,-13.535068,-4.111059
-13.165148,-15.188224,-1.7089252
-20.763496,-15.874842,-0.94121754
-17.402225,-13.023482,0.8029416
-21.794243,-13.570605,1.2937844
-23.287407,-14.672559,4.052664
-21.39415,-11.331799,4.0749545
-19.55252,-11.569561,2.2779832
-18.453697,-12.924349,2.6235104
-19.720337,-11.809075,2.8756335
-21.173716,-11.5268345,0.88676673
-18.761814,-13.584419,1.883158
-20.533657,-12.398871,1.5177779
-18.99852,-12.018805,0.1703695
-22.069523,-12.8690405,2.797972
-23.058838,-11.640559,0.9631847
-24.841812,-12.113884,0.74529964
-23.006237,-9.890593,0.20632845
-25.049282,-11.499269,1.6767716
-22.926579,-9.562831,0.36630508
-23.691914,-12.142628,2.382431
-24.397755,-11.653587,1.4205897
-24.101313,-11.624701,-0.38031408
-22.031815,-11.735034,-0.42565173
-24.858204,-11.154136,0.025172494
-23.833183,-11.597216,0.3306805
-24.476799,-11.53392,-0.6719948
-24.450943,-12.810078,1.0203024
-22.28878,-12.411726,1.4278495
-30.804201,-13.172319,2.6539226
-27.758224,-12.630597,2.213767
-28.604736,-9.850488,-1.0394838
-25.531612,-6.947292,-0.41503754
-21.264133,-8.328452,-2.9604712
-18.831532,-8.69662,-0.429582
-17.266588,-7.5340233,-0.32273626
-15.8095045,-6.5680695,-1.3543317
-13.318062,-8.039728,0.81908596
-14.269522,-6.3206334,-4.53352
-13.308374,-8.231848,-1.2858635
-17.716402,-13.007478,2.2283237
-11.507798,-8.582397,-2.5113413
-9.685694,-11.936628,-2.577971
-10.34262,-11.842175,2.3331635
0.5121534,-19.163193,-5.8532705
-5.375429,-16.512726,-2.8163662
-6.5182424,-16.260246,-2.073127
-15.327843,-14.862072,-3.2694468
-12.379522,-14.475304,-1.3277749
-3.7010307,-9.052521,-1.5365148
-4.887139,-10.156895,1.8619273
8.569772,-12.870459,-1.885777
6.839418,-14.2267275,1.388315
7.2636185,-21.943592,2.198811
7.090124,-20.346992,3.6696181
-5.6211505,-13.992477,0.425519
0.47403407,-13.386417,4.5492783
8.652291,-16.790777,3.1123326
2.5727746,-15.833979,2.982208
-2.1888034,-13.152951,5.045755
5.4048634,-14.27791,4.189596
10.378495,-15.265476,2.5355716
0.52293336,-16.173702,1.3597219
-1.3792951,-10.689047,2.619352
-19.347233,-14.400598,1.9706439
-17.784813,-15.442712,0.0999074
-3.5684474,-11.186103,0.98744345
-11.378641,-12.098358,2.4546647
-4.396928,-10.786095,4.646151
-7.5713882,-11.368655,4.3109612
-3.0204828,-13.279327,2.534617
-15.0017395,-12.866966,0.78367615
0.4181527,-14.7784395,-0.16392976
-6.2831564,-10.193795,3.6969752
-3.818154,-7.6398277,3.089652
-10.20334,-4.8104277,4.6068816
-12.705788,-4.4719405,1.1180861
-8.9117985,-11.228613,-1.699429
-12.037022,-10.915983,-0.99931705
-6.5615325,-12.885107,0.51253915
-11.307578,-7.5890007,-2.653649
