yaw,pitch,roll
-9.543095,-8.284779,-4.9256554
-5.3259263,-8.961568,-7.497097
-5.3926444,-13.122313,-8.551513
-7.074269,-9.446669,-7.91327
-9.676747,-11.022431,-5.7341776
-11.24964,-14.073795,-6.3743854
-9.367005,-13.247774,-4.1828117
-10.130211,-15.143147,-3.7453618
-7.842287,-13.984159,-6.4475737
-7.274255,-14.655685,-2.5305645
-5.760337,-13.655998,-4.5668387
-4.3440113,-12.529684,-4.2992005
-7.2169256,-13.695262,-5.3351555
-6.472309,-13.091099,-4.06721
-6.0758266,-12.228253,-2.8425186
-5.6327515,-10.975089,-6.052051
-4.5341396,-12.696545,-4.2796144
-6.3523273,-14.837273,-2.33676
-8.986336,-12.233837,-2.4139
-6.7194486,-14.021906,-2.9539769
-9.273125,-13.521515,-4.561399
-5.9571433,-16.406338,-6.2435617
-4.4494524,-14.031571,-3.9030738
-8.91638,-14.624906,-2.6366315
-5.85603,-10.832937,-1.9114141
-7.3127737,-11.78528,-0.12804863
-7.243681,-11.942379,0.22573793
-4.8099785,-6.3584065,-0.068621755
-4.2967873,-5.742896,-0.17947352
-4.7149725,-10.017784,-2.1107159
-12.150538,-6.320248,-3.594985
-16.32654,-6.9145126,-3.4117525
-12.736771,-10.41006,-4.2232447
-15.441338,-8.963352,-6.118196
-14.552843,-13.810846,-3.4281847
-12.738037,-14.416246,-5.8914146
