yaw,pitch,roll
-1.9929802,-14.89632,-16.998001
-2.8181567,-16.497597,-17.029991
-4.2260623,-13.619169,-16.503296
-10.165155,-14.817233,-13.512613
-4.758017,-12.521006,-13.773451
-3.683455,-8.968096,-11.419013
-7.816515,-11.447193,-14.25186
-6.7620864,-7.9583383,-11.698286
-5.7535977,-8.963143,-6.149291
-13.679783,2.4983227,0.7939667
-6.7849054,7.471222,2.3080113
-4.2756877,4.7884374,6.5817876
-5.1844816,2.8818831,15.128023
-7.3270397,3.342899,19.505478
-5.8043613,0.43855453,16.914968
5.56076,-7.1749525,13.790066
38.35298,-9.5440235,-2.1157558
36.250233,0.86961454,-6.954924
25.113167,-5.0891676,-10.979063
44.8887,5.3673096,-4.8635206
32.866745,8.121821,-0.16548884
40.66274,4.706107,1.0302594
26.228394,15.354249,12.538809
9.035207,15.489601,12.935144
3.7094522,10.83437,16.11762
-1.4191823,8.462113,9.047707
-6.1854,1.3496094,-0.31344834
3.7003477,-2.8790073,-11.093796
8.530753,-8.742957,-16.687984
4.5737476,-9.711694,-22.552074
4.3398366,-13.424033,-21.269894
-3.2184854,-11.742634,-22.221916
-5.0891786,-8.461056,-21.742447
-18.127531,-11.542472,-14.426357
-22.134533,-12.122606,-9.052255
7.7090683,-4.4154572,-6.1505184
