yaw,pitch,roll
-38.97847,-12.203488,-3.2096663
-36.50836,-11.554007,-2.5082014
-35.02735,-14.660158,-1.4940767
-32.123825,-15.143198,1.1669688
-24.471554,-17.36521,2.7243845
-28.47823,-17.37413,6.4230137
-32.861153,-16.501768,4.7500887
-32.394505,-16.219923,2.1881373
-34.792686,-13.284634,-1.7282343
-30.396267,-12.214775,-4.426184
-28.199776,-10.815171,-6.5975547
-31.95512,-11.538608,-12.133524
-33.711643,-15.6230545,-4.908123
-29.33407,-15.606989,-2.9112365
-30.556585,-15.74999,-2.0256104
-27.866259,-13.68877,-5.5343
-27.944513,-11.680122,-7.901829
-21.968424,-11.940164,-9.375839
-21.022736,-12.821943,-12.242211
-23.977718,-13.944885,-10.20843
-25.260477,-15.899955,-8.602493
-28.939728,-13.309553,-8.293192
-27.99135,-12.311726,-7.1644144
-22.149523,-13.096745,-7.019861
-26.763098,-9.768617,-10.020313
-23.393429,-8.202879,-14.534723
-20.089579,-10.115806,-13.811457
-20.379402,-6.596318,-16.76581
-20.150457,-8.457661,-13.745788
-22.098953,-9.028393,-14.002814
-15.557566,-6.2274075,-13.368216
-10.486724,-6.3066177,-15.273058
-6.1497345,-7.615348,-14.784838
-15.178452,-8.978197,-11.803551
-17.786821,-4.9366407,-11.238789
-13.117678,-4.2099085,-10.8693075
