yaw,pitch,roll
-21.012535,-17.083591,-2.8884668
-18.091766,-17.20113,-3.3997655
-20.068941,-15.740906,-5.4622617
-21.696331,-13.863104,-4.975127
-18.168615,-12.944511,-4.185023
-21.443386,-11.207991,-5.046587
-22.492142,-11.874041,-5.9959025
-16.903128,-13.4175205,-3.1955335
-20.07052,-12.614164,-4.4165893
-19.03862,-11.101775,-3.9600155
-19.046894,-10.01903,-1.6224983
-19.89959,-9.964325,-0.81317997
-20.78469,-11.931136,-4.5357323
-21.62735,-11.974801,-3.4215024
-20.09475,-12.806305,-3.497312
-13.983257,-12.861931,-3.80282
-15.077399,-12.276868,-5.414665
-22.49461,-13.127432,-6.533205
-23.023262,-8.097004,-7.1880217
-22.666073,-11.568174,-8.746551
-18.841467,-9.879503,-7.2591915
-21.49622,-12.149723,-8.48305
-22.041622,-10.577063,-8.8040085
-24.367294,-10.857976,-9.325258
-25.41876,-11.038763,-13.631223
-20.504547,-6.806175,-11.208879
-14.265255,-5.2956667,-11.426328
-21.18457,-6.0497947,-9.120125
-10.042137,-1.6906154,-6.9736896
-13.798689,-4.537429,-11.260698
-17.885284,-2.249105,-11.674158
-13.352169,-3.9717104,-8.734971
-19.209538,-4.389741,-10.707708
-15.345321,-0.35285312,-7.863579
-16.603792,-5.199786,-10.392185
-6.3752227,-3.2092648,-6.729302
