yaw,pitch,roll
2.906333,-7.2093887,-13.606105
4.434293,-4.1452217,-10.058005
6.659624,-2.751125,-13.121136
6.6697283,-1.5515324,-15.814428
8.402325,-0.6943598,-15.694124
4.1115246,-2.5588768,-15.72906
2.7623825,0.99510634,-16.17014
5.67632,-2.435705,-14.799593
5.47586,-2.2143323,-13.780817
6.619651,-1.3850126,-11.206846
5.2912483,-2.01149,-11.176994
9.301096,-1.0125356,-13.082368
9.182764,-0.22018611,-13.09529
9.148073,-0.20035017,-11.752571
5.933318,-1.2258718,-11.848833
4.402446,-2.158608,-11.3609705
5.121605,-0.71956766,-12.594231
4.440839,-0.22959542,-12.789695
7.002615,-1.5015733,-10.159045
7.800235,-2.3772461,-10.794857
9.100211,0.60857177,-14.893026
15.742838,-2.7022305,-9.128862
16.957159,-5.5178065,-11.408612
18.673939,-1.5473204,-12.774611
12.940005,-2.6269777,-10.870281
16.091461,-0.70177984,-11.266632
14.572184,-2.478685,-10.838154
12.6837845,-3.1634738,-9.748157
12.937834,-0.10016906,-13.305614
11.704906,0.44321728,-13.321689
9.095956,-3.2579587,-11.906606
10.727059,-1.9641587,-10.623426
8.947512,-2.869925,-14.009939
8.397553,-3.5597904,-10.94449
7.2206974,-1.1018357,-13.215721
6.5158668,-2.2368917,-12.942662
