yaw,pitch,roll
15.231661,-12.1306,-28.709198
13.902809,-12.849917,-29.044685
15.409785,-12.241306,-30.239388
16.981194,-12.60966,-30.325085
15.29109,-11.510834,-30.54105
14.250128,-11.52368,-32.248604
12.553646,-13.385006,-30.029163
7.5709066,-17.873032,-27.362343
7.968235,-12.177934,-14.572592
7.983738,-6.6454086,-18.124619
5.5959063,-4.145733,-11.769607
12.228512,-0.18323386,-10.507044
8.903633,-0.7382456,-8.1142235
5.4780927,2.1152892,-3.3690069
6.2819886,3.1470475,1.7140381
8.29905,6.5004444,4.077857
4.448097,5.6660385,3.2914124
2.4383302,6.213152,2.769271
0.6338658,7.4626093,6.3395367
0.107693076,7.778912,6.035153
1.9116166,7.779248,10.32342
-0.40081608,6.4868574,9.069161
1.6799729,6.345022,8.393904
2.0485938,4.278013,8.220593
0.50946766,2.0740144,6.5306854
-1.5182878,1.993612,5.3102484
-2.6913445,1.0048876,6.333887
-2.6680112,1.4289751,3.7353668
-1.436318,0.79410833,3.9613018
-1.8725791,-0.15825927,5.618882
0.77806103,1.18572,7.3301115
-0.8071711,1.5020765,6.930558
-0.42623174,-0.19642973,6.26264
1.0560468,-1.1329904,6.534375
1.5919118,-1.3676435,7.6535864
-0.8377369,-7.2407064,6.8552265
