yaw,pitch,roll
-13.978987,-28.419926,-13.194372
-13.697719,-15.553677,-17.985037
-7.144975,-13.3760605,-14.945164
-9.354588,-18.349886,-14.023348
-13.46311,-21.994987,-10.619314
-16.841898,-17.175457,-9.63377
-8.082893,-24.784077,-17.956963
-14.504994,-16.07904,-25.815876
-22.310402,-18.61554,-14.061287
-12.906617,-21.862755,-18.25935
-15.534778,-20.01096,-16.471174
-20.07051,-21.987225,-12.361607
-12.599779,-13.676212,-14.117576
-14.287617,-14.573399,-17.20532
-17.830532,-15.323519,-11.128397
-8.38517,-16.886353,-14.95426
-3.6594305,-19.780357,-15.185331
-5.7194147,-19.74078,-15.548765
-8.340938,-22.467602,-16.299507
-7.8991184,-21.765606,-18.712229
-2.1634023,-20.331009,-17.903633
-6.4096203,-20.386736,-18.191828
-7.5122237,-24.331074,-16.301651
-4.6746492,-23.1429,-17.259792
-4.1763535,-23.121193,-18.962122
-8.719024,-21.129593,-18.539497
-9.765003,-22.867302,-17.614616
-6.731262,-21.345583,-19.083008
-4.5320864,-15.194109,-21.146038
-4.698328,-14.827488,-21.231133
-2.9397767,-15.4233265,-23.4029
-4.0629787,-16.45855,-22.866001
-0.16879654,-16.67292,-23.502682
-3.6385903,-13.484764,-22.265652
-4.9467816,-14.148462,-19.646105
-0.14007151,-14.892818,-22.267044
