yaw,pitch,roll
5.9095078,0.53424066,-9.561294
6.9479527,2.0545945,-11.056136
5.3855047,-0.21458763,-13.155693
5.437991,-0.3839522,-14.245094
5.7575874,-0.9050819,-13.519079
7.2796087,-2.2792227,-13.337511
6.474624,-6.117193,-15.468016
5.5896263,-1.9141251,-16.779474
5.293813,-5.1446595,-14.976802
5.9391823,-2.1201787,-19.861393
0.75347114,-10.428343,-26.52703
-12.443895,-20.334913,-22.705654
-11.363071,-15.464768,-23.62526
-9.5780735,-16.016342,-22.566853
-17.294388,-5.145217,-22.402143
-18.278711,-3.7477865,-19.110828
-25.965717,-9.185399,-16.61077
-43.489967,-11.6569805,-10.323492
-40.106403,-13.3920145,-14.761662
-40.818058,-7.502877,-17.769814
-37.527412,-12.637848,-12.905138
-24.829655,-16.760347,-13.9248295
-5.6108456,-16.952446,-20.914452
-2.0571136,-11.990362,-15.806163
1.0479604,-3.550138,-9.202298
-3.3071194,-5.1285257,-5.2828584
-5.1309137,-5.360571,-0.1362592
-9.178654,-2.3352866,3.6083653
-11.058182,-2.9003632,10.4427805
-9.834888,-1.3705835,12.228659
-10.668531,0.16056347,11.579285
-11.714147,0.600533,12.018951
-10.573804,-0.53370684,9.762219
-7.9710817,-1.0728967,11.486015
-9.319159,-0.7287212,11.342125
-6.6613145,-0.16381562,10.1190815
