yaw,pitch,roll
4.270669,-5.466891,-12.804079
2.3417048,-6.8198147,-13.79894
2.5896368,-8.572883,-12.1602745
2.832105,-7.624172,-13.902661
4.041118,-4.482752,-13.488336
2.1076913,-6.422364,-12.026282
-1.0566535,-3.998952,-13.568182
-3.465967,-8.462329,-11.967157
-1.6387618,-9.1399975,-12.691546
1.3863907,-10.535265,-12.0926
-2.5422103,-6.3206043,-12.569957
-5.7738934,-5.5100203,-11.050754
-6.4337926,-7.8072,-11.046707
0.56985784,-9.991802,-4.763571
-0.82639956,-8.994947,-6.620708
0.9921042,-5.833097,-5.103152
3.4348583,-4.541233,-11.548101
3.285575,-4.159809,-13.183382
3.3874145,-3.1280103,-9.427011
7.636758,-3.6330988,-7.7763457
6.3620987,-4.308117,-9.210184
7.550241,-5.991831,-5.6396875
7.5029926,-5.6780057,-4.5943785
6.5360403,-7.3607373,-4.704605
3.302866,-2.8057704,-1.6244018
6.2306156,-4.0736356,3.1118793
4.2599735,-5.719983,1.4472598
4.2484775,0.76058006,0.19617131
5.566373,-3.3487434,0.7053374
4.039554,-3.044088,1.486453
5.302568,-1.0751958,-0.66788715
7.6186705,-0.6032715,4.168513
5.593239,-1.3235605,6.012657
5.027076,-2.8900516,7.1807165
3.8447275,-2.4465802,4.399741
3.3411512,-1.6212872,5.697568
