yaw,pitch,roll
23.602377,6.218818,-3.3493533
18.15037,3.5172448,-0.252667
9.874343,0.8375565,5.2845616
12.200025,-0.87645996,3.4501472
10.235769,-0.90051436,1.5266211
10.302887,-11.387105,10.753423
14.389991,-12.930338,5.335642
16.964405,-19.02698,0.47024322
25.4301,-18.717224,-0.15928602
24.609303,-21.459703,10.433407
32.28699,-20.631718,9.743797
31.804892,-24.310299,11.823961
19.541718,-20.86392,4.946172
1.8910414,-20.37422,2.5478477
-1.7332234,-23.242577,9.093339
0.5422201,-23.810677,12.111429
17.361664,-22.194723,5.2048187
9.548655,-17.507828,-2.2486522
18.855473,-28.384686,-1.8354578
21.440376,-31.256992,4.7399077
27.412151,-25.864708,3.8041677
16.871012,-21.970634,12.742945
-4.130554,-22.937113,3.9829316
-1.4449072,-23.947803,6.7830048
7.317155,-19.517063,3.557437
9.8865795,-9.686135,-0.594952
3.1511679,-10.345663,-6.5029016
7.865288,-15.168785,-2.6128175
4.622602,-20.37654,0.72737896
-0.037845135,-16.43977,-5.5191774
-7.830082,-17.271784,-5.5486503
-3.8280616,-16.795065,-7.6134186
-2.9699342,-18.756283,-6.695307
-6.2668715,-19.005499,-6.324815
-6.075248,-18.785706,-1.3637774
-5.1351895,-15.563181,-4.6569777
