yaw,pitch,roll
6.9831243,-8.309812,-5.537053
11.828993,-6.9203544,-4.0624313
11.619876,-9.631704,-4.530281
12.269888,-7.9583807,-4.266618
7.855598,-6.2824993,-8.664945
7.479085,-8.670022,-8.446188
3.8000028,-9.649818,-8.755701
11.515226,-7.0631027,-4.999884
8.027588,-9.67807,-9.810034
8.513429,-5.045002,-4.2699184
7.5573425,-2.7950237,-6.117699
19.405394,2.97015,7.648576
5.0441246,-8.317047,-6.015061
-5.250252,-8.963476,-6.5666018
7.354804,-5.6319585,-8.648243
6.1347885,-4.6036363,-8.953947
11.60282,-4.15394,-1.1393919
9.345118,-9.054314,-6.103925
2.9742787,-6.9940863,-8.954727
2.101445,-9.963127,-4.581257
-1.2394407,-9.719249,-6.186614
-10.852375,-9.415818,0.5447564
-17.35553,-5.0280967,1.8800468
-18.806553,0.32201993,1.4045769
-12.540096,-3.1641622,4.653488
-10.584463,-2.6163673,7.5940647
-6.5600166,2.4346123,9.696132
-1.0032451,3.5062826,10.221748
4.2205944,3.8029675,15.655098
2.5862482,2.3679051,17.053085
3.619425,4.088013,14.842392
-0.93436205,0.7753104,12.824235
2.469366,1.0675237,12.753394
2.2392738,1.8436744,14.961336
-1.3057523,1.7706301,15.88435
3.9517024,0.5190656,12.588159
