yaw,pitch,roll
7.282066,-7.4597797,-12.415629
9.998104,-7.024938,-10.070949
9.087309,-7.355953,-5.9291677
10.4447975,-5.1431017,-7.936349
9.948406,-4.72612,-10.259843
10.841404,-7.473569,-12.174181
11.255193,-7.970102,-14.379772
6.234341,-11.348129,-20.928123
-5.3961186,-12.751181,-19.062252
-1.5978265,-11.289965,-26.28561
-7.437602,-10.6839695,-27.43909
-14.505021,-17.250359,-26.030727
-11.511391,-16.162605,-23.112762
-1.403862,-7.263271,-27.247826
1.721643,-16.299246,-18.86843
-2.3912354,-12.39097,-20.540707
-11.72195,-10.365885,-14.199028
-3.1397219,-12.205915,-17.969604
-13.493361,-9.977094,-12.411747
-28.647194,-12.531725,-10.752706
-20.17106,-10.976283,-18.354134
-11.864872,-10.921088,-19.654694
-34.865635,-17.39055,-22.941689
-10.709854,-14.885626,-25.345068
-22.356255,-17.052317,-15.949871
-31.163048,-10.745313,-9.06636
-25.0149,-15.978981,-19.042301
-12.166552,-14.197548,-22.76119
-19.754639,-15.781551,-17.759172
-16.565756,-13.3758335,-9.669662
-30.431381,-12.877237,-7.9528766
-25.428679,-13.180597,-12.704399
-38.538788,-19.110466,-14.223787
-10.869068,-26.115229,-21.090288
-18.302608,-31.134884,-21.689222
-25.936321,-21.642359,-20.236004
-38.627045,-20.346941,-14.637344
-36.17279,-21.025436,-13.595896
-23.53259,-14.744818,-14.955618
-44.918983,-16.166258,-10.67868
-44.400673,-12.067103,-11.393911
-48.0497,-13.555768,-12.843111
-31.41648,-17.11394,-16.648064
-36.66166,-17.914337,-15.796696
-29.071983,-16.696957,-14.703319
-37.59147,-16.463144,-17.402529
-30.175465,-14.029835,-17.731392
-35.42486,-16.309704,-13.446958
-38.703083,-15.59037,-11.6649475
-33.133125,-21.503845,-15.683212
-22.12702,-20.288633,-20.47421
-31.5125,-21.004261,-16.596573
-20.325455,-19.694572,-19.837921
-21.26442,-21.839188,-16.412857
-12.972698,-22.511314,-17.768066
-10.9640045,-22.420843,-20.428707
-7.2010655,-22.695957,-20.348658
-6.957346,-23.334957,-18.549335
-11.833018,-22.947367,-17.157618
0.73929197,-17.72593,-18.486246
-0.21088898,-20.619738,-16.947512
-4.880019,-15.75156,-16.820217
-12.273851,-18.33498,-12.87271
-8.474171,-12.872525,-12.6117115
-6.2366886,-16.568209,-12.0970745
-8.109067,-15.949468,-10.118667
-11.257201,-14.232089,-8.533701
-9.320803,-15.532672,-6.2760353
-10.569727,-10.705975,-8.07872
-8.540266,-5.099881,-12.76605
-12.569641,-7.0879545,-9.554602
-11.914518,-7.624589,-10.162855
-13.528452,-11.910973,-11.340986
-13.338871,-8.622341,-9.471194
-14.805498,-7.7889853,-3.5091674
-15.64702,-1.3278941,-3.6396265
-15.312193,-2.0596032,-4.641484
-13.156434,-4.4649124,-0.96664643
-11.254196,-5.070681,-2.2052536
-4.9895005,1.6743014,-5.257764
4.436908,2.604577,-0.7115828
5.6601725,-0.14902902,-0.32346153
9.614815,-1.8008368,0.6278088
12.509042,-7.3025675,-2.934576
14.546265,-4.1989594,-1.2503629
13.199541,-5.961005,0.08848333
12.09418,-5.3332977,0.9984176
9.362635,-10.059808,-4.301952
11.137785,-6.004675,-2.4335208
8.053884,-16.34619,-1.4959235
