yaw,pitch,roll
8.541495,-7.678515,-16.57586
9.057017,-9.085624,-16.397247
8.236754,-9.0825615,-16.793167
5.3204985,-9.880577,-15.734442
6.958368,-9.810238,-13.674427
7.471569,-8.207672,-15.077526
7.96064,-9.117368,-14.236512
7.885181,-8.422545,-14.922506
7.8246775,-7.9628973,-14.298121
9.066151,-9.733231,-15.837593
8.258253,-8.988735,-13.93717
8.140375,-7.9400854,-14.143646
6.9503427,-8.578714,-15.755711
6.006325,-7.930991,-13.530281
7.0349474,-8.736167,-13.333967
5.933652,-8.12305,-14.150679
8.716952,-8.435388,-13.017366
8.179446,-7.772583,-13.399179
9.172514,-7.0692472,-12.614761
10.098005,-7.1162634,-14.184986
10.203733,-8.229111,-13.741739
9.093495,-10.427578,-14.668503
8.0625515,-9.80047,-15.144648
9.256952,-9.415772,-16.419922
9.158053,-4.171301,-15.192403
11.728874,-4.700801,-15.571831
11.199743,-2.101953,-13.865576
4.466936,-7.1743183,-17.304485
8.21756,-4.1784782,-14.691821
8.055434,-4.0454664,-14.615435
4.994173,-6.802867,-13.399325
0.46468043,-5.9584856,-11.755468
0.7780132,-10.95392,-12.235744
2.1676397,-3.5687273,-11.635536
-7.7004895,-6.1998086,-12.303976
-13.238004,-8.589598,-11.802248
