yaw,pitch,roll
2.8975472,-7.400448,13.195269
3.173471,-9.20186,11.635582
1.647392,-9.366475,12.237113
2.0642433,-9.277987,12.222221
3.7404585,-9.230088,12.273981
2.6805396,-10.651093,13.512372
1.34228,-10.223471,12.123867
4.7346168,-10.517723,11.435687
7.2984934,-7.873006,10.992569
4.1423826,-9.411125,10.26292
3.5847154,-9.173776,10.529844
4.5863504,-9.032597,11.561699
1.5241041,-9.930996,12.207449
-0.8995265,-7.6319222,8.295305
-2.6971664,-5.3023887,6.119524
-0.20156217,-5.690873,6.2584677
-2.9027276,-8.192569,2.4117243
0.32693893,-7.914087,-0.01049459
2.7455597,-13.87731,-2.7681189
5.9915795,-10.162217,-5.2838793
6.2472734,-10.50853,-4.537927
9.507639,-7.5521994,-5.0937033
13.171139,-5.815254,-1.7817189
13.292527,-1.6247952,5.3407483
15.755827,-3.495772,4.627605
21.592175,-9.022847,5.84221
25.384838,-8.301814,10.606414
33.43315,-3.2613814,15.398173
33.0417,-3.069591,18.462591
33.762978,-0.8175757,17.389317
30.32181,0.018975139,16.680344
29.324993,1.0923564,16.202866
30.731573,5.658044,16.47974
30.518604,5.2561936,19.02721
30.562754,3.3365138,17.593622
32.708748,3.5280523,16.86794
