yaw,pitch,roll
-12.210994,-2.182944,-5.508943
-12.459717,-3.6856966,-6.8956785
-12.35499,-5.4009943,-7.982348
-11.375104,-2.61456,-6.4661884
-14.034402,-5.4824877,-5.311966
-11.796032,-4.423503,-9.619947
-13.124172,-3.8033779,-10.065392
-14.250395,-5.402335,-6.2043524
-14.006415,-3.0369034,-5.7864733
-13.610829,-7.0737066,-2.4334645
-13.804253,-4.6566186,-1.7309364
-16.160841,-6.1347795,2.3128338
-15.15105,-4.6584144,1.9938102
-7.017085,-0.09615676,-2.2206507
-7.593361,-3.5308867,-1.9410859
-0.12695229,-2.5761406,-1.5437764
-9.729655,-5.2476654,-1.3703569
-4.5394344,-3.865029,3.3107514
-3.7166834,-2.9637794,3.2045105
5.392824,-2.7934496,-1.3817972
-4.092293,-4.5619965,-1.3168051
8.748055,-2.2005877,-4.8434763
1.1901729,-1.9407952,-1.3904688
-2.372817,-5.67618,-1.5938939
0.29611635,-2.2304997,-7.2655764
-5.9921,3.7976007,-10.183289
-0.34078884,0.6321641,-9.649257
3.5045033,-3.19665,-4.095644
6.7783012,-2.7494287,-6.2080765
-3.1862447,-2.428343,-12.170955
8.259448,-2.608715,-9.471838
3.9735289,-4.2496433,-15.830582
-0.2540319,-2.7282135,-10.296093
-1.0524018,-3.3102663,-13.4488945
1.2719843,-1.5533085,-9.667197
-2.1246405,-4.4651866,-13.581202
