yaw,pitch,roll
-2.2083964,-9.441796,5.352768
-1.8382696,-9.410442,6.01779
0.5913663,-9.368951,4.8846316
0.20985126,-10.35924,5.915409
2.03861,-10.327492,5.667302
1.5149205,-9.741812,6.515621
0.41364062,-8.649859,6.3501844
-3.1460192,-9.01535,6.528778
-3.4321895,-9.273813,4.571615
-5.3386908,-11.788708,4.384303
-4.0599976,-11.3877735,2.7379603
-4.629073,-11.183493,4.322544
-4.4603825,-10.571405,2.0391347
-3.1696825,-9.515469,1.3573081
-3.143335,-9.988662,2.9324696
-0.66405606,-9.6901245,3.7612143
0.68367237,-10.453041,2.9680543
-1.386184,-10.539841,5.060034
0.119809866,-9.988928,5.8683686
0.06480241,-10.149119,6.816806
0.97686446,-9.781605,7.2742777
4.060256,-8.285444,7.4739566
0.44217092,-7.9957075,7.456724
0.37743714,-8.731313,7.8392286
1.4226934,-8.827828,9.214625
-4.32112,-11.648238,6.745617
-0.5925219,-10.286917,8.432965
1.0012399,-11.679918,8.384411
-1.722851,-11.77765,7.673546
-1.9591928,-13.943003,8.913668
-2.4971282,-9.945893,8.671722
0.059848666,-8.638798,6.397052
0.8341899,-8.139511,8.137898
-4.38313,-10.984461,7.053566
-6.5042057,-13.460787,6.4391985
-6.63528,-13.072231,7.165404
