yaw,pitch,roll
-4.6722436,5.0289645,12.000533
4.660811,-4.5927935,14.0317
2.251556,-4.976528,18.732294
1.6358476,-3.7157955,16.55538
-0.15272105,-6.520714,17.586
1.7160803,-6.7540016,13.847046
5.55584,-8.117365,13.096917
1.3531598,-8.460152,12.869406
3.286562,-5.3215737,13.946914
0.097063035,-10.197388,12.452236
-0.32633662,-10.645719,13.454932
-2.2575662,-11.112505,12.331739
-0.010600328,-10.500597,11.857362
-2.446195,-11.189342,13.03628
0.51537013,-11.480108,13.156974
0.8467009,-12.674828,12.910107
2.3374977,-10.929525,13.553186
2.535234,-11.572241,12.832007
-0.36285484,-12.10257,12.753582
-2.9655404,-9.749016,14.597036
-5.0055223,-10.750151,13.352478
-2.6558127,-11.143838,13.171177
-4.843535,-9.9939785,13.725431
-1.5998404,-11.038326,13.014203
-3.7913516,-11.854969,12.468803
-1.5844682,-11.630622,12.350252
-1.9070522,-9.8574,12.504414
-1.1022713,-11.414753,11.827434
-2.1741624,-8.458307,12.803683
-1.7360642,-11.287693,12.661595
-1.7594506,-11.271897,11.952488
-2.5725374,-10.524016,12.781395
-2.857969,-11.481512,13.049629
-0.82546425,-10.554871,12.994648
-2.2582111,-9.869484,12.289843
-3.8489504,-10.056296,13.266329
