yaw,pitch,roll
-1.7404139,-7.920794,-13.739893
-5.870047,-8.187817,-13.833692
-1.6795645,-7.520733,-12.88735
-10.682093,-7.542335,-13.020006
-6.770154,-6.748313,-14.530145
-13.169998,-6.68192,-16.807575
-22.918873,-12.065924,-10.880438
-25.194527,-11.257268,-8.750023
-14.933453,-7.9073067,-11.409702
-12.798927,-10.421824,-10.011268
-7.4025316,-5.7206116,-1.1825373
-8.676811,-9.69813,-2.613772
-2.8356614,-10.468801,-3.3160558
-0.14244652,-7.184991,-3.3990946
-11.379108,-7.1363935,-3.616161
-9.960246,-8.275421,0.9959069
-10.696483,-9.182802,-2.1422582
4.0130444,-3.7525353,-5.8955812
10.208383,-2.1001477,-6.5752783
9.651545,-0.71592313,-6.356594
8.228073,-3.2502098,-8.447231
8.090178,-2.7445617,-7.937135
8.489605,-1.9022565,-5.4583373
9.398857,-1.5961568,-5.1541176
8.82321,2.2345636,-2.3185856
5.495635,0.009432197,-1.3315092
8.327286,-1.1063871,-0.6970795
9.058266,-0.6427746,1.0317657
3.910527,-0.4112662,1.6871765
-2.2892795,-2.3813682,0.12146652
-5.339928,-2.837268,3.1425269
-9.9874735,-1.1411788,7.995273
-6.3065205,-1.3882117,11.417673
-5.0543075,-7.0854874,11.58736
-7.450306,-8.538276,9.59322
-5.6436553,-11.494078,11.527121
