yaw,pitch,roll
5.7451925,3.295992,8.216328
1.4293072,2.6386857,8.142742
2.6755543,1.7513018,8.138052
1.1866624,0.39000404,9.091371
4.4202223,1.4401708,8.989389
7.5379524,-0.5529376,8.974875
6.5513496,-15.88435,1.7061353
8.029493,-13.42749,8.559551
-2.4574764,-14.802162,5.782539
0.12787127,-14.530698,7.0556707
-6.256693,-22.2113,8.684156
-0.040218353,-14.5416,6.467366
5.2696986,-13.302624,5.587719
5.736697,-10.824587,6.259882
7.417292,-10.449049,3.9040053
-0.52218103,-14.648442,4.9017086
-7.968325,-12.716341,5.894587
-7.0255265,-15.905775,7.535738
4.5863543,-10.1184025,6.742021
6.7657437,-5.58172,5.386514
11.68582,-5.8176637,4.6349483
4.885775,-9.668748,1.3348078
6.564647,-10.254869,6.374079
11.0103445,-9.894777,5.8452425
19.75962,-7.27811,2.4977381
17.383734,-6.57188,1.2871127
10.619758,-5.031768,2.6961427
15.700186,-3.5683973,3.972771
11.296085,-2.358076,5.8096232
13.33296,-4.127567,3.7622454
11.123068,-13.521328,2.889839
12.239037,-8.065928,1.8933377
16.828335,-6.1699142,2.5184102
10.013663,-5.1902676,3.325559
18.86253,-5.971802,3.588226
13.865383,-4.231902,5.7317915
