yaw,pitch,roll
4.0721827,-6.8860297,-1.1201029
5.058546,-6.323023,-0.05106786
4.5655746,-6.097592,-0.9758017
5.6321673,-6.872055,-0.05589503
3.7916589,-7.3469887,0.6733678
3.8371334,-6.785513,0.98650086
4.5194664,-5.791642,-1.364768
5.0386715,-8.312475,1.2120177
4.9105015,-6.5555644,-1.5669851
5.5479636,-6.9595213,1.6447885
4.7932653,-6.902007,-1.0756178
4.968017,-5.520404,-0.070679545
4.931503,-5.6540165,0.115695715
5.7445545,-7.7067833,-0.7755263
4.5229673,-6.0827293,0.7303662
5.142448,-6.3895893,0.96777105
5.105887,-6.2785344,1.7110616
5.3412304,-6.363037,1.9072245
9.538883,-5.3075895,1.9931854
9.24114,-4.1351204,0.9584117
9.806032,-4.6163597,0.911711
9.447792,-3.377511,0.43605003
9.794117,-4.896423,-1.7175096
10.3220215,-4.3615003,-2.2808564
9.52026,-5.5848927,-1.5190423
7.7800293,-4.7538195,-1.9593701
9.1611,-4.2666163,0.31596628
9.015283,-3.4218712,4.4317355
3.4873788,-1.8212218,2.148303
4.027585,-1.2815025,2.3036737
6.89935,-0.6548158,-0.3848015
9.849983,0.49329028,-2.236978
7.05456,-1.1975106,-3.128091
9.798239,-0.7243554,-2.113139
9.205507,-0.6817886,-2.0600073
4.5637903,-2.3683915,-3.393894
