yaw,pitch,roll
-3.6825633,-14.722294,-8.889282
-2.6923287,-15.392666,-6.408084
-3.6569219,-13.407843,-7.4795065
-4.503333,-14.317954,-6.5550323
-2.529274,-13.810743,-6.745874
-3.4249802,-12.927976,-7.15092
-2.789513,-12.0915985,-6.673998
-1.905843,-12.388568,-6.7237344
-7.9720716,-12.545498,-5.944523
-2.7363126,-11.6844845,-7.195636
-5.9128723,-12.289848,-7.556053
-5.1834116,-13.503206,-7.1584706
-3.6157272,-12.187283,-6.4771996
-5.4921412,-10.416719,-5.7167563
-0.6794946,-10.30584,-7.629732
-2.936302,-8.924395,-7.829012
-3.214308,-8.95145,-7.9301343
-3.842319,-10.668287,-8.28162
-1.4601953,-9.724968,-7.4223204
-2.5375788,-8.91844,-8.186213
-6.9963617,-9.904215,-6.9153185
-1.566024,-8.55196,-6.910898
-3.5788057,-8.273986,-8.604069
-6.94791,-8.763194,-7.5355177
-6.618867,-8.979296,-7.7668533
-6.792762,-9.14273,-7.306904
-8.557758,-8.86829,-7.618553
-7.4117165,-9.038391,-7.8020077
-9.108502,-9.535734,-8.195113
-8.205825,-8.020202,-8.182224
-5.0193915,-7.639594,-9.033524
-6.81583,-8.675206,-8.942572
-4.7188993,-8.438548,-8.488489
-7.358512,-10.963047,-8.066226
-5.3390446,-12.179544,-8.306485
-5.2749014,-12.806225,-7.6017356
