yaw,pitch,roll
12.076617,2.5891228,7.1450605
10.180356,-0.2057473,5.048642
9.574434,-4.015486,4.206784
1.7903962,-3.9505205,4.682144
14.480506,-3.0295672,-0.99373037
17.320118,-5.8313627,2.5763345
14.6464405,-5.520363,-1.9037226
16.046793,-6.4889355,-6.779623
14.724573,-9.452173,-16.367945
14.376129,-13.588181,-15.6589775
12.425661,-9.741072,-13.045721
11.044013,-15.9924755,-14.149833
7.254675,-14.6264,-14.814291
6.7623606,-18.162031,-15.803762
2.0249853,-15.663216,-11.19188
-3.063796,-15.792609,-9.466003
1.6439878,-19.143696,-8.516265
-3.994904,-17.795715,-8.260635
-9.621597,-20.49389,-5.568438
-2.4371867,-18.24613,-8.137254
-6.7174387,-20.077648,-7.300519
-4.47899,-23.730343,-6.3589106
-5.4866457,-23.369648,-8.148167
-5.6834536,-26.159557,-8.027565
-7.575571,-22.51284,-5.585511
-9.547405,-21.945534,-5.8398314
-12.94672,-23.960915,-4.705764
-0.7592244,-18.673996,-9.056154
-7.81348,-24.624878,-6.4430094
-5.4427524,-16.923752,-10.6859455
-2.649545,-19.000511,-11.505686
-5.588311,-22.45578,-9.496137
-4.467711,-22.228851,-10.464022
0.57920694,-22.88343,-12.44237
-2.5243177,-16.496029,-11.557406
-7.8632393,-17.663967,-11.20465
