yaw,pitch,roll
-22.48333,-2.2830777,-5.396736
-20.334518,-2.1887605,-2.9352937
-20.164654,-2.518846,-3.716457
-19.581085,-0.94595796,-4.416297
-18.954481,-1.200728,-5.0833006
-20.004526,-2.6992152,-7.2384596
-17.748709,-5.1807866,-4.4433594
-20.925419,-4.2922163,-5.9994087
-14.414698,-4.5674067,-5.0604854
-15.204953,-8.339411,-3.8116388
-10.979776,-8.588086,-4.6759644
-8.899282,-8.01924,-5.391063
-13.294197,-10.1093235,-3.6356664
-10.313448,-11.893377,-9.044579
-12.736984,-11.423562,-6.0143747
-18.548374,-15.243349,-13.429873
-15.263337,0.9042477,-7.6236506
-8.054495,-9.955661,-0.5060377
-7.5001698,-8.80155,-0.7716942
-12.465498,-13.334469,-2.0754747
-5.9790955,-12.585731,-3.2547207
0.21668577,-10.453762,-2.8753908
0.94151783,-11.705484,-4.1437745
-0.15245199,-12.716054,-6.690098
-7.6293797,-9.71824,-9.006866
-16.86686,-17.151451,-6.722668
-7.083635,-13.288203,-6.3462
-6.046904,-15.0565,-5.396222
-16.346401,-9.358687,-5.4554367
-10.67145,-9.892426,-6.2654123
-16.51017,-7.4831085,-7.277368
-21.468445,-6.4749937,-3.7574296
-20.427277,-5.652216,-1.5768055
-18.373928,-4.811368,-1.7549363
-21.788742,-5.4237823,-0.79934406
-24.996986,-6.6972284,-0.37843937
-22.019508,-6.7720623,-0.78353953
-13.091573,-9.560826,-3.219469
-15.440296,-9.092863,-2.0728958
-20.949219,-12.574015,0.5994297
-18.06466,-9.535641,0.11230242
-21.689863,-9.930169,2.5857542
-20.885702,-8.368061,2.7586493
-19.670006,-7.517971,2.8041093
-21.227394,-7.881593,0.536553
-19.997398,-6.1566997,3.690882
-24.82777,-8.178616,3.2400832
-21.192574,-8.027181,4.3097076
-22.86296,-8.182325,3.3236008
-24.141003,-7.9344826,0.77645373
-19.620281,-7.057645,2.03957
-16.0354,-8.390231,-0.07485473
-15.209652,-9.184271,0.6762066
-14.622272,-7.597791,0.27002555
-17.20742,-9.126408,-1.0357974
-17.285686,-8.848494,-2.0461628
-13.120585,-9.515098,-2.17339
-12.54624,-11.352412,-2.3997512
-15.234365,-9.339117,-3.4441476
-15.143696,-9.38829,-3.6474988
-15.089131,-9.699747,-4.3753667
-10.90257,-9.140815,-1.8559395
-13.217543,-9.231683,-0.4619428
-17.546286,-9.031315,-0.81233126
-14.171814,-7.472432,-3.3049014
-12.508644,-7.3270617,-3.3412168
-14.47394,-8.4035225,-2.902744
-17.010036,-9.875062,-3.4595068
-15.584602,-8.321712,-3.0244052
-14.421177,-8.230169,-4.161107
-13.04319,-8.252924,-3.8326588
-11.841573,-8.403007,-5.1449537
-10.722644,-8.482196,-6.685161
-12.912378,-8.565621,-6.1607323
-11.42045,-8.731878,-8.215143
-9.556444,-10.463316,-5.671946
-13.975763,-8.603884,-2.9325466
-16.747044,-8.616594,-4.6563253
-16.656288,-7.7499247,-4.7780523
-12.616483,-7.358051,-4.3743916
-13.60024,-9.486128,-2.9417388
-16.062479,-9.116815,-2.8420084
-14.415919,-9.562904,-4.415844
-14.98601,-8.765598,-6.29656
-15.398756,-9.676504,-5.2924294
-16.459839,-8.572755,-3.8121576
-10.670828,-8.661792,-7.2819233
-14.578916,-9.3909025,-4.9557834
-15.396231,-9.55441,-5.849251
-12.056566,-8.7403145,-5.0106745
