yaw,pitch,roll
12.231659,-1.541286,-1.4562178
11.835587,-2.801868,-2.5628917
9.116925,0.008397713,0.33418912
10.757923,0.5560889,1.6755482
10.5409565,-1.4341257,0.50995433
11.607048,0.5040121,5.3464723
14.625158,-3.5039935,6.0627112
11.812631,-1.7523999,4.5559616
6.2436514,-0.7946853,5.2250047
8.212314,-0.24243659,4.6060276
10.863653,-3.796577,5.389247
8.530653,-2.9720836,7.163848
5.032983,-5.317218,5.198571
3.1658058,0.2312364,7.712772
-0.92449296,0.31829607,11.40712
-7.0195594,-0.3594873,7.3171024
-4.4652996,-2.433344,6.57329
-3.0356462,-2.6267471,7.3333483
-1.1634951,-9.31962,8.307483
-0.34685397,-5.6020765,7.3705564
2.8894486,-11.522964,9.506293
3.298152,-8.550047,5.3784924
3.3415122,-10.911833,5.085562
-3.3741066,-12.39591,9.761692
-3.858901,-9.704016,8.973848
-3.281793,-10.870258,7.984433
-0.1692133,-12.727654,4.4075065
-3.7147658,-8.555786,5.551791
-0.92789125,-5.0054345,6.8095512
7.945952,-3.793501,9.932771
9.070264,-5.6202297,11.0945835
12.1025505,-6.3255315,9.203401
20.386042,-1.7473379,12.774498
39.144173,-1.4592224,11.358851
34.1443,1.2569338,5.2229443
45.61483,-2.2031596,11.775018
