yaw,pitch,roll
-23.340145,-7.0505447,3.3879132
-13.840784,-9.721022,2.3382597
-20.009604,-6.35254,0.62656003
-15.611269,-9.15829,2.4894438
-19.479858,-9.188061,0.882216
-19.44083,-10.393189,1.6904917
-15.862154,-14.095621,5.874488
-16.741413,-10.58267,2.837904
-19.123621,-10.47931,5.025637
-19.994404,-10.639858,5.7180767
-17.018154,-12.187927,5.6964884
-16.952036,-9.437625,4.641647
-19.58686,-12.555444,3.2837718
-17.95746,-10.323577,3.6611862
-20.0524,-11.055277,2.9299104
-19.744408,-10.481859,3.6103377
-16.783062,-12.533222,3.4596725
-19.995647,-10.461796,3.4876597
-19.74247,-11.640756,5.24837
-14.637087,-11.475992,3.556654
-14.112873,-11.81189,4.4235606
-18.061136,-13.933291,4.120465
-21.70512,-11.686893,4.212699
-16.447165,-16.30071,3.3493261
-15.643213,-11.499345,3.92207
-15.5931015,-13.104656,3.3233137
-14.123914,-14.129328,3.8700562
-20.026402,-15.491211,5.6223817
-18.140358,-12.344563,3.5454326
-18.529404,-12.8398075,4.1302605
-18.772104,-12.94467,4.7504754
-20.985657,-11.091576,3.4561253
-16.88288,-15.287172,3.949245
-12.909033,-13.844826,3.8215747
-14.302346,-11.751352,2.9070752
-12.3309,-14.927177,6.433222
