yaw,pitch,roll
-20.732403,-17.366955,-2.9494789
-20.80783,-19.641827,5.698179
-24.342422,-19.143929,3.8689697
-27.807613,-14.421011,1.5786228
-28.552517,-15.370811,0.6010566
-29.401287,-15.515989,0.8241768
-29.92756,-13.338767,-2.5888722
-33.597076,-12.1549015,-6.1433115
-25.644505,-12.526858,-2.7365777
-24.502567,-15.646803,3.4672258
-29.581306,-11.943384,0.29856336
-27.75734,-9.094337,-2.364695
-26.50526,-11.241806,-0.48214722
-28.625,-12.310391,-1.0403893
-25.980793,-11.509614,0.7641065
-22.090862,-11.087061,0.22203565
-26.258625,-13.326321,0.5076833
-21.572723,-15.867251,-1.8800806
-21.861284,-11.007316,-3.2900858
-24.06533,-12.448572,-1.4412174
-29.361628,-8.145304,0.12245846
-27.792084,-9.104734,-1.6043665
-24.778648,-7.467121,-5.4741526
-23.994635,-8.797693,-4.8604527
-31.741665,-8.78363,-2.2287712
-23.859558,-6.210989,-5.2922406
-22.014332,-9.680954,-4.5052195
-25.39391,-9.75433,-5.6738667
-21.276928,-7.239827,-6.053723
-21.917849,-8.27293,-5.943901
-22.946106,-8.9370775,-7.063431
-24.504995,-7.765564,-7.4370337
-24.994837,-9.699978,-5.991373
-23.062239,-8.650406,-3.6897297
-27.022594,-10.493399,-2.3211024
-25.548424,-12.39249,-4.097318
