yaw,pitch,roll
4.181809,-8.160182,-12.94288
-1.9700108,-3.8360105,-12.344524
11.588025,-7.494848,-5.8041105
25.65241,-3.7045195,2.3865004
31.919226,-0.36695337,10.679355
7.993513,3.811351,-2.9233203
-2.1198645,4.90099,-17.418976
-11.240954,1.6043781,-13.790746
-2.1830995,3.1005983,-14.086134
-1.9998648,2.8958178,-11.01515
-11.4275465,-1.8309829,-3.1003237
-7.068447,-7.476524,-2.3727102
4.9521832,-3.4653203,8.142204
2.6925073,-5.1945558,7.574879
8.018759,-3.1702292,6.194606
6.360101,-3.736767,6.0122986
-1.6459117,-0.6480267,-1.6303453
-7.5625153,-4.434758,-3.9460793
-8.1835375,-5.537732,-5.661409
-4.2730265,-2.6877742,3.2705212
-0.57010746,3.273112,3.7767735
1.8460059,4.071503,7.3708773
8.286963,-0.9604907,7.1413965
6.7650747,0.9231311,9.223904
4.458974,0.44007906,7.5966134
4.6348696,1.6899363,8.505101
5.0695076,0.6938016,5.9609537
8.620908,2.2135243,10.821715
13.499924,-2.278699,4.5428395
-5.9896746,-6.0971947,5.845433
-3.1547072,-4.984388,1.4511522
-5.79407,-7.518976,1.6398768
-0.6822735,-8.560375,-1.3826056
1.5618744,-6.9994965,-2.0557008
4.854526,-6.1904235,0.6563051
4.676414,-5.7910204,-1.7028334
