yaw,pitch,roll
-4.07862,1.8343797,9.610388
-2.953362,3.2025425,9.363861
-6.917212,-1.8679104,8.0868635
-2.7624755,4.1256185,9.238084
-2.1702807,6.405592,7.362839
1.8879174,4.299472,4.5473757
6.2935796,1.2236826,3.5783837
7.531431,-1.4735212,-4.309186
4.970351,-1.0495644,-0.92901087
8.029434,0.90245116,-0.68864703
-1.2071605,7.40179,-3.9936748
-4.296183,5.566074,-1.3979746
-0.36338073,5.6829777,1.7811291
-9.342108,5.36422,3.55492
-15.920465,5.0599155,0.7646409
-17.017464,2.1385326,3.3061671
-19.824306,0.5065186,3.9613209
-17.200588,3.9498143,4.906004
-19.655664,3.5923436,4.8308544
-16.80223,4.735206,7.7667227
-19.564117,5.8078413,3.7275574
-14.355764,3.2957995,2.0942128
-11.15037,3.0346537,-0.0985558
-12.532154,4.502369,0.03367746
-7.7753105,1.530966,1.8034307
-0.23722053,3.4628391,-1.2093482
-2.0855634,0.767128,-1.0997517
-0.5749943,0.36258817,-2.005571
-2.08007,-1.714149,-4.61718
7.544526,-4.242513,-4.3508825
9.369402,-6.482154,-4.660758
10.021003,-8.002643,-3.023915
4.200381,-8.88953,-4.1106443
4.8298345,-7.9771557,-3.613254
-8.642319,-7.01222,-3.1708016
-6.5300226,-3.3922353,-1.3531821
-12.204843,-2.8901205,2.4300752
-9.677719,-4.8439183,2.65129
-13.3962755,-5.5138736,2.4842248
-13.523735,-0.4848976,1.8820233
-16.037968,-2.9108634,0.8248847
-5.566345,-8.445305,-0.0048848093
-4.68165,-4.6031184,-1.2520559
-6.0088544,-0.91299295,-1.1696557
-12.545663,0.91121286,0.9601864
-16.515282,0.53387034,0.36417407
-14.555632,-0.9600961,5.732389
-16.831018,-1.85812,1.9993061
-18.567791,-2.5567608,3.2855728
-16.536865,-0.00403893,3.3687296
-17.796753,2.4551911,1.3217204
-21.774845,4.111587,1.0786588
-20.640009,1.0782459,0.9730641
-22.562473,-2.5957534,-1.1176362
-20.13551,2.0403757,3.0376644
-15.433041,8.153254,4.757964
-14.930451,-0.8278377,0.59508026
-9.962873,-3.2003467,1.9907115
-10.204084,-0.5614321,6.9713078
-16.458755,-2.7587895,1.0528536
-16.577168,3.171994,4.3524647
-14.815691,2.6749387,3.189972
-16.137403,2.8631632,0.62699974
-22.023811,2.8902493,-0.20930636
-20.265583,-0.44000846,3.5465026
-18.48765,-2.8591938,-0.16503197
-22.825115,-2.195267,-3.7275925
-21.147156,-1.5392923,-3.619728
-19.934572,1.6618795,-3.1828277
-22.881266,1.2025394,-3.1005673
-29.49191,-1.4892002,-5.24344
-25.370533,5.033441,-8.336407
-30.933725,6.516383,-8.816446
-28.691143,3.1693826,-7.3592896
-30.773693,4.527718,-11.66707
-19.239574,7.3020997,-21.044743
-24.963516,8.061454,-18.467823
-24.30373,4.726204,-19.895073
-31.976357,3.805122,-18.239937
-30.218273,4.4626784,-16.842747
-32.328156,5.0934024,-13.261577
-31.604797,-1.1224654,-13.388266
-36.97157,-1.2547758,-8.964035
-36.719383,-1.637516,-9.244717
-36.00377,0.17218566,-8.059978
-31.037052,7.490905,-4.280865
-23.018425,1.4470078,-1.7237384
-20.3955,0.49195743,-0.88530636
-20.56475,-1.0213158,0.32528448
-16.859776,-0.04654336,-0.6547698
