yaw,pitch,roll
16.004887,2.5393646,0.023581028
17.17954,0.16754103,-0.35830247
15.583367,-0.36438775,-1.5142461
13.959322,1.0317976,0.30772793
16.147484,2.191399,1.4114944
16.137976,3.1594288,1.6926575
15.624676,3.393714,1.4572327
15.604084,3.3548884,2.6324995
14.763071,2.7463331,3.156721
14.534647,1.8015759,1.4250396
12.291524,2.561958,1.2588823
11.226612,4.4502096,1.3195353
9.52119,4.318646,0.6015221
10.034766,5.308005,1.9266411
10.836882,3.1519933,0.3463628
10.365763,4.6340923,1.0738022
12.539092,4.1372585,0.29303443
12.160417,1.6593617,0.9043474
11.114817,2.584327,-0.48677143
10.859979,3.1285641,-3.0682
8.876303,3.5255127,-2.9404383
6.859755,2.269921,-2.0338411
8.231171,4.8441753,-0.48639303
6.954101,-0.7313571,-1.9352283
6.316673,1.7250228,-1.9116882
7.378544,0.03727925,-3.2955132
9.178527,-0.34472704,-5.2127275
4.1537175,-1.443895,-6.203981
4.729063,0.19245577,-5.5268855
3.5065184,0.6155815,-4.765923
5.7952337,0.35628802,-3.674468
5.593091,1.8071268,-3.8662345
6.7491207,3.62849,-4.0652456
2.133611,0.4095981,0.13566145
2.8476963,0.9893427,-2.997496
1.7644892,1.2526885,-6.1563215
