yaw,pitch,roll
-2.9518168,-5.898911,-7.129421
-3.5263493,-5.3720493,-8.252897
-2.2932467,-5.816033,-10.914558
-3.4277477,-8.8101635,-8.075001
-8.007476,-5.3554473,-12.006036
-1.211618,-5.7810073,-9.309656
2.8363724,-5.138929,-8.381109
-2.430747,-6.5003,-10.532655
1.8341584,-4.4994564,-8.975841
1.6123562,-2.1289325,-10.926498
0.73713493,-2.1359487,-8.992299
-1.1591029,-3.470408,-10.406902
-0.81613874,-3.1777902,-11.948253
-2.2859368,-3.687364,-7.7769647
0.4348569,-5.0632534,-5.862507
-3.8798137,-6.959779,-9.6767025
3.596201,-2.645716,-9.945119
2.3215935,-4.976984,-9.328396
-0.022414207,-4.703802,-11.546335
4.3877335,-5.6836033,-5.9128847
-0.477381,-6.1596146,-9.003529
-5.082278,-3.0108976,-9.600863
0.009673595,-2.5706024,-8.3901615
0.028030396,-2.7867293,-11.25985
-0.8601923,-3.4921672,-8.406259
-1.6623336,-1.5482546,-8.145011
-0.23974967,-3.9042082,-6.7593927
1.7137713,-7.85202,-5.1123114
-1.8054242,-5.1728387,-9.55249
-5.6208487,-6.538431,-9.149961
-0.57777405,-6.3602443,-5.9236
3.4616187,-6.6658654,-5.8191395
2.7413461,-6.0351715,-7.07418
1.6254795,-3.3685832,-7.4863462
3.2966285,-6.4498634,-6.559988
1.8542876,-4.1240683,-4.9981747
0.6353121,-3.760926,-5.2760715
1.8478625,-2.210475,-5.8440666
1.7244135,-2.9799857,-5.00735
3.727068,-3.8083389,-5.1750007
4.212849,-3.9996707,-4.5192847
8.642838,1.2993312,-3.1022243
6.397587,-0.3983513,-7.3313723
6.533891,-0.18681592,-5.360928
8.001872,0.20404339,-7.1738515
8.123473,0.6454573,-5.0436854
9.501142,-1.2160258,-3.454936
6.1553335,-0.59658456,-6.0986032
4.712533,-1.2302843,-7.987363
5.641231,-1.2086041,-7.0720654
8.519906,-0.8212904,-6.6364155
7.608627,-0.91885984,-5.892314
5.06277,0.7029201,-7.0928187
5.286709,0.14634371,-5.978446
7.7704544,-1.3863078,-9.101964
5.5463543,-0.5983267,-7.7394295
5.1502113,-1.0499228,-8.499275
7.6730323,-0.89089227,-7.52438
8.128976,-0.21752822,-8.249009
4.469201,-0.064098716,-5.591071
3.7659454,-0.17954421,-9.160822
4.07187,-1.2300295,-8.043748
6.0611887,-0.4051826,-7.213232
5.9155927,-1.4465604,-7.406234
6.7868524,-0.35809612,-9.106114
5.3018565,-0.3614844,-10.281939
5.535438,-1.4034364,-8.168383
3.6102808,-0.978014,-8.936557
5.7949567,-0.65177417,-8.723516
7.420363,-0.43895495,-9.448795
8.796602,0.582247,-8.191654
5.911685,1.5790259,-8.377713
9.765604,1.4063808,-7.460923
8.167053,0.1549604,-5.5267177
5.8413725,1.3369726,-9.640293
3.7080193,-0.5918182,-10.083829
4.4982615,0.45424694,-11.010451
5.2806025,1.7549495,-8.306934
5.822524,-0.09799349,-8.240732
4.5345173,-1.8485126,-11.947884
4.933169,-0.5692744,-10.106572
4.8431892,-0.751587,-8.715419
4.2736406,1.4016154,-9.410758
6.3935375,-0.70015967,-8.337614
4.2065887,-0.094178975,-9.885529
9.749079,1.3009274,-7.430171
8.109749,2.6740046,-7.4929256
6.5157533,-0.6962817,-10.309735
5.691804,-0.60568786,-7.7535114
3.8098488,-0.8780989,-8.811892
