yaw,pitch,roll
-6.419901,-11.716774,7.2026196
-3.394611,-10.86181,6.3936357
-4.176078,-11.454195,6.575108
-4.9021378,-12.876724,6.18368
-3.9842737,-11.153186,6.675563
-7.1919374,-12.877853,5.420656
-3.23648,-14.010986,6.230631
0.110467434,-13.549284,6.1152625
-2.16022,-14.938051,2.0159383
-3.6781933,-13.524004,1.9522321
-4.5485706,-17.935558,3.4366732
-4.0171595,-17.693962,1.0679123
2.0618334,-17.590298,-0.037950456
-1.625757,-23.497272,4.837817
-3.0426855,-20.568619,3.3464105
2.556493,-18.991493,3.0676148
1.1895497,-17.668688,1.2302114
3.3719237,-16.099993,2.0577228
4.151767,-16.279827,1.2745199
2.899375,-17.293386,2.398747
4.5908036,-17.549301,1.4006088
4.3132753,-18.301733,0.053039283
5.623639,-16.99552,-1.9787961
-0.38910556,-15.569092,-1.7132075
-0.50902486,-16.9645,-2.1394506
0.7794879,-16.272987,-5.3919744
-2.2489097,-16.884716,-5.244366
-5.0498543,-15.591379,-5.135602
2.8595839,-16.28432,-7.3200636
-1.2095544,-16.644295,-7.2812586
2.5794735,-16.155766,-5.164912
4.206543,-16.645164,-5.7601376
3.906744,-15.106504,-0.9818044
2.1144047,-17.108381,1.2889966
0.7626829,-16.068897,2.851026
1.8896234,-16.662117,1.1525105
