yaw,pitch,roll
-12.692656,-13.662954,5.854694
-13.878254,-13.674322,2.994667
-14.818703,-14.738407,3.2219186
-15.317915,-13.59429,3.3698215
-10.894436,-13.493713,3.7919269
-15.635056,-12.796232,4.091748
-16.593021,-15.4562645,6.978904
-16.059902,-15.653872,7.506003
-10.367243,-15.721737,4.211907
-7.1641865,-16.437332,5.5827923
-14.09008,-15.70664,2.405387
-5.526986,-14.728477,5.1828747
-4.8178225,-16.111794,7.5512877
-12.810237,-14.244293,4.196498
-16.196224,-17.075212,9.335815
-11.041052,-16.117126,10.661229
-13.272715,-12.604624,9.028027
-15.417704,-15.326469,5.6950583
-11.888645,-13.6975975,5.905228
-9.627462,-14.854969,4.0639277
-8.838882,-15.750738,4.6052322
-8.990177,-15.980552,2.3865507
-5.2298765,-16.425247,3.1816041
-9.788862,-10.408446,-0.4777006
-7.758666,-11.858229,3.4661093
-7.058279,-13.897507,5.229789
-6.038949,-14.3494005,7.765127
-11.35894,-12.381369,4.9495726
-10.247002,-13.828863,8.095763
-14.440652,-12.42728,9.172508
-17.04802,-12.547597,6.978382
-16.736155,-12.122974,7.0110087
-12.712776,-11.650991,4.731241
-12.550193,-11.1665535,6.488807
-13.985856,-14.801091,5.302176
-12.446306,-11.920294,7.9168153
-11.943329,-10.954571,4.7020545
-11.264917,-11.274778,8.287506
-16.267883,-14.614157,5.1119204
-15.1508665,-14.467757,7.1880784
-15.012575,-15.716467,6.7516828
-14.602207,-13.848042,4.043092
-15.227953,-16.22939,7.503376
-15.045886,-12.291496,6.9697714
-12.104724,-12.179501,6.7303305
-13.466478,-17.4922,7.0684443
-15.166985,-13.488333,4.3963647
-14.836176,-13.9363,8.27905
-16.804827,-16.324846,9.317564
-17.379917,-14.802713,7.2947483
-14.400412,-12.45277,6.694096
-13.699421,-13.181621,5.441642
-17.725863,-14.572403,6.8413887
-16.482296,-12.884674,6.625018
-15.158504,-14.054312,6.671256
-13.952158,-13.733482,4.9332433
-14.415291,-14.401917,4.8376975
-18.066912,-15.356714,7.0768685
-18.746403,-14.823368,8.483802
-19.135422,-15.248344,6.9006066
-14.268854,-14.733454,6.3842287
-18.25261,-13.606144,7.647187
-16.576647,-15.927525,7.8503947
-17.045864,-15.56083,7.3069153
-16.580357,-14.267744,6.0754776
-15.790825,-16.782131,7.426725
-10.946064,-11.779622,7.69391
-14.377371,-12.92404,4.0931983
-17.359852,-15.1071415,8.92376
-20.895638,-15.38304,8.700289
-18.783981,-15.386646,9.319399
-19.79683,-14.556001,7.136381
-17.041641,-14.004969,6.774547
-15.101234,-13.413284,5.9059205
-16.155327,-14.130142,7.3173323
-16.68716,-15.804064,4.724729
-17.647928,-17.780725,6.9494753
-15.693074,-14.042303,4.811601
-15.190693,-13.821444,4.829046
-12.826333,-14.922621,3.677791
-15.400482,-15.764117,6.745137
-15.872096,-16.161001,5.8240676
-18.664959,-18.080837,8.704093
-18.07354,-14.701623,4.143041
-16.717192,-14.884771,7.331073
-17.074608,-12.174507,5.245162
-14.015051,-14.076569,5.0032873
-14.032564,-16.869492,6.3938346
-11.557256,-12.824637,4.3971686
-15.750858,-16.954304,8.808398
