yaw,pitch,roll
6.621333,-15.196331,-10.332083
5.525397,-17.349987,-10.594658
6.304616,-17.171747,-9.036026
5.634032,-12.943939,-10.334484
6.6214027,-14.818066,-10.158457
7.194007,-14.87182,-9.890428
6.4283032,-15.232569,-9.5463915
7.22471,-14.512344,-10.512863
6.3717675,-13.144095,-11.372574
6.3335857,-12.390871,-9.469345
7.625857,-11.149422,-10.112867
7.4512653,-11.309391,-10.135189
6.275904,-10.845894,-10.618721
6.0383368,-12.129241,-10.092467
6.8731956,-11.414505,-9.971524
6.7719755,-12.706989,-12.61478
7.5926447,-14.804523,-12.641691
7.591906,-14.383363,-10.227526
6.491803,-15.257465,-10.36315
7.338083,-15.795517,-8.786537
6.3300376,-14.421489,-13.359716
7.3821535,-14.429102,-12.2947035
4.28525,-13.416334,-12.383779
3.9004107,-14.129405,-11.809811
3.8783503,-11.237799,-10.483921
6.470282,-11.309877,-13.8109455
8.167798,-10.502678,-12.840685
4.2662177,-11.151232,-11.500797
8.859558,-10.381265,-13.572869
6.62432,-15.554138,-14.687275
0.32004273,-13.236313,-12.700292
-1.4851311,-8.563564,-9.163422
1.3923762,-10.879292,-6.639101
4.674677,-7.067398,-5.8776593
4.07069,-7.5671268,-8.704092
3.6475646,-11.952341,-11.599122
-3.2772381,-12.9797325,-8.936865
-6.5562067,-14.530695,-6.997755
-14.341505,-13.394856,-8.46334
-0.90014684,-8.393991,-7.361886
3.683571,-12.28505,-10.063185
2.7050948,-10.831813,-8.074578
3.055548,-9.201105,-4.1353106
2.3422122,-7.9020777,-6.3547616
-6.7174726,-11.44328,-6.666252
-1.2990227,-8.317464,-5.869913
1.5095248,-10.657156,-9.433431
-1.9934978,-12.341202,-6.664666
1.9653819,-10.193096,-5.582794
3.024687,-9.588821,-6.4304867
5.107366,-11.367578,-1.0256017
3.5422235,-10.053533,1.6381739
6.640145,-11.389538,1.7662959
8.193216,-10.457544,0.5019736
8.837536,-9.514366,-0.9599457
7.1274056,-8.592042,-1.4650854
11.107759,-5.978074,-2.4023695
15.869656,-3.4347072,0.37396634
14.947133,-5.72709,-0.29138815
13.579553,-6.054834,1.3737507
12.787306,-7.0122414,-1.0439141
9.356975,-6.848608,-8.499245
8.606969,-12.250296,-9.699635
8.832687,-17.023483,-9.9983425
3.842191,-12.02688,-13.035767
6.3812857,-9.574278,-10.340636
11.746551,-5.0984945,-6.6902637
9.99271,-1.4052973,-9.296675
14.262587,-0.23717439,-2.9166565
9.212065,-3.8602457,2.5268974
7.657384,-5.3956914,7.6899524
2.0002408,-9.700999,5.0452003
-3.2929232,-15.163633,3.0487776
-9.910309,-15.470816,2.728863
-4.47806,-14.5323,2.584896
-4.9726076,-12.974487,3.237152
-7.5274506,-12.796062,3.1291556
-6.7760525,-11.366301,0.8193599
-1.9051192,-13.992695,0.35856545
-1.1374644,-13.154621,0.66292775
-0.090391874,-11.63114,0.91822636
-1.7773075,-12.180072,2.1912014
-3.3029463,-13.627604,0.78132486
-0.56597733,-12.4971695,2.4398427
-0.09024453,-12.563052,-0.123870924
3.5908883,-11.872456,0.17966002
0.03333211,-11.615538,0.50409377
2.3735116,-12.014723,0.27634922
3.4341316,-11.471521,-0.16241094
2.0178604,-10.920015,0.19850394
