yaw,pitch,roll
0.20464873,-8.272511,-3.0541153
6.526636,-7.05171,-4.1702566
0.32229686,-9.281548,-2.7670808
3.7097878,-8.637056,-4.9030285
1.3092856,-11.995468,-1.7985489
-3.6614888,-10.237799,-1.7988261
-3.2102542,-6.976244,2.4293718
-2.1413188,-7.441325,-1.9065607
0.57802343,-5.2187877,-0.53568894
-0.88936806,-5.2168303,-2.397608
-3.549029,-9.285938,0.06584524
-5.325836,-5.4021373,-2.9532862
-12.746143,-8.581814,-6.0353303
-12.286051,-7.9441338,2.3717408
-17.072157,-7.309803,3.9122431
-21.664654,-6.533228,6.3545527
-21.968466,-6.6994014,2.5911007
-20.927021,-8.5772295,4.5588875
-16.057997,-8.177624,5.4168234
-15.785692,-9.633722,2.401957
-15.417025,-9.512093,5.567292
-17.88355,-7.660716,4.8654327
-15.369091,-7.444237,4.6758933
-13.279788,-8.714085,4.905931
-15.405821,-10.539219,2.255319
-19.90289,-13.810621,2.5236082
-18.71053,-11.578012,2.179504
-21.615536,-10.477762,2.0831013
-18.708136,-9.88089,-1.2486231
-16.88821,-8.459721,-0.3832754
-13.658545,-8.034582,1.2446998
-13.004715,-5.8502665,1.6114404
-13.890125,-5.445045,-2.4416203
-11.498808,-6.6419287,-2.1562283
-11.875988,-3.7292533,-0.2694726
-9.466046,-6.0010843,-1.6130346
-11.565715,-6.3785553,1.2837579
-13.752607,-3.5012958,3.6809282
-12.702951,-0.9315682,1.3023092
-15.980526,-1.9142889,-0.58457285
-13.8905115,-3.2224767,-1.1189636
-12.186041,-0.5700809,1.4761415
-16.270578,0.7997335,-1.4163947
-14.95631,1.1165133,-1.2781229
-13.117378,-1.5542681,-2.2959704
-18.683987,-0.067813516,-0.75991416
-13.63661,-0.17553073,0.09820433
-11.197046,0.7687484,-0.4555484
-12.87295,1.3119618,-0.31026858
-13.838177,1.6510766,1.72659
-13.99463,-0.5121511,-0.28847456
-11.992839,-0.04635924,-1.266655
-5.3791127,2.9067316,-2.2187665
-8.352862,2.5908918,-3.7300413
-4.219863,1.5372722,-1.5791306
-6.1379128,-0.8319756,-4.4406476
-2.8893309,0.792032,-0.72283596
-4.293707,1.0135314,-2.0185308
-3.1670227,-0.07546727,0.09409881
-3.4626203,-2.4474797,0.40388113
-8.551992,-4.5510297,-1.7038108
-7.292808,-5.8778343,-0.060170934
-6.9679494,-4.9853115,-0.9997481
-2.6619637,-4.0962358,-0.37886867
-2.9450204,-7.74168,-1.378107
-1.873138,-7.289324,-2.7264986
-2.3271875,-5.674488,-1.7579992
-1.3440938,-6.4673767,-4.623788
-2.2070837,-5.665991,-3.0395849
0.18348217,-7.0282803,-3.567597
-1.37465,-7.618862,-4.0504513
-1.244214,-7.7439976,-5.3208394
-4.888198,-9.022934,-5.5129623
-5.678278,-8.239524,-9.035783
-5.380878,-8.043548,-9.892518
-4.91105,-8.113404,-9.53204
-4.267718,-7.2152376,-11.458258
-4.631351,-11.221733,-9.185406
-10.234499,-14.614185,-7.334013
-14.893966,-14.925548,-7.509675
-9.286375,-15.320946,-11.159614
-4.8754435,-14.009023,-9.756656
-11.978042,-8.83392,-9.155524
-14.96261,-10.12074,-6.925412
-9.464901,-11.585371,-5.3720326
-15.370112,-10.64242,-5.966589
-16.493446,-10.298224,-6.424821
-13.070211,-10.519583,-4.5412707
-11.903563,-11.625767,-4.251805
-14.237179,-12.370822,-5.5025578
