yaw,pitch,roll
-12.469349,-8.668301,10.300908
-13.017937,-5.3649898,9.116077
-12.867495,-4.195764,7.5442505
-11.574812,-4.1617227,9.954594
-7.6366005,-9.522722,6.4544916
-11.937397,-6.8526535,9.275609
-10.580828,-9.251681,8.839809
-9.995203,-7.768741,5.6968355
-9.734693,-14.699836,6.666514
-5.9852934,-13.423067,9.084934
-4.9961343,-13.468012,8.470029
6.0984726,-20.968536,-1.3453937
9.741819,-21.175022,-0.36875176
10.975188,-22.919327,-0.5974169
6.6847935,-23.32697,-0.26381445
14.327123,-22.734375,-1.391912
17.875711,-26.54823,-0.6843183
-3.62051,-17.434673,12.124973
-11.961108,-17.905842,11.455581
-15.879765,-17.921715,7.117555
-16.962687,-17.376774,8.669677
-18.3084,-13.05946,4.427162
-24.659071,-16.250952,6.7600164
-24.188915,-12.887663,2.7128093
-21.204718,-12.954649,1.9892058
-26.378414,-10.408876,5.018838
-26.74525,-3.8748512,3.149725
-25.991325,-0.8534044,1.9697751
-12.183107,-7.355916,0.260823
-11.364216,-7.717155,-2.2420506
-10.52209,-10.499181,-9.811987
-12.879376,-12.504051,-10.665562
-9.054532,-10.484583,-10.377358
4.016351,-10.927574,-13.08344
2.3515878,-15.886335,-11.450426
2.1760435,-15.35807,-12.812992
-0.4408933,-14.612851,-10.655661
-5.409063,-11.766736,-10.6081705
13.689665,-17.925945,2.0045583
6.5116267,-13.432331,3.0185683
10.278622,-11.7854805,1.2755752
-19.895538,-1.5454061,-16.255917
-18.369902,3.138079,-10.192112
-16.544216,1.7571063,-10.420361
-20.626528,-2.485354,-1.4938194
-12.379196,3.3988762,1.7448939
-13.274843,3.2482805,2.0409298
-11.408245,6.190105,2.9177146
-12.594891,9.428542,7.604895
-9.613008,9.410542,9.554096
-6.6345277,5.489325,7.1762447
-9.707719,3.8740728,8.088783
-6.768799,2.3313684,5.851644
-8.2085495,-0.051517963,7.765413
-9.167324,-2.1715438,6.4980288
-7.5043592,1.5658917,7.647331
-4.0933905,-6.6896763,4.86125
6.2875023,-2.3508234,1.3189373
9.143555,0.28563064,-0.9695213
7.714221,3.5680676,-1.8433514
9.487562,2.8430817,-1.756594
6.638816,5.35539,-1.055278
3.8584533,3.762146,0.19292283
-0.46876144,2.0861292,0.8248253
5.0447097,3.7135735,-1.6228817
0.09575343,-0.04116428,0.74851584
9.427219,-2.1266212,-3.9748673
10.931,-0.85026526,-2.5256972
10.494927,4.821455,-0.2804439
5.35285,1.2012858,-3.4692264
1.3451177,-0.72940445,-7.773733
7.188958,-1.8997872,-0.30261135
7.3557057,-4.539904,1.6343734
0.23785102,-9.109389,-3.6479566
8.3918295,-11.526744,-2.2767441
10.451084,-9.755541,-0.85276926
7.717229,-11.275886,-0.40768707
12.053472,-8.809043,-2.2588775
12.5985775,-8.331574,-3.0228028
8.637235,-6.2246594,-2.6990209
8.249004,-8.981787,-1.9331919
6.357396,-10.976735,-3.0766766
8.874557,-8.040039,-4.4070396
8.188703,-6.258665,-8.957341
9.94778,-7.386219,-9.473842
6.627288,-6.7880926,-6.6908846
9.835492,-7.956289,-3.6712322
11.897169,-7.302422,-7.520575
13.640207,-6.622684,-1.5384619
8.739758,-6.569552,-3.3558908
