yaw,pitch,roll
4.6541977,-6.9779787,4.051393
5.6893597,-10.751406,2.7620604
5.8193274,-8.373399,4.4322195
4.926307,-7.3663836,6.8053827
1.808197,-3.7611842,5.5775685
3.894985,-5.9924483,6.6559353
9.566439,-5.4076447,6.12289
8.270859,-3.4968524,7.0241528
8.69078,-2.2156994,4.6309085
11.218552,-2.060171,6.2465105
8.171349,-0.88010633,5.0025816
10.600629,-3.853761,1.9583164
11.968745,-4.2555714,1.2672708
11.670782,-6.0348315,3.2709405
12.707937,-4.511426,3.7911372
12.284166,-3.0004926,3.6056113
15.761033,-5.60786,2.948136
13.401649,-2.4679427,3.630282
22.054783,-0.06187892,2.7507682
23.547016,-3.9803164,4.401376
19.55849,-9.336632,-2.398458
12.685057,-12.893989,0.78035533
11.84188,-10.931138,-0.17714661
14.49957,-6.4368668,0.17277664
32.07937,-13.634159,13.326619
43.091106,-26.021114,17.933014
27.721664,-16.580362,14.665774
27.07335,-17.347927,5.4496546
30.485874,-21.282427,7.128333
27.995266,-14.205688,3.8048773
20.896233,-13.050968,6.141468
28.66956,-8.690549,5.367899
26.321901,-15.7289505,6.043933
12.571481,-3.5420933,0.96892834
15.903041,-4.6714683,0.050318837
14.516255,-2.9850132,2.9314156
10.69058,1.6936965,6.288244
11.988456,-1.2977726,4.656843
2.986652,-5.2792397,2.8325527
-8.3842125,-4.378016,3.560119
-7.7434554,-5.398621,2.8552983
-4.0472765,-11.443172,4.130873
-6.5148945,-14.362211,5.2177963
1.0759217,-9.444937,5.610857
0.7138746,-11.237996,4.209711
-4.899283,-9.63076,5.6129355
-6.601056,-14.679528,-0.14392614
-2.6760757,-13.848727,1.5103528
0.98938024,-9.705477,1.7684577
1.1885184,-11.99633,1.0986027
1.1817226,-13.758718,1.7849989
-1.2039492,-16.340616,0.6372136
-2.8943734,-15.151723,1.0106024
-1.7370226,-13.111097,0.89664257
-1.1314936,-12.676683,0.1688261
-2.7717562,-14.417496,2.219698
-3.1518924,-14.500862,0.68180704
-1.1473324,-13.267359,1.3125656
1.8834416,-12.2285,-0.6350665
1.1225832,-14.108974,-0.94172883
1.2022103,-15.446336,0.41932106
-0.45084596,-14.962286,0.14488208
-1.0022202,-13.058528,-1.1247187
2.3212464,-14.912459,1.2342831
2.5141377,-15.755054,0.058728263
2.3888254,-16.397886,0.75526285
-6.355593,-17.340229,4.1972957
-6.352086,-15.131889,6.4162846
1.5904119,-14.760235,4.1569414
0.022058964,-8.529363,0.7089093
6.590007,-6.4143596,0.58256847
5.5903916,-3.0232246,1.39427
8.362939,-4.203238,1.3169435
6.5066156,-3.987647,3.1653695
6.9325457,-5.4818797,-1.936864
8.475908,-0.92056227,1.391179
12.056379,-2.0584834,2.3437452
8.63817,-6.0215364,2.2709513
8.44994,-6.2370834,-1.8442571
7.492449,-6.5456934,-2.9393678
3.3428395,-6.8478265,-2.215585
11.81407,-3.949888,1.7912687
17.209198,0.8639555,-0.06047839
7.9050717,-3.1590614,-2.1180167
-0.2348274,-2.4491506,2.8451872
-5.3609138,-3.4163465,2.07909
-6.935992,-1.1564565,5.1814976
-11.774256,-2.1647599,5.0182323
-17.32326,-5.362725,5.3983936
-12.961586,-4.420311,6.2212186
