yaw,pitch,roll
5.786117,-5.229704,5.670965
5.302664,-3.8180847,5.9383144
3.5234637,-2.953449,5.545369
2.8869333,-4.392047,5.475648
3.242493,-4.5673738,5.030736
3.9411585,-3.2204986,4.7424536
2.4903371,-3.5141606,5.098
2.7817888,-3.266138,5.472694
3.47662,-4.1454706,5.1027117
2.6935616,-4.2851,4.6813993
3.304194,-4.261821,5.1913977
3.265756,-3.6259696,5.4049435
2.9378283,-3.7639475,5.498855
1.5224185,-4.0954165,4.918705
1.5142754,-3.864832,4.7881265
2.4299626,-4.4164667,5.0158606
2.1867301,-4.280995,5.083113
2.1345859,-4.0440717,4.7219763
2.6542583,-4.251903,4.6018057
3.0160842,-3.9579432,4.244127
3.3319676,-4.1697755,4.480482
3.299517,-4.2150445,4.641464
3.1909873,-3.430719,4.9561615
2.6826208,-3.5219123,4.6360784
3.0276842,-3.1135216,5.120005
3.652341,-3.6710823,5.0087175
3.6804464,-2.9140677,5.2828956
3.6827478,-2.854611,4.619913
3.9902163,-3.0034652,4.769094
3.311232,-2.9883525,4.805583
3.549792,-2.5421934,4.6076756
4.3592587,-2.465619,4.7330604
1.1203263,-2.2298388,4.710695
0.24566853,-3.419971,4.0086303
0.63070965,-2.9600487,6.018481
0.13730502,-2.392966,6.3120804
