yaw,pitch,roll
-5.0476694,-14.795298,-3.4222913
-3.6643345,-15.5191145,-3.709361
-4.133317,-15.896563,-6.415414
-4.2087746,-16.258877,-3.63332
-4.032303,-15.573987,-1.6499082
-4.5686493,-14.794561,-3.4642644
-4.77686,-15.372574,-3.8415847
-3.3190486,-15.438677,-3.0129464
-3.6323347,-14.369145,-3.5977838
-4.231519,-14.43792,-4.321712
-2.8057542,-14.066429,-3.391318
-3.7164364,-12.387548,-3.8017907
-4.0766387,-11.252293,-6.216835
-3.793563,-9.757698,-5.8141475
-3.5050955,-7.81901,-4.1341267
-6.247779,-8.886721,-6.9721622
-7.0395784,-10.080834,-6.328311
-15.671066,-12.214853,0.8374698
-19.729786,-7.243163,-4.814572
-17.757782,-12.339802,-3.0204892
-19.09761,-10.084251,-4.676488
-13.882703,-10.714505,-5.976947
-19.38644,-7.0847917,-2.1770086
-17.6828,-9.498733,-2.5072098
-16.883884,-7.6288486,-1.8081868
-17.881727,-7.481308,-1.754415
-18.263817,-6.241422,-1.477943
-17.117819,-8.143391,1.0229003
-24.517765,-7.187813,-5.051874
-21.638254,-6.334412,-3.241036
-18.948496,-7.9214344,-2.965609
-18.31029,-5.5222626,-1.0273548
-12.958866,-12.294058,1.0248508
-15.2056675,-8.6593485,-2.757565
-22.030685,-4.1859274,-4.6210413
-21.786621,-3.8187027,-3.2412333
