yaw,pitch,roll
16.935204,-6.509113,-10.220697
14.150493,-3.2364004,-15.273577
13.99563,-4.1301312,-15.455471
14.300007,-5.817829,-14.063717
13.09325,-6.952187,-14.952563
15.116261,-6.780345,-16.866478
17.676058,-7.440863,-14.664449
16.184631,-4.3496604,-16.259085
14.093838,-4.146151,-22.039577
12.784319,-4.531605,-18.557491
17.603598,-1.830528,-20.712706
13.778116,-3.5075707,-21.137754
13.4772,-4.2070966,-19.350924
11.883192,-3.5652447,-19.504467
14.59343,-2.7647367,-19.044426
10.067089,-3.2227073,-23.210552
9.077082,-7.253645,-20.692766
10.194918,-5.240965,-21.741108
9.243331,-1.5436015,-22.002804
8.34028,-6.912634,-23.373297
0.0715732,-8.662231,-24.396118
2.7302184,-8.092699,-21.87651
8.140552,-8.1178,-24.785975
-3.5284746,-12.254194,-23.471457
-7.70543,-8.513458,-23.406296
-20.653454,-12.117799,-23.424446
-16.127028,-9.218897,-24.379532
-6.2693076,-6.796924,-32.274773
-5.513501,-9.643875,-26.94046
-19.931593,-14.742882,-23.010426
-21.173477,-13.620258,-24.616537
-34.732353,-13.633474,-13.454842
-28.504122,-13.75448,-14.00625
-17.9162,-13.914938,-16.85495
-21.004932,-11.718552,-20.359722
-17.901638,-14.546104,-14.94554
