yaw,pitch,roll
6.106945,-9.418671,-13.404746
4.172433,-9.319131,-10.794867
0.028721571,-8.360153,-11.945271
4.0881114,-8.377138,-12.698947
4.048003,-9.224312,-12.410929
4.7631955,-8.796966,-12.308976
-0.057499886,-10.340047,-11.636492
-0.95241916,-11.544299,-12.242762
-0.9148916,-9.695635,-10.876256
5.9793367,-10.636283,-11.898694
4.5511465,-7.0478787,-9.998216
4.5561113,-7.607718,-11.821347
2.8136594,-8.064332,-10.804645
-1.5954177,-5.706601,-10.548035
0.80764794,-7.049775,-12.073271
2.1934333,-6.4115186,-9.594285
4.63279,-7.1205654,-12.864164
5.706902,-5.414121,-14.641115
3.4959097,-5.082638,-13.028065
3.510935,-2.805615,-15.750523
1.5785512,-2.6656141,-16.317886
3.6530318,-4.3185616,-12.569676
-3.9690309,-7.0592856,-12.315479
-2.8423095,-7.9237604,-8.480467
1.30408,-5.7900352,-7.0775385
4.779179,-1.8487539,-5.926613
1.6327858,-3.980139,-6.364508
1.708622,-4.3348174,-9.11378
0.29073715,-6.790942,-9.047729
5.7937913,-4.2317114,-7.615725
5.1493316,-3.7298028,-2.6661487
6.031269,-5.2706122,-4.613274
6.7771354,-4.3102355,-4.1220965
7.187991,-8.511112,-5.6611104
6.345335,-7.0631924,-6.994551
3.9056752,-11.017845,-4.4501023
