yaw,pitch,roll
-7.7511425,-0.8600326,-3.9146438
1.3753419,-2.908525,-4.4479394
-2.3430557,-4.7082005,-4.0017323
-9.9241295,-0.7010809,-0.98270917
-6.9930067,-2.290244,-2.9011989
-10.916107,-1.926631,-3.3120399
-11.074928,-2.7872481,-2.8738873
-5.3984494,-2.3675632,-2.7211342
-6.305923,-1.0833931,-1.0842903
-7.7474427,-1.8270965,0.6736529
-9.083666,-1.248537,4.5737467
-9.650927,-1.9429559,6.2267065
-10.173367,-2.245088,6.2308216
-9.119166,-1.8345768,7.8959055
-7.7816896,-0.5521763,9.07426
-12.0081215,-2.8631778,7.5648565
-9.086025,-1.9281008,7.598218
-9.124601,0.11896068,7.914559
-12.056898,-1.0888854,7.4369698
-10.709383,-0.81708944,7.2468996
-7.106709,-1.3903757,8.290962
-8.355814,-1.2739081,7.606661
-9.170655,-2.0644143,5.8928022
-10.369078,-2.51344,7.639645
-10.416969,-0.16172934,7.305311
-10.906933,-1.331368,7.2703695
-10.603145,-3.9761915,7.908287
-12.579213,-3.4001179,6.2842336
-11.7637825,-3.475471,4.5551143
-11.699626,0.19836003,3.4315104
-12.19999,-3.6281314,3.5451832
-10.774409,-3.5595698,-0.9199753
-9.7881155,-3.3837035,-1.3606462
-7.662562,-2.9672503,-3.9275768
-6.6503034,-4.90845,-7.0290785
-7.6235948,-3.0730493,-8.329308
