yaw,pitch,roll
4.730321,-5.9200106,-5.497349
3.9842675,-5.5744715,-3.9462085
5.6908927,-7.2596407,-6.0642753
0.7253871,-6.4628487,-6.8105416
7.2865496,-3.9725814,-6.1475534
-1.2180572,-1.8987212,-5.9738126
6.153903,-3.6736124,-4.5806627
7.6968,-6.564653,1.7731618
-1.6383419,-5.2325635,-1.2951449
5.364277,-4.6291676,-5.766306
6.4609733,-3.9030614,-0.5060773
12.8306675,-2.6870217,-1.8865455
5.5804935,-1.1710197,-1.9361031
8.079319,-2.2616665,-2.825932
9.3190975,-2.0359185,-1.6059027
11.780276,-3.8014681,-5.988303
11.533158,-0.693848,-7.536432
7.35037,-1.0245351,-10.694729
-5.6807,-6.3622355,-8.790512
-18.865288,-11.207929,-9.33447
-23.929508,-11.007892,-12.01292
-38.952667,-1.82178,-6.09208
-46.133163,10.292868,-11.136322
-46.331146,16.626072,-11.609707
-51.719448,15.226777,-6.1781807
-62.744232,6.1828904,0.36046636
-70.338684,1.8651553,1.5343806
-4.9001136,-3.7635968,-1.1077287
-0.43054247,-7.2054768,0.9294626
-75.022964,-7.6095557,9.0953865
-71.51161,-1.3992162,13.321608
-66.47278,0.29058433,4.0862064
-51.986416,3.185703,2.2444663
-32.02315,0.8240499,-4.3098154
-34.685783,-8.106424,0.83627
-33.032467,-8.237223,-4.809655
