yaw,pitch,roll
-21.227402,-11.802548,-19.43971
-26.197424,-11.373127,-22.542156
-24.198298,-14.426962,-22.488293
-28.791595,-10.45154,-24.142859
-28.202843,-10.663603,-25.03561
-22.566813,-13.016698,-23.472578
-16.529697,-12.665129,-25.180103
-16.583452,-11.917231,-21.377148
-16.372019,-12.902342,-19.07884
-20.41373,-15.07885,-15.246668
-26.342808,-18.195978,-11.802402
-19.549181,-13.524617,-16.190655
-19.542923,-20.916502,-17.080439
-11.395101,-16.13619,-19.383337
-13.882205,-21.157747,-19.18033
-11.997126,-17.4782,-18.3631
-9.377895,-13.852354,-16.425785
-9.102516,-17.218105,-16.827686
-10.832927,-19.318506,-13.532471
-9.151884,-18.128181,-13.664981
-6.538022,-20.068298,-14.482706
-4.494946,-16.533106,-12.609972
-3.471023,-16.969904,-12.101727
-6.229693,-14.671917,-9.919912
-7.574588,-14.818596,-9.281302
-4.685097,-14.790894,-8.203565
-6.7813954,-15.336359,-8.1971035
-7.7618,-14.738084,-7.4703097
-7.3318973,-14.793318,-6.5461416
-8.137274,-14.456756,-7.350116
-3.2977262,-14.922855,-7.546392
-2.5802352,-12.958383,-8.753614
-3.8292413,-13.221378,-7.371216
-4.9775686,-12.727153,-7.3728046
-4.3942313,-12.649654,-6.8491488
-2.2359855,-12.890217,-7.526447
