yaw,pitch,roll
3.25184,-5.657424,-6.789814
3.1083715,-4.835903,-6.952987
5.750143,-4.391761,-6.100109
4.026189,-5.377797,-6.755125
3.6783748,-5.545025,-6.6154213
5.654631,-6.1594753,-5.889178
4.4071674,-4.2054214,-8.09924
4.6008887,-4.628908,-6.091755
4.6219063,-4.623787,-6.590868
3.692301,-6.331959,-7.0364585
3.5554569,-5.3521347,-6.23225
4.5685515,-5.393574,-4.7487106
2.8093545,-6.1869144,-7.0993104
4.094122,-5.1396093,-6.6771355
2.3186183,-7.0202417,-6.8754563
1.3152897,-4.9147058,-7.564409
2.133911,-5.6213245,-6.716946
1.103538,-6.516342,-6.627355
4.4935617,-4.153551,-7.180107
1.8154666,-3.8978016,-10.202697
7.09572,2.9079874,-6.0246015
5.023362,4.686921,-4.781483
11.859946,8.853717,-1.1264191
9.534398,18.22881,1.3729444
4.561184,1.8889554,0.19515903
-2.306129,-2.3624787,-3.91506
-12.865246,-0.5398431,-5.010746
-7.806291,-3.2026753,-3.6796165
-14.564531,-0.67166674,-4.7432384
-6.85983,-0.20351708,-4.380831
-17.920258,-0.4026568,-7.485532
-13.441325,-1.0410553,-3.825608
-13.8568535,-4.1167293,-1.7447679
-15.888142,-3.8874183,-1.2330517
-13.290739,-4.2568874,2.086487
-17.237408,-5.932212,3.3190846
