yaw,pitch,roll
4.8703556,4.1017494,-10.868528
4.9425287,2.9559467,-11.2614565
3.8211052,4.674444,-12.972956
3.276095,3.5793357,-14.245205
0.7795992,6.3564568,-15.818375
-5.947719,3.5190523,-17.888939
-14.830522,-5.1963034,-15.791264
-26.715588,-4.916502,-13.1042385
-31.258175,-7.6854467,-11.5787525
-62.34396,-2.1141524,-7.1096416
-70.568146,3.925274,-4.5449657
-73.77535,-2.8062859,-0.19177008
-75.094734,-5.4842615,1.2482781
-74.02745,-2.1957936,6.0610156
-73.39017,-4.6916018,3.7804286
-62.9347,-10.933323,-0.6570028
-31.557343,-12.130222,-9.198311
-10.044306,-5.375807,-16.016785
2.7305288,-0.85048246,-15.475502
1.8252473,4.7084637,-13.140501
4.8518414,5.4200044,-10.771765
0.029390015,6.613479,-4.1676435
1.7569814,7.459016,-1.956524
2.4155183,2.9442945,-1.8066865
-5.9082537,0.11152029,1.6509783
-11.593606,0.06540656,4.196595
-16.596537,-3.8121004,4.1018662
-14.95501,-5.9567375,4.5121675
-16.330965,-5.2430563,4.5803404
-15.076469,-3.2233863,1.6866808
-17.201988,-0.2720399,-4.06585
-17.105822,-4.802558,-0.14044762
-17.494118,-6.363145,1.121705
-18.924442,-6.2908883,0.55549026
-18.703875,-8.615208,0.28674263
-16.377018,-7.7064734,0.70241666
