yaw,pitch,roll
-38.04232,-18.807566,-9.175403
-39.265434,-18.39148,-6.9607205
-38.417976,-21.06341,-4.259858
-41.350014,-21.004665,-5.2065024
-39.54368,-22.023182,-3.724194
-37.633324,-20.095688,-6.774466
-38.40866,-17.932348,-3.5029888
-32.503906,-19.899534,-6.3791127
-26.429482,-21.268017,-7.969268
-31.685467,-17.616596,-9.119387
-28.59596,-13.787821,-9.647455
-30.833216,-10.887947,-10.392783
-24.043932,-8.827503,-12.328238
-22.912693,-11.185156,-13.447682
-29.300083,-8.589599,-11.463236
-31.377573,-6.338554,-12.594742
-26.9132,-7.2130394,-13.6388645
-21.62296,-2.9148426,-14.0141535
-21.95826,-6.458815,-14.251545
-25.740273,-7.8055153,-12.637478
-27.2318,-6.8288765,-11.645473
-29.162407,-10.272006,-12.896275
-24.190228,-7.7846923,-18.701042
-32.49556,-10.86425,-10.508769
-29.11981,-17.625687,-13.604024
-23.997746,-16.714624,-14.453196
-25.790184,-9.546078,-16.50417
-21.199808,-10.416856,-17.95634
-24.332733,-10.882399,-15.134614
-28.225307,-8.973128,-16.298538
-28.136002,-11.76468,-18.69706
-28.503384,-10.594729,-14.473144
-26.143616,-10.4835825,-16.97888
-18.501694,-9.278681,-17.701096
-15.885916,-13.267412,-17.28902
-23.122307,-14.805556,-16.603607
