yaw,pitch,roll
1.360601,-12.794496,16.122532
-0.61491656,-9.899466,15.3221035
1.2734195,-14.315353,14.711403
3.4025834,-12.306231,16.146305
-1.0023382,-11.948907,17.180922
-0.7433555,-13.683288,15.456254
1.2492981,-12.6287365,16.53732
1.5364499,-14.402252,14.748824
1.2642505,-12.688715,15.558477
-0.663939,-13.94855,16.247753
-0.11136007,-13.315322,16.881668
2.718624,-12.502823,14.861005
0.77113676,-12.631401,13.926773
-0.21023655,-12.080641,16.506573
0.6325507,-12.090098,16.552212
-1.4369297,-11.038902,15.8335705
1.529295,-12.526108,16.47745
3.5700812,-13.818613,13.957344
3.772235,-13.726358,13.188164
2.5703282,-12.658632,13.669046
2.2636926,-13.327677,15.853973
2.3250704,-13.58655,14.624277
0.6833477,-12.682955,13.924351
5.0632567,-12.934769,14.827532
4.502488,-12.372118,14.70697
4.679366,-11.038023,14.879103
4.255229,-13.301317,13.014492
4.762406,-11.542388,14.124259
3.6531665,-12.740416,15.11268
3.6394672,-13.31212,15.249496
1.344929,-12.577126,16.247429
1.0916926,-11.948256,15.805891
-0.014864445,-10.959772,15.6305065
1.1196592,-12.785798,15.096706
0.53707075,-13.802036,14.302637
2.5557363,-12.455679,14.732988
