yaw,pitch,roll
-46.46022,-12.659971,-16.237972
-42.77918,-12.584581,-12.736877
-45.32811,-12.11344,-11.971176
-50.2352,-10.321858,-10.866798
-41.511116,-10.225089,-15.070385
-42.420105,-9.660477,-17.235928
-44.776505,-9.259297,-17.981174
-39.635147,-7.43241,-13.890335
-42.670265,-10.011447,-17.51796
-36.43349,-8.542563,-18.358284
-53.70405,-5.5776734,-10.486346
-42.43969,-9.677002,-17.650713
-46.994465,-7.331317,-14.922535
-41.071404,-5.9175224,-14.434385
-43.628494,-8.430173,-11.709789
-46.76713,-12.707769,-9.943324
-64.13082,-6.4813595,-7.444159
-71.486084,-6.051981,-1.8078184
-73.75937,-5.7450542,1.5509102
-69.293015,-8.003935,-3.409915
-74.367325,-6.5500355,2.830106
-67.28324,-6.6417923,0.030794024
-79.44357,-11.981028,4.58867
-73.39548,-7.1812677,4.4943504
-62.189293,-7.4732738,1.659398
-70.47415,-8.307138,-2.5824907
-41.86464,-7.6516776,-0.55024135
-46.419754,-2.7154107,-6.6097646
-15.214363,-4.8284674,-13.3526
-22.525688,-2.0402813,-16.019735
-20.302124,-3.2798142,-13.779052
-28.115753,-4.945487,-5.0971136
-62.146515,-3.2687602,-3.015203
-67.9201,-3.805104,-2.8755746
-79.005905,-4.9114733,-0.37099603
-80.04164,-6.6171346,-0.7527987
