yaw,pitch,roll
0.50415426,-7.2258134,7.132268
-1.6262833,-6.846377,5.564371
2.2513905,-4.630022,5.529616
2.121327,-7.365541,4.827505
2.5785542,-5.717967,5.478673
2.5622063,-6.413293,6.380456
1.879087,-8.58217,7.405298
1.4800373,-7.000616,8.638034
1.0490521,-8.669033,7.769904
-0.7355921,-9.89015,8.355912
-0.6420728,-9.217672,6.660068
0.12883627,-9.293841,5.836172
-0.15207486,-10.185789,7.049506
0.66103053,-8.692678,6.767126
4.3079877,-7.8215113,7.5166054
1.8100013,-6.54182,7.0469065
4.2332354,-6.7125216,6.1533747
4.566123,-6.454054,7.15666
3.6713638,-6.3160334,6.1989536
-3.5994313,-6.415404,5.6771145
-0.9180627,-8.164742,3.8685846
0.58838713,-8.595888,3.5641747
-4.653862,-9.6088505,2.1176763
-0.4513365,-6.595617,2.6930993
-1.7236526,-7.038288,2.4142673
-1.0091455,-4.7653813,3.6006029
-0.42342567,-8.463947,2.684731
0.6797683,-5.28152,4.2515745
-0.089423,-5.90131,5.345155
5.8152,-2.6156912,9.699109
2.7787368,-6.5187826,4.7354026
6.981872,-7.689786,7.1380825
6.9977994,-6.4924135,5.857319
5.6316195,-6.3672934,6.2416945
3.6913319,-8.394233,4.6560783
6.0962114,-9.1854,4.870225
