yaw,pitch,roll
-10.445402,-7.2735147,-6.0172195
-2.9162095,-6.2659054,-5.5905447
-11.285284,-7.640217,-4.5554123
-13.692442,-6.511183,-4.832321
-19.905228,-6.669617,-8.281073
-18.583223,-4.937429,-7.098421
-16.604733,-4.0960283,-6.843678
-16.828999,-6.1236563,-5.7208014
-17.467194,-7.6786685,-5.54518
-19.511726,-4.9907827,-5.601939
-18.243101,-8.905248,-6.4127555
-16.529057,-8.775734,-4.116224
-19.098831,-4.248511,-5.6158166
-19.206936,-7.7267537,-6.882055
-21.166851,-7.183953,-1.7710735
-15.633323,-7.039146,-5.460664
-15.269573,-9.459608,-6.43342
-8.793303,-8.42402,-11.042991
-10.463615,-4.5102115,-9.789225
-5.5026064,-10.1451645,-11.846074
-10.165876,-9.56785,-8.060892
-12.125881,-6.9866104,-9.1935215
-12.980852,-6.151351,-8.249932
-12.105259,-8.57254,-10.522495
-9.9943695,-8.414423,-9.736326
-10.107483,-7.925236,-10.623293
-18.160559,-10.133382,-7.2256937
-14.339005,-9.635779,-7.447598
-6.1883907,-8.70974,-6.0875125
-11.386827,-11.599252,-8.776669
-14.203793,-10.14038,-6.792658
-16.134914,-10.683063,-6.0843906
-14.61179,-9.456624,-7.0069504
-13.8733635,-10.133175,-6.810479
-16.34025,-11.7188015,-7.389945
-13.472747,-8.6887045,-5.0693674
