yaw,pitch,roll
2.5756583,-11.177905,3.4366918
3.2916594,-12.074282,4.1849804
-2.2965193,-10.487143,3.7556117
-4.03094,-11.996392,6.018503
-2.2322736,-8.726699,6.2065744
-1.0505081,-10.077955,4.427741
-3.9349434,-10.605095,7.140042
-2.4310243,-8.0966625,6.681562
-0.48199648,-9.19358,4.143844
-1.0407475,-11.898238,3.3681319
3.4916766,-10.5185795,4.1797323
1.8214382,-10.48865,1.2925014
3.6399665,-8.249788,5.6961265
4.8933477,-7.0492144,3.7844276
2.307725,-2.9483578,3.9415739
12.470133,-2.4816427,4.770262
5.710477,-4.257621,-0.7092841
5.989483,-5.7958913,3.2007995
8.193859,-1.2374823,4.9064646
9.825109,5.2272034,3.2367973
2.6438286,2.047562,-1.1727841
2.4775243,6.50836,-3.764495
7.092333,-0.9714017,-11.444635
4.9428267,2.1445594,-7.307764
-12.87405,0.40641809,-8.765397
-15.456173,-4.006931,-1.6756777
-16.311499,-6.052313,-8.488805
-17.631498,-5.691975,-8.265159
-21.417809,-8.432123,-8.184624
-24.849133,-7.682087,-10.72929
-26.554005,-9.548149,-8.605627
-29.42316,-10.534828,-9.581284
-29.388317,-7.811729,-10.337748
-26.240822,0.40859246,-4.592865
-20.68673,0.6043272,-5.3713746
-12.655645,3.8796659,-1.458025
