yaw,pitch,roll
-8.866924,-13.827625,-16.268091
-8.988199,-8.81761,-16.413376
-10.882916,-10.306291,-15.399455
-16.073938,-11.110522,-13.71635
-7.707241,-9.579567,-14.986279
-3.7957222,-8.64498,-15.103098
-3.3532612,-9.737809,-15.619099
-2.6904202,-10.9584675,-15.110272
-8.261289,-8.767992,-14.928995
-6.9489074,-10.125497,-15.652929
-1.8601274,-4.740634,-16.090952
-13.20285,-5.3829775,-17.279018
-1.7197659,-7.353549,-11.833509
5.851355,-5.517924,-10.286551
-3.8755045,-4.4833593,-13.173463
-3.9554925,-8.785052,-14.86795
-9.107202,-4.584163,-16.98494
-14.060453,-6.7712584,-17.739418
-6.509266,-6.225797,-13.859133
-4.3624096,-6.355067,-15.58713
-6.253078,-4.2047205,-16.204823
-13.145967,-5.1909704,-13.107328
-9.260679,-2.3317947,-17.63947
-15.766577,-4.3414607,-15.599764
-16.865337,-7.5558314,-9.478105
-24.544685,-6.3731084,-14.637894
-20.959366,-3.3867776,-14.423176
-24.304358,-7.1483884,-15.236637
-15.272677,-0.97029364,-15.459156
-24.85415,0.3141153,-10.96018
-16.68258,3.5249093,-15.041149
-21.771812,-2.4842334,-16.050074
-20.195972,-5.5377607,-15.643986
-22.686144,-0.30912924,-18.653715
-22.233498,-0.39004183,-12.10655
-22.991398,-0.966979,-14.349706
