yaw,pitch,roll
-6.72098,-3.4658403,0.6623367
-5.857523,-2.91134,4.6097927
-10.664417,-3.1879964,7.413933
-11.76845,-0.19816232,9.394529
-9.033578,-3.9575148,11.579644
-7.526516,-6.0447845,12.045801
-4.418382,-5.1333427,14.0882435
-8.666328,-6.928335,14.584955
-9.0991745,-6.5159755,14.335951
-15.0609665,-7.287373,9.632959
-13.204742,-8.949377,8.884505
-9.741099,-8.610625,12.00967
-10.021114,-9.568041,9.767256
-16.783407,-6.2336264,4.750284
-17.05804,-5.973368,1.3036394
-14.154275,-5.7021008,5.6270666
-14.035865,0.1883831,11.195625
-8.720797,-3.2259023,10.010543
-12.011034,0.48969102,12.019576
-16.003685,-2.6299098,9.598395
-10.449629,-3.72163,8.445942
-14.663972,-0.36461616,7.0257807
-16.204704,-5.0334578,6.701923
-9.057474,-2.645148,5.0977345
-10.812045,-2.3773408,1.500577
-4.274136,-5.467684,7.029879
1.4372463,1.7086613,7.1763644
4.3570037,1.0372219,4.1670866
4.788425,-0.03641276,4.9174137
7.008735,0.8703934,0.73254657
10.91797,3.010491,3.0785942
9.785712,2.9236355,1.2393713
10.1052265,-5.987629,3.8883438
0.22627139,3.468804,-6.90254
28.421492,-6.65038,-1.8367682
18.182274,0.025247574,-0.031425238
