yaw,pitch,roll
3.9475558,-8.564177,0.43672597
-6.7598915,-11.192751,-0.5296551
-8.830989,-11.58196,-2.1922624
-10.295896,-10.487129,-3.5905137
-0.2954185,-12.263921,0.8246782
-3.6380603,-11.107985,1.5130436
-5.7803726,-6.948,0.9147147
-1.9085735,-7.070021,0.7076961
3.1517773,-7.290723,-6.543775
6.5622663,-7.094252,-5.4846306
7.442518,-6.5019283,-1.0436158
6.9675603,-6.246942,-6.2429833
-0.028086424,-6.929389,-4.2435846
1.5888689,-8.281682,-3.0607948
0.82570267,-5.9652586,-4.2713194
2.4282207,-5.117238,-5.5202427
3.9033089,-5.827127,-2.0693417
1.6515992,-6.235378,-1.6445476
1.9450688,-5.9304094,-2.795071
0.1951809,-6.8745728,-0.5970135
1.6833577,-7.6482544,-2.1228325
3.4723594,-5.260503,-1.4250097
-0.06997919,-4.801523,-2.077297
-0.08167338,-5.9721537,1.7139139
-1.1274875,-6.735958,0.8023255
1.3158375,-5.2981915,2.549575
1.4845927,-3.9030442,3.567146
-0.23448968,-4.135121,-1.1328074
-1.419056,-2.8744354,0.64328045
-0.33571863,-3.6696653,0.76360583
-2.568429,-2.6231227,-1.9461902
-4.3548713,-5.0280867,1.4716139
-1.1782784,-5.6014247,2.9027376
-2.1836865,-5.182025,5.5530066
-2.561703,-5.201073,4.2217484
-2.3084097,-8.233283,7.296909
-0.8543525,-7.454111,7.3557496
-3.936452,-7.0581026,6.1859407
-5.027173,-6.754136,5.649255
-2.883753,-8.326254,7.1779118
-3.9764657,-8.29055,4.7829843
-4.195338,-7.525079,6.2990456
-0.9017929,-5.6124825,6.1151805
-3.00335,-8.289331,1.4533043
-0.42163077,-8.573492,3.8449757
-3.6032925,-6.814168,5.06204
-4.727984,-6.7188644,7.4631367
-5.280326,-5.141222,6.0795975
-3.5529754,-8.22034,8.173889
-4.8889117,-6.0974503,3.945477
-4.540922,-4.1441016,0.5789529
-5.673192,-3.187199,-5.300936
0.6490928,-4.7274227,-5.4362574
-5.1897125,-4.018908,-4.8441863
-5.7667527,-3.355062,-4.1574945
-5.552328,-2.3087652,-5.12971
-2.7536433,-3.791768,-1.6689568
-4.6146655,-4.4135284,-1.9881322
-7.2220926,-2.712463,-1.74541
-5.500618,-4.111902,-2.0127478
-5.6899505,-2.0853324,-2.8017492
-5.9905047,-1.8655397,-4.6851625
-3.1289861,-3.1697505,-6.331519
-2.6955993,-5.016574,-7.8987236
-2.2984288,-4.178556,-8.851767
-2.6997104,-5.012714,-8.4298115
-2.3676484,-4.751482,-8.791201
-1.5748533,-4.6191883,-6.77151
-4.781017,-4.48837,-3.5514095
-3.5119016,-2.9203057,-3.1590757
-2.7835348,-1.5076578,-2.2669308
-1.9304384,-2.4989812,-4.268683
-3.3499737,-0.78401446,-1.5247772
-3.071191,-2.796261,-1.14951
-5.0518255,-4.686465,-1.7608011
-7.6972184,-4.284495,-4.479516
-3.8717265,-5.8702464,-8.979274
-5.3237386,-4.6336155,-7.2761145
-7.1223955,-5.102108,-6.6672444
-1.5595077,-4.2180824,-8.133033
-3.8234296,-3.6893957,-9.55956
-0.08358097,-5.697254,-9.97679
-1.0656443,-4.906839,-10.668634
-0.74739814,-3.4806342,-9.639387
-1.0753782,-4.588404,-7.1511946
-2.6028948,-2.680105,-5.6473894
-1.8398793,-2.967436,-5.369644
-7.53323,-2.7403216,-1.3748896
-4.4562798,-4.2652855,0.85743713
-4.10017,-4.8526344,4.75561
