yaw,pitch,roll
-11.486199,-9.6144905,-4.1172357
-9.247246,-7.473585,-5.0774794
-7.2808104,-9.369589,-5.0701475
-8.065328,-8.885137,-5.209335
-4.1178703,-7.8072414,-5.534841
-7.981465,-7.538975,-4.460582
-8.42224,-7.935417,-5.245448
-9.404074,-6.028083,-6.0291834
-7.3066874,-7.9771028,-3.6415482
-8.021903,-7.2205877,-5.3334985
-11.773375,-8.941635,-5.5443954
-12.603533,-9.420647,-5.609948
-8.002945,-7.971568,-5.0175653
-5.149816,-8.003994,-3.2115467
-6.2942624,-8.502213,-4.2187166
-6.667004,-8.147164,-5.465165
-7.9890094,-9.014752,-5.3174148
-8.479847,-8.278435,-6.2511606
-11.317148,-10.151703,-4.9364443
-9.929269,-8.7032995,-4.866846
-10.018157,-8.879717,-5.8450413
-11.820856,-8.438484,-5.3102555
-9.599708,-9.542311,-4.3181443
-10.657069,-10.973259,-4.958071
-8.464699,-10.3699045,-3.4048283
-6.907482,-9.7271595,-2.9569468
-8.613003,-9.789526,-4.6694326
-9.095675,-9.301179,-3.9700544
-6.043351,-11.10621,-4.345854
-6.0154657,-11.26379,-4.0483894
-9.657963,-12.384318,-3.6753712
-11.029484,-11.744557,-5.0596776
-10.906433,-10.911526,-5.6542673
-9.391548,-11.454795,-5.0808473
-12.275874,-9.895888,-5.6491537
-13.217936,-11.726736,-5.1828895
