yaw,pitch,roll
5.2538304,-4.690107,-1.0799804
5.8366675,-4.7021937,0.3470642
5.633873,-6.21802,0.3297809
2.576275,-7.1714754,0.015907526
-1.1827221,-11.913007,-3.6929255
-5.2506685,-9.1094,2.4412684
-9.575154,-5.0017247,-1.1078901
-14.0208235,-4.723495,0.56386364
-15.800051,-4.607275,-2.8846717
-24.622313,-3.1723518,-6.010389
-28.65369,6.420397,-6.5846686
-27.847595,8.7590275,-9.420033
-32.62845,10.726829,-9.4712715
-35.635212,12.532958,-7.447648
-38.911438,13.463123,-9.50985
-30.261284,13.398941,-9.948032
-27.984665,9.524982,-8.717306
-23.571438,6.84576,-10.0967245
-16.733961,7.6977196,-6.9277973
-15.76517,7.970401,-5.5381813
-14.510564,8.154975,-2.6180842
-16.004316,6.712841,-3.0841742
-15.672091,9.616627,1.9850125
-6.328777,15.105105,0.13341045
-10.474909,13.71159,0.4081459
-11.126162,11.6164,-0.12292278
-14.156953,6.753582,-2.729131
-7.163006,-6.6062894,-0.89371896
4.6381145,-9.8481455,5.215995
3.4331465,-9.910099,8.009846
1.4045278,-13.318161,10.11537
5.999443,-10.941782,10.813328
8.269325,-13.790459,8.984463
6.5118465,-10.98332,9.704731
5.6148014,-12.509399,8.93045
8.089338,-12.303476,8.19558
