yaw,pitch,roll
12.684347,5.056199,14.848673
10.852157,3.4583201,15.885425
7.0648074,5.3951497,16.107286
3.6088698,5.2762914,13.797152
4.5432777,6.3358903,16.542622
5.305315,6.664617,17.140312
6.926957,5.1192374,15.358452
7.969355,5.866535,15.663351
10.42067,6.844187,15.941721
6.5457125,5.7643247,15.352085
5.998733,7.95988,16.29861
2.60055,7.5005765,13.82081
7.2564707,7.367346,17.368484
4.288657,8.716004,17.32558
1.852867,6.134633,15.098664
5.1477633,5.286649,16.129189
4.8578324,5.4553366,16.684593
5.7554984,4.996717,15.214785
11.299932,4.6686835,16.274693
12.272308,7.855485,19.607208
5.022087,11.53992,15.077461
2.367597,9.247627,16.6412
0.684741,9.704326,16.637486
4.3384233,3.6959345,16.397308
1.2380937,1.2226956,18.283356
-5.973809,4.1877713,16.540827
-4.572254,0.22869372,13.719748
-1.8681159,1.3317071,13.46497
-1.4524436,3.6267748,13.212033
2.9381351,4.465985,8.83497
-4.2427297,5.9351053,12.937729
-6.508169,7.138933,16.327232
-8.208332,5.4170966,12.648646
-10.748328,6.0178423,13.870519
-11.999319,0.8279588,19.204262
-6.048726,-1.8096533,9.490742
