yaw,pitch,roll
-2.955004,-4.39396,-13.499195
0.15966082,-1.074714,-14.635323
-0.75265646,-2.0222266,-15.038487
0.2816944,-0.8812039,-15.772945
1.5630348,-1.2376751,-15.37208
-2.4193888,-5.955463,-15.225042
-2.9880948,-6.6444416,-16.089073
-0.92652416,-6.00103,-15.134067
-4.595053,-7.4263577,-16.235855
-1.9632044,-7.829767,-16.49297
-6.125679,-8.38784,-17.141333
-5.5306463,-7.2536564,-16.528492
-4.508894,-8.410221,-16.177631
-0.75196695,-7.470373,-15.562875
-0.23343086,-6.504507,-16.02134
-0.84727526,-6.991599,-16.048714
-0.7355027,-3.600172,-15.364232
-0.40070248,-4.1405234,-14.812487
-1.9853263,-4.8742733,-15.101824
-2.0241446,-3.691245,-14.479851
-2.7131383,-4.0690637,-14.819912
-3.722794,-5.6654763,-14.269133
-1.8349509,-3.760322,-13.964527
-5.0138564,-4.635664,-15.224344
-1.292141,-4.5039606,-14.8447075
-3.7348468,-5.1233444,-14.690838
-3.7757986,-6.02023,-13.274055
-5.3167086,-5.6912565,-12.84762
-5.2052774,-5.158339,-12.213695
-5.988019,-6.423811,-13.144963
-2.6694145,-3.5880897,-13.201991
-2.4922361,-5.1228423,-12.844743
-0.8614178,-4.6260734,-12.494764
-3.1948256,-4.9152656,-13.150527
-5.0773873,-6.2568026,-12.770218
-3.201069,-5.708549,-11.817192
