yaw,pitch,roll
-13.6306505,-13.010091,4.831349
-8.026294,-12.172717,6.147913
-6.7846956,-12.028139,4.8960342
-10.556394,-13.2994375,4.034455
-15.796312,-8.179303,-0.7754733
-7.617094,-11.255081,5.0528727
-14.939489,-10.845779,5.316079
-11.063446,-8.02096,5.802823
-21.984844,-9.710676,2.448099
-5.105156,-11.493519,2.5419996
-16.987768,-10.790735,-0.5132737
-14.819372,-13.382456,-1.0300637
-17.202524,-12.536171,1.8881278
-11.308929,-15.21129,2.3682399
2.6431553,-10.608873,0.79183495
1.1847701,-7.740171,0.51717865
-10.099267,-8.747955,3.0583026
-17.14498,-9.666437,0.6672776
-31.627872,-7.6209183,3.0556984
-29.226974,-12.734438,2.6832025
-28.547932,-11.439091,2.6106358
-33.42745,-4.829921,-3.646175
-41.261528,-2.8293862,-1.0310961
-39.771122,-0.34912813,-2.58129
-53.910362,2.9808927,-4.941226
-54.279537,6.6080728,-3.1390278
-60.690536,-2.0416784,4.324643
-61.807518,1.4368232,-0.43773675
-58.422142,3.7450838,-2.5318146
-63.226723,-0.100028306,1.9595761
-58.08268,3.984426,1.23068
-59.85507,6.749572,-7.649027
-60.101913,7.6069603,-7.4699144
-60.660667,4.410763,-5.929448
-60.63062,1.5330871,-4.650444
-63.654625,4.4610214,-6.645005
