yaw,pitch,roll
0.18046847,-2.8277857,1.6552954
-0.10026872,-2.918028,5.574235
-0.75431204,-2.9230373,2.3851268
-0.41969264,-3.2767084,3.5427594
0.67101437,-1.4058406,4.3797417
0.41824716,-1.5552711,6.54117
-1.36917,-1.4334316,6.5536447
-1.9240535,-2.0999608,5.6310573
-2.288994,-2.0099518,5.6757774
-2.92494,-2.268323,4.127908
-1.332224,-2.0935078,5.291841
-0.2582638,-3.1911776,6.1389565
0.056073368,-2.1116095,4.9093013
0.09922534,-1.4630377,6.727418
0.71126693,-3.2002263,7.14178
1.5246606,0.45388922,8.934984
0.8666055,-1.4902524,7.4039865
-0.73306525,-2.8794532,4.9336987
-3.868155,-0.3250775,7.1653285
2.901921,-4.3795133,2.6389418
0.6323713,-5.8808904,2.2490535
1.4019761,-5.80968,0.61610085
2.9557042,-4.4562593,0.89308804
5.106968,-4.014184,0.8650189
5.9626846,-6.0247703,1.4139456
6.132466,-6.038476,2.30999
7.2593822,-5.972419,1.4997385
6.132781,-3.2816262,0.5342207
4.6780977,-6.822578,2.1064954
3.5156188,-5.8960047,1.7263471
4.794759,-3.4055414,2.0929239
6.771379,-5.33259,3.8359716
7.6329603,-1.049401,0.86968213
4.2667575,-2.6087425,2.8505273
8.666049,0.7572112,1.1873744
3.1361012,-1.7639483,-0.63231206
1.8148544,-3.7288144,-1.4405224
5.500769,-3.0962644,-4.05281
8.170605,-2.2748961,-6.624899
9.90049,-1.1815596,-7.266365
18.09285,-0.97143644,-5.169934
13.597296,-0.56063366,-8.5317745
13.824463,-6.6774526,-9.939152
11.234991,-9.562457,-14.897535
7.4277062,-14.768255,-15.237162
10.412821,-8.975489,-17.542587
11.953949,-6.984077,-18.460459
13.748997,-8.526062,-15.004873
10.288464,-9.578688,-13.441961
10.985317,-7.468032,-16.230442
11.523887,-7.7601957,-12.650682
11.895908,-5.854576,-14.088287
8.485927,-6.3574457,-8.832781
8.78417,-6.892563,-5.119899
9.563338,-6.397625,-4.048132
13.607958,-8.767537,-5.4332843
11.6026,-9.229313,-4.1170406
12.783952,-5.8358545,-6.174744
10.618977,-3.5605328,-6.617511
13.596079,-1.4519136,-9.274268
12.439978,-2.2430642,-9.976379
10.218434,-2.3266287,-12.88578
10.272409,0.24524736,-8.114244
14.230206,-1.4206468,-11.797117
12.090809,-2.9677472,-11.370159
11.579856,-4.2741585,-8.970503
9.407201,-0.8321898,-12.719217
11.721497,-1.1647406,-14.086933
14.172846,-0.41232562,-16.271542
13.268871,0.25654697,-14.844576
8.723347,-7.1593857,-17.253782
11.783003,-5.5325565,-17.019817
9.677534,-6.9000826,-16.808147
13.719702,-6.029923,-16.581827
13.40365,-4.3290887,-18.823326
11.93726,-5.475609,-16.412127
13.465007,-5.3458753,-15.95114
14.326591,-4.558233,-14.593575
12.260912,-9.019899,-12.323084
14.898798,-5.185289,-10.299513
16.237171,-4.4372625,-8.496928
13.7587385,-5.183855,-3.8877375
16.32154,-4.314768,-4.0750027
15.855785,-3.3261113,-3.7074628
14.722237,-3.0518901,-3.637008
11.095917,-3.8099055,-3.872416
11.069654,-2.7379017,-4.4615116
11.099401,-4.57101,-7.753208
10.1129875,-1.3137312,-9.002464
14.548483,-0.55985546,-7.5148726
