yaw,pitch,roll
9.5521,-2.0881066,-16.480751
9.174154,3.0665643,-14.522955
6.940846,2.6063678,-15.648573
6.819312,-1.2574043,-16.266796
8.638612,4.982837,-15.63951
10.643186,4.6531343,-14.4922085
8.016426,2.8278632,-14.07593
5.579628,3.4411883,-15.07981
-2.502942,-0.092259645,-12.640261
-4.6894455,-0.037111282,-7.5705395
-19.747566,-0.70633423,-9.146801
-36.693863,-1.2754077,1.6580254
-37.456642,0.13494408,4.372798
-39.29222,2.9818885,6.9135156
-41.25878,2.605618,6.233323
-42.466606,1.6136131,6.4408183
-41.008797,1.0235319,9.422129
-40.397163,0.46732843,9.619534
-40.38307,1.6213608,9.390781
-40.873985,-0.2221793,10.665438
-40.407944,0.24849737,10.918331
-41.941765,-0.68972015,9.6669445
-44.15827,-1.4796228,9.780916
-45.55548,-1.151512,10.358461
-45.701237,-1.0345869,10.707173
-44.805626,-0.7832811,8.1782875
-46.229404,-2.6064756,9.262627
-50.265564,0.6356682,8.46773
-45.70636,-0.9809223,9.865321
-46.793293,-2.37907,8.861741
-47.51789,-2.6880298,8.71092
-46.555695,-2.1853542,8.236186
-47.185783,-1.3901803,8.691431
-48.02535,-2.0054517,8.760289
-46.5877,-2.3090582,8.164197
-44.95591,-1.625416,7.574703
