yaw,pitch,roll
-22.573872,-12.205215,12.114817
-23.18738,-11.444266,13.037977
-20.60707,-12.842119,12.160109
-22.384703,-12.924147,13.162453
-21.309706,-9.439764,11.974843
-21.328854,-10.561285,12.372895
-21.275246,-13.907797,13.263548
-22.88672,-14.070791,13.726469
-20.596977,-13.165039,12.878757
-19.16346,-12.537053,12.745007
-21.893707,-13.759314,12.310228
-24.45937,-8.3099985,11.425371
-19.847195,-11.354774,11.960901
-22.096811,-11.968431,12.9606
-20.582603,-13.55678,11.87719
-21.499733,-12.563528,10.795328
-23.125414,-13.159464,11.924217
-22.471737,-11.669828,12.594315
-21.199806,-14.01679,13.428182
-22.071503,-13.004982,11.931774
-22.321579,-13.514206,11.659401
-20.241947,-14.704636,11.583119
-19.492579,-15.140065,11.37935
-21.349422,-14.343236,11.984776
-20.652496,-15.194148,12.015201
-20.793509,-14.405191,12.381685
-18.430813,-15.316914,11.614725
-20.025394,-17.08561,13.762956
-18.488329,-15.6173525,11.880203
-19.040018,-14.074968,10.839314
-18.276592,-13.388199,10.261507
-20.73526,-14.558621,11.119778
-18.38765,-15.541632,12.258734
-19.435104,-16.56784,10.409163
-21.462492,-17.025326,11.332574
-19.59063,-16.11643,11.146235
-18.728336,-15.364539,12.377402
-19.885357,-16.992683,10.703879
-18.337011,-16.860653,11.370867
-20.147243,-17.945963,11.056982
-15.695015,-14.663021,12.95764
-17.307392,-17.522318,10.409246
-18.465994,-18.365541,10.831621
-19.392754,-19.875383,11.306434
-20.523441,-18.808477,10.548379
-19.33636,-16.59141,11.398558
-18.607864,-15.493065,11.772585
-20.077827,-16.107664,11.590174
-18.623287,-17.85923,10.334896
-19.733894,-15.467039,10.460409
-18.926882,-17.127026,11.036553
-20.598125,-17.046345,10.876349
-19.963127,-16.386776,10.92097
-19.054928,-14.062246,11.939165
-19.397701,-12.915571,12.276898
-19.024496,-13.608824,13.794452
-18.09657,-12.563,13.647095
-18.315517,-14.264081,12.880172
-17.062002,-14.194663,13.557356
-18.55907,-13.397156,13.16259
-18.392002,-13.965221,13.378637
-16.981808,-12.038712,13.391813
-18.358837,-13.202148,12.217601
-17.73732,-13.33816,12.127202
-17.450686,-14.305746,12.364474
-20.719652,-16.5621,11.785285
-19.958519,-16.64069,12.042296
-18.300926,-18.56768,12.140051
-20.567852,-15.836449,12.591618
-18.927505,-14.656187,12.249281
-18.122837,-13.269624,11.973625
-17.38754,-11.6479645,12.436178
-16.739264,-11.437506,13.075075
-17.358772,-11.793945,11.946935
-18.05327,-12.18132,12.85845
-18.086468,-13.375196,13.182596
-17.282429,-13.180504,12.637762
-16.899992,-12.236323,12.902967
-16.994463,-12.907383,12.27393
-16.804947,-12.719136,13.002379
-18.256926,-12.662344,12.95723
-16.462309,-13.4472275,12.498124
-17.30973,-12.533855,12.997108
-17.036655,-12.717163,12.01581
-16.954088,-13.372115,12.349722
-18.572536,-12.714466,14.044449
-16.632122,-12.331899,12.681977
-18.677715,-13.185349,13.115185
-18.913555,-12.66402,13.402676
-18.629307,-12.427347,13.129034
