yaw,pitch,roll
-6.9893293,-14.285726,-0.85632706
-8.840183,-14.041882,-1.2507477
-6.9083405,-15.412041,-1.1047184
-5.021264,-15.6232605,1.3962513
-5.252771,-13.124977,1.2482135
-2.9948905,-13.022439,-1.334152
-4.3852177,-12.892904,-0.68407285
-6.5050125,-14.336626,0.40846324
-8.401496,-14.130745,1.5752202
-8.227859,-13.67638,1.5396528
-4.289048,-11.81115,0.9254981
-6.2578416,-12.607874,0.65729
-3.571765,-13.265574,1.624996
-1.6742432,-12.828832,1.2064917
-4.125382,-13.797157,0.1160965
-2.1911972,-11.664622,0.688555
-3.3799326,-12.169727,-0.11771856
-2.450836,-13.035208,1.8944435
-3.3865602,-12.162401,0.74542373
-3.3982086,-11.93749,0.70089567
-1.8039691,-12.500557,-1.3718938
-3.4123647,-13.498402,-1.6122066
-0.8138709,-11.935508,0.7867753
-1.4499195,-11.272453,-0.38731444
-0.5951872,-13.770425,0.983284
1.1606231,-12.413245,-0.72803223
-2.3283985,-12.275,0.21374518
-1.807466,-12.060451,-0.3303373
-0.3323474,-12.329545,-1.1308084
0.27072668,-13.570023,-0.52772427
-1.7057424,-11.428736,-0.67010164
-6.0445557,-10.780291,-0.34999692
-0.32536697,-8.530652,-2.29144
1.3438067,-9.22209,-0.6935391
-3.122756,-6.9917545,-0.48723048
-10.169533,-10.8553095,0.3095007
-13.168404,-12.00457,-0.23449266
-22.827053,-14.524111,0.24531269
-21.875027,-13.924215,0.36577988
-22.974886,-10.707125,0.54748917
-23.935028,-10.417711,-0.042044163
-23.276527,-10.626494,0.5521482
-25.77669,-10.715092,-1.2507188
-27.73359,-10.3652725,-0.37037152
-25.116516,-10.245945,0.8917477
-26.933006,-12.349199,3.5913777
-28.259607,-11.61782,3.7808595
-28.340755,-10.442097,4.365462
-28.778297,-11.225902,5.001639
-25.529114,-12.7767105,2.557956
-23.82761,-9.974176,1.3557756
-24.345078,-9.395571,2.7385457
-21.529402,-14.102409,0.94796956
-19.173922,-12.998186,0.23994362
-16.999779,-10.775417,1.5743473
-15.05242,-9.649467,3.5005836
-11.546325,-8.697264,0.88273335
-14.779581,-10.285021,3.749079
-16.822067,-8.847702,3.7147944
-20.412046,-11.547621,3.304497
-20.24118,-9.6511,2.2315938
-25.165588,-12.336803,2.8537734
-23.307007,-13.310849,2.6386974
-24.66396,-14.078553,2.4986315
-23.630077,-13.299704,1.7214313
-21.639698,-13.925095,2.8496165
-13.979696,-10.424276,3.6825027
-15.939936,-14.159601,1.7105749
-7.820926,-13.621744,3.680633
-5.699827,-17.220905,5.7662735
-7.304872,-12.096455,4.6027575
-6.8759937,-11.076841,5.941927
-16.103954,-14.560482,6.341405
-27.011215,-12.923204,1.2076131
-27.169983,-11.298949,-0.2664296
-28.778507,-11.168253,4.6673203
-32.268158,-11.027866,1.5516865
-29.497753,-13.304241,0.5696162
-26.910545,-8.922233,-1.4555056
-23.499975,-8.150981,2.0321012
-28.368042,-10.400246,1.7827939
-28.603376,-10.649605,4.575638
-30.25974,-8.102557,2.982926
-24.671995,-4.4009166,1.2099878
-25.574425,-1.9107258,-0.04243946
-22.716192,-4.763443,1.779968
-23.396734,-6.3608675,0.7233813
-13.961502,-2.8215156,0.3473382
-18.752087,-3.034542,-1.1404324
-18.873577,-0.6475276,-0.6850735
