yaw,pitch,roll
5.3814864,-9.169106,2.225486
4.2513027,-9.386878,1.4128023
2.584947,-10.369672,0.161708
3.4054208,-9.6917515,1.8922883
1.1628977,-9.315296,3.065102
2.6089363,-8.973465,2.6681447
4.8242493,-9.636642,3.0165482
2.4558702,-11.065928,2.2064567
1.7610664,-12.371112,2.0017078
-1.3370445,-11.203303,2.2516868
1.7157367,-11.826176,1.8410033
7.138774,-10.533953,4.099893
6.3215365,-6.86692,2.4619598
5.9596915,-6.9125795,4.23746
1.4907346,-10.378223,2.5993054
-1.9963119,-8.840851,2.7962952
2.0028553,-7.218391,3.959865
0.1275053,-6.4155626,3.085678
-0.6801889,-6.423423,2.6068678
-1.6662028,-5.9977612,0.1892811
1.0564818,-9.449255,-0.1070205
-0.19004536,-8.420446,1.879986
3.9927425,-8.120153,5.751619
2.875554,-9.455211,4.9699063
0.30365658,-7.7085834,5.47114
3.8822849,-9.108,3.9844384
4.462891,-8.700247,7.150192
7.276695,-8.392965,6.2848005
6.6296163,-11.732336,8.374655
6.685422,-11.003881,5.801539
6.826167,-13.863321,6.8279734
6.252741,-14.629322,5.3868628
3.226158,-16.305523,4.3735747
4.2486506,-16.490404,7.297906
1.3073815,-15.730925,4.986763
0.5593903,-15.329647,4.984976
