yaw,pitch,roll
3.5036387,-7.9110265,-2.8315954
-0.6564203,-9.559696,0.7847299
3.48632,-8.177914,1.359905
2.6919513,-8.521593,-0.086297035
2.3491147,-8.097078,-1.5147216
2.6023936,-8.961597,-0.21836354
2.4866934,-7.695523,-0.7731391
1.3865871,-8.309013,-2.15519
2.1985252,-7.541352,-1.4948938
4.108711,-6.2533097,3.9883215
-0.54001147,-5.6907682,2.6948953
0.6990161,-7.6029377,3.6328084
-0.23002821,-7.4782143,4.379829
1.1233634,-8.807375,3.6353798
2.046716,-6.37868,2.4787369
3.7712026,-6.5742292,1.5969431
4.6437287,-6.8526154,-0.599647
5.122596,-7.8979225,-1.1829624
3.0487113,-8.543579,-1.9508461
1.1754768,-9.113551,-1.3872068
3.8545985,-8.106997,-4.3247027
3.3204858,-7.2130804,-2.83577
2.8359656,-8.563706,-4.0375204
4.624418,-7.075127,-2.1387281
3.4439983,-6.9048877,-4.0429883
1.7091682,-7.7466393,-5.905938
2.8657823,-7.253646,-6.242158
3.360411,-7.1350384,-2.9138398
1.9281589,-7.245487,-2.1898255
1.8506469,-8.44886,-5.111675
-0.2900911,-8.944183,-3.9058585
4.1834407,-10.606573,-5.272634
4.2181697,-9.61159,-3.2279034
5.2754107,-9.248939,-4.535963
3.7129016,-8.997677,-3.8759055
4.3096356,-10.074056,-3.361174
