yaw,pitch,roll
24.601852,-1.6922498,15.559633
23.55509,-1.0122914,14.375433
22.755356,-0.26907587,13.26044
24.867195,-0.08697462,14.475645
23.691357,-0.78738165,14.117299
23.419895,-1.2278662,11.202031
26.511543,-2.1276278,15.541317
23.044691,-2.1075428,13.878197
20.925158,-2.6869855,13.536683
22.795948,-1.9183302,15.050354
23.867916,-0.6708174,14.023494
20.774616,-1.1482344,13.220824
22.036652,0.25257587,14.567776
23.463968,-2.4454556,16.196346
21.342323,-1.0694656,15.02272
21.854446,-0.82698107,13.86901
23.464329,-2.2845197,11.485256
25.84203,-2.0309877,13.648651
27.664448,-1.5047894,10.463239
28.313961,0.15845108,13.623322
25.899925,-0.9284735,11.84463
16.870651,-0.43290734,12.6558895
20.171593,1.7346387,8.400522
20.674866,2.0095646,9.375202
29.918827,2.921006,9.426639
27.315022,6.636862,10.864503
20.149864,8.298904,10.42769
19.550352,5.629065,11.790169
18.438696,9.529875,9.242346
21.890865,7.0074215,8.117657
16.603027,4.0479608,2.690384
10.224444,7.3995743,2.9004755
11.2395315,6.7414837,4.931883
12.017729,5.5248337,9.8136635
10.673433,-2.8899603,8.901918
5.1377106,-0.2699383,3.1005774
