yaw,pitch,roll
-16.425352,-13.56619,5.482856
-19.0627,-14.956206,4.7368994
-18.937084,-15.261333,4.4514523
-20.256231,-14.303333,5.4254746
-17.762173,-13.867041,4.079263
-16.888124,-13.437107,4.8220515
-21.262808,-15.98045,5.8620143
-23.050976,-16.63728,5.0045214
-19.896914,-15.450498,4.064275
-21.68759,-15.679029,5.6532965
-19.499006,-15.686211,6.375556
-21.466618,-13.760749,4.7887235
-20.320976,-14.192455,5.0458035
-25.89208,-16.45317,5.779303
-18.117981,-13.654313,5.419197
-23.377605,-17.531097,4.0816092
-17.411158,-17.38601,5.8277273
-21.278677,-16.063549,8.058889
-9.304418,-18.591566,7.617462
1.738144,-15.445097,4.662653
-5.2843294,-15.083009,-1.7656964
0.0018463135,-14.5425415,-1.6205275
-2.0909624,-14.597904,0.90472776
-0.4534247,-12.660236,1.8120632
-7.7909374,-13.212999,3.605487
-3.1727972,-13.713605,3.5226984
-0.1094265,-15.199184,4.279299
-5.5100546,-13.380856,3.1278312
-3.772571,-12.78373,4.2161427
0.35122824,-13.288626,3.3711016
0.53924096,-11.447128,4.6410875
-1.7941123,-15.875389,9.105551
-12.427916,-15.40454,7.1791744
-17.13631,-21.785244,5.450082
-21.703224,-19.442478,3.299969
-29.947124,-18.531075,1.2107296
