yaw,pitch,roll
11.70755,-4.273398,-6.7735205
12.959862,-1.8116426,-9.622339
12.131291,1.0232525,-7.5947433
14.944863,-0.26268578,-6.1250815
12.351432,1.4718709,-4.6357865
13.361414,1.958091,-6.446628
13.30428,3.1896453,-2.038219
9.326088,1.4868829,-5.833701
11.124823,-0.57409143,-7.9483
10.078138,4.9241567,-5.821973
9.445206,1.2074655,-3.3585253
13.4223585,3.9970663,-0.71413195
16.341522,6.6834774,2.064548
14.787447,3.7022896,3.942657
14.794057,4.340397,4.621794
11.362499,1.0557177,4.358888
7.8498435,-1.0841007,-1.856524
7.235956,-0.92325795,-3.5766616
7.0500693,-1.016192,-2.4595492
6.4971857,-2.471877,-4.200436
5.5326557,-1.6010988,-3.4849834
11.126775,1.44575,-3.0679047
12.457678,2.232615,1.1401474
11.863322,0.9492028,0.9162072
10.444071,-0.1467452,-0.33847934
14.99513,2.1005063,2.3682015
16.17875,-0.30644774,2.6303885
16.059387,0.22387409,1.9169947
13.751738,-0.23700225,0.5121937
15.457113,3.4171326,1.5938185
12.575748,2.966067,1.7898712
13.608476,1.8106735,0.18901765
13.4704895,1.8653673,-1.107049
16.64011,1.9178144,-0.49775493
14.705326,-1.2843436,0.9987233
14.341229,-1.0839906,-0.68367577
