yaw,pitch,roll
-1.9913782,-8.901643,2.7499027
4.194378,-7.4493065,2.3176239
-4.8995585,-8.35119,4.6813226
-1.7411282,-10.05879,5.74469
-2.0339694,-7.5442977,1.998989
1.3338013,-8.31298,3.0761805
-4.1824856,-10.702379,4.004355
-5.4110947,-9.193485,3.1787577
1.5417371,-9.116725,1.4531021
-3.2434998,-8.683879,2.926713
1.797144,-7.879962,2.5993724
-3.7482796,-9.512018,3.1603754
0.63658583,-9.1137905,2.302555
2.3734944,-8.591732,3.4573755
-0.6474497,-9.725176,4.9342575
1.1058413,-9.352417,4.5866156
-0.6918403,-8.932203,3.051155
-5.577573,-9.551252,3.7397408
-3.4085832,-10.137051,4.577665
-5.8490634,-8.877241,5.430503
1.2580235,-8.378494,3.946537
0.27125025,-7.016228,3.214474
-1.0748358,-8.558554,2.1740987
-5.1749163,-7.9299874,3.119663
-6.411743,-8.072359,3.1872146
-8.716425,-8.149214,2.5175867
-9.324414,-8.416751,2.5891197
-6.69114,-8.191601,3.769325
-7.285117,-13.177698,3.577351
-7.7067614,-13.192486,5.4326844
-9.420242,-14.38722,0.43599296
-10.553093,-13.00894,4.85505
-8.835953,-12.669176,4.092466
-5.676671,-12.167257,5.736884
-5.4744654,-12.617102,4.2169933
-10.440523,-11.975284,6.3608627
