yaw,pitch,roll
4.5588956,3.2081988,-18.14848
5.8418374,4.204611,-18.689377
4.3205194,2.9878812,-17.078217
4.393093,1.9076988,-17.323744
3.5588975,2.419923,-17.16767
4.1424847,1.2307028,-16.53713
3.659099,0.91578436,-16.157814
3.246723,1.0476754,-16.611742
-0.50779605,-1.1545258,-18.243338
-0.22640347,-1.3859513,-20.569462
3.5114849,3.3448896,-19.26747
5.291859,4.2272964,-17.115015
4.6877646,3.0633926,-17.315828
4.8495684,3.283474,-16.484234
3.1552699,3.2376337,-16.99429
3.7396407,4.1907263,-16.544186
2.4618335,3.8805375,-18.032389
3.1283865,4.367835,-18.942808
2.8581705,4.0651364,-17.673647
2.202071,4.523219,-19.54446
3.3763366,3.809184,-18.226107
3.1213584,3.858191,-18.247328
3.8239334,2.9435048,-16.688545
3.6477509,3.4212565,-16.834473
3.0631437,3.441082,-18.579792
3.725204,3.0105467,-18.415585
3.8329487,2.9253602,-17.122383
2.5850003,4.140838,-17.067682
-0.438915,2.2532911,-17.199007
1.2967317,5.6728845,-14.946367
-0.60772586,5.401355,-16.243559
1.5013983,3.2542608,-14.571846
-0.2612977,3.0970552,-14.064169
-0.87602973,3.3407006,-14.8631935
-0.60900736,3.4443378,-13.467401
-1.891593,4.7413964,-13.913394
