yaw,pitch,roll
4.115178,-12.436594,-4.0111785
5.881629,-10.948101,-6.5228157
5.1637807,-8.533199,-4.935235
4.8776054,-8.862962,-3.6522143
4.180122,-10.081072,-5.503226
2.2119834,-11.872707,-4.298875
0.7328992,-16.782887,-3.3115149
-1.4701252,-13.709356,-1.8257446
-4.5510955,-12.441101,-3.830886
-9.83971,-8.669695,-2.4945517
-12.9313965,-8.467112,-1.8870058
-10.295857,-7.947385,0.50586075
-6.7359457,-6.579127,1.6016375
-4.713163,-5.9601192,-5.279083
-1.4690428,-8.236024,-1.6463397
1.2434616,-5.223477,-0.34455454
0.2896111,-3.3670259,3.0533447
-3.494526,-4.362459,3.8439937
1.032761,-4.9828873,7.131234
2.0182238,-5.2203317,5.8232713
1.5113347,-8.542855,5.3635387
5.8893967,-8.456665,6.6917953
9.987316,-10.323634,5.5451474
6.943437,-8.067463,9.921851
15.907573,-11.473057,7.6427126
25.481544,-8.268233,4.33062
32.519913,-6.543496,8.967143
34.0662,-7.795829,8.496074
14.9615345,-3.9400535,5.5810905
14.315862,-5.566537,3.115397
8.808498,-3.8714516,3.4824347
3.1296852,-4.672092,2.3137329
-0.11815834,-2.8812554,6.1384187
1.700072,-3.3096948,5.3328495
-1.3844724,-3.473284,5.1169014
2.166462,0.28530526,2.5728662
-0.71979916,-0.1658845,4.0761065
-0.26238966,0.040819287,4.4526453
-1.5339124,-2.255439,4.747635
2.923828,-1.7647116,4.2285357
0.69484353,-2.3852901,3.7091804
0.14552784,-2.225081,4.4036202
0.036239147,-2.0796213,4.490753
-2.573809,-3.3499367,3.8140116
-3.3319426,-4.071924,4.6724906
-0.71787524,-4.064763,-0.11087793
2.498218,-0.76298714,0.8569919
-0.16147804,-2.074419,-1.039203
-2.0077732,-2.5202503,-0.49924397
1.3780208,-1.9136438,2.0951662
-0.2799821,-4.323391,0.7479818
1.8482842,-2.989206,-2.3029857
1.7937021,-3.577186,-1.4515905
-0.4760027,-3.9278023,-2.0090408
-0.47156906,-2.38341,-3.7051382
1.6632271,-4.067391,-1.5062613
-2.515454,-6.757865,-3.1057484
-2.7499404,-8.056595,-2.6448836
-6.1373854,-6.3134203,-3.8455527
-15.7472725,-9.20612,0.21500438
-20.451447,-4.3361135,-4.209001
-20.644459,-6.931054,-7.0051055
-24.774693,-8.218489,-3.4659603
-20.427612,-4.6195145,-1.4068476
-17.131449,-5.165875,-0.81313354
-18.940136,-5.492476,-1.5351989
-19.064938,-5.830267,-1.435753
-17.099218,-6.8775105,3.019804
-16.505548,-4.6011176,1.4210646
-17.065203,-7.543108,0.6435684
-17.628662,-5.803838,-1.1505163
-19.553938,-6.49339,-0.13288301
-17.680431,-8.434597,-2.6101298
-17.643332,-8.999613,1.6204721
-17.8199,-5.0188613,-0.657739
-19.808907,-7.5063734,3.466249
-22.14427,-8.105927,4.7689714
-18.867397,-7.7391973,1.865621
-20.33743,-7.2314825,1.4824244
-19.64768,-8.2053585,3.7941976
-16.73116,-3.696464,6.6935577
-15.762966,0.79360366,5.829155
-16.009327,-1.92783,8.157833
-13.45776,-2.3704872,9.133055
-15.92934,-2.904019,8.854143
-16.796402,-5.863778,9.972661
-17.92979,-6.7661276,8.781908
-21.616764,-8.995318,5.9087048
-30.006044,-8.051914,3.8695621
-32.32104,-7.7924194,4.5745063
