yaw,pitch,roll
-27.256046,0.38222194,-12.365356
-21.019386,2.4752915,-14.642622
-28.585022,-3.9073367,-12.0192
-22.367653,-1.7186615,-13.936302
-22.344282,-0.9545865,-14.937513
-28.758644,-6.0126724,-9.507421
-26.98891,-4.201323,-9.339471
-29.419199,-6.0502243,-2.987678
-27.476685,-0.45883918,-7.6238017
-32.8883,-0.37981582,-9.723418
-24.93842,-4.163308,-2.0515342
-27.130533,-1.6280534,-6.356939
-22.414633,-0.07804501,-10.5987015
-27.288177,-2.6600945,-6.3560166
-21.560349,1.758278,-11.495592
-25.486084,-0.77480733,-8.431248
-24.807257,-2.57261,-13.605061
-24.014042,0.8858938,-14.010155
-21.423603,-0.54392695,-13.871018
-30.605232,-1.1633145,-11.597992
-26.761805,1.3023199,-16.573616
-27.832592,-9.210733,-5.0381927
-24.397982,2.001152,-7.5799146
-28.407852,-2.9200723,-1.945004
-26.301785,-2.0103316,-1.9779879
-28.12902,-3.8180356,-7.619343
-32.075035,-1.9229405,-16.683287
-26.442646,3.4617517,-12.867331
-24.87677,-3.5090773,-2.4845676
-32.45882,-5.771477,-3.9515762
-27.311646,-3.5682867,-10.913446
-31.285793,-3.0101705,-7.227103
-25.36478,-1.0641973,-14.093644
-23.185623,-4.5521717,-3.9477057
-29.892006,2.8250399,-5.4635096
-26.300285,-0.8882301,-3.5466876
