yaw,pitch,roll
3.4459193,-10.629421,-1.994855
3.5295749,-9.711806,-0.7162433
3.2358847,-9.181398,-0.51217055
2.2373595,-9.148771,-0.33659968
-10.821956,-7.565116,-0.9375956
-15.768904,-7.9898233,-0.10626602
-7.8358297,-6.8602595,-0.2227428
-1.472323,-12.054813,1.0329909
1.5608134,-8.498634,0.8745791
-5.416032,-7.459979,0.28200614
-2.7676816,-5.486969,-0.17424858
-1.2651765,-6.069667,1.1130211
1.0291431,-6.2703094,-0.3094244
3.9575467,-8.951874,-1.8242993
2.8815663,-5.7215385,-1.7618362
4.406794,-7.038432,-2.3078246
2.8364072,-2.8775897,-2.1684637
2.545687,-2.9614782,-1.4369614
-3.0870285,-2.063994,-1.4041307
3.270687,-6.1741285,-1.3371317
1.9291945,-6.1238847,1.3772272
3.3236914,-3.0815158,1.2482884
-0.5966629,-6.1182175,-2.052133
1.6668028,-5.9920115,-1.7996159
2.7015893,-6.4966855,-0.036747217
3.7156777,-5.2929883,1.3771703
4.011005,-6.699955,1.8580215
-0.5639385,-5.79396,-1.5994473
-3.6963935,-5.093483,-1.2879709
0.05680728,-4.363419,-2.4520478
3.425118,-3.2488208,-2.3754196
4.495204,-5.460099,-0.74228275
4.5775766,-7.225891,-0.31823134
7.213399,-8.9338045,0.40555763
4.24085,-6.7303543,-0.6674466
-2.9542625,-7.3715386,0.32309246
