yaw,pitch,roll
-18.024723,-0.7728795,-9.325189
-9.9801855,-1.1778682,-11.163915
-9.12569,0.16578716,-14.111125
-7.8157,0.40447283,-15.458778
-12.977304,-2.802713,-11.860945
-13.957239,-3.7718878,-7.300088
-13.664168,-0.8816364,-9.206522
-25.71001,-7.410125,-5.442794
-20.57619,-10.462405,-7.2479362
-28.84859,-6.5976353,-10.326937
-23.008854,-9.19656,-7.031639
-26.136532,-5.5530148,-7.105605
-22.94925,-6.7113924,-7.803012
-19.765266,-8.56789,-2.4708893
-20.657446,-9.652035,-5.2659826
-22.698658,-6.7905955,-3.137918
-25.092785,-4.7769055,-3.4239197
-22.316013,-6.1627307,-2.648468
-28.91325,-2.14349,-0.8984111
-24.225807,-0.79298604,-0.0046251565
-22.564638,-3.1700177,4.946824
-18.403175,-2.3686504,3.612104
-18.782396,-3.9401321,2.592358
-17.800228,-5.836155,4.45787
-6.2064233,-3.9904819,-0.43409622
-12.8076515,-0.5353842,2.5837815
-10.559435,-1.068018,1.4051359
-5.4933815,-2.9745808,0.43917647
-7.42935,-3.4078262,0.8106533
-11.277311,-1.708663,1.0853691
-6.275799,-1.5819508,9.355221
-11.026716,-2.8386574,8.167772
-11.59917,-0.16187811,6.7100277
-10.381087,-3.3456905,5.317991
-2.9711952,-1.5714047,4.227537
-3.1527991,-3.7950273,7.8914957
