yaw,pitch,roll
6.1258287,4.112705,-10.20441
6.3637624,1.8674636,-9.707237
6.526952,2.8717911,-9.413753
6.411584,1.8452885,-8.661384
7.852068,1.451365,-8.692471
4.994508,4.320066,-9.06388
6.296544,2.3815773,-11.1307125
4.017319,2.1733222,-10.41902
3.171775,4.3365884,-11.207016
5.402485,4.09907,-10.856332
5.7220287,3.28378,-10.669852
5.3103027,2.6403894,-9.151203
6.47844,2.9733768,-8.23103
8.441262,-1.0040342,-4.9611564
4.9526825,-2.1301172,-5.4126477
6.587641,-0.58859277,-8.13555
5.5702715,1.0544515,-7.722598
3.9756672,2.4140732,-11.664753
4.698313,2.4976428,-9.5732155
5.3455057,2.2332728,-10.093208
7.161766,2.7024446,-8.010296
6.0291505,1.027941,-9.070896
5.9480996,3.1669464,-11.424136
9.432062,3.6373255,-6.9346375
3.4829605,6.3486757,-11.6455
-5.7334843,6.2056556,-15.331045
-5.1372333,3.304673,-13.235994
4.802559,2.7551146,-14.6037445
-21.422567,-0.99334925,-7.5809855
-12.883355,5.233331,-6.4751225
6.15622,5.220077,-4.5905414
1.7839355,4.1688514,-10.733621
0.6894208,7.0469737,-5.586815
-4.3568835,2.1420963,-7.522894
-4.7249293,-0.59419346,-5.8741145
-7.486357,-1.7564847,-9.782065
