yaw,pitch,roll
-11.472383,-12.585226,-7.15991
-10.277933,-11.008959,-9.903116
-2.1104052,-11.706813,-7.5407176
-12.851534,-13.42659,-7.7715344
-16.794737,-10.646591,-10.603476
-14.084587,-13.615925,-8.66502
-13.934271,-11.072544,-11.966969
-4.0853186,-10.877159,-8.8771305
-18.668892,-8.188503,-9.210771
-13.026646,-10.781174,-9.967867
-8.238929,-6.9141717,-8.171455
-2.8966796,-6.659528,-6.7270665
5.042678,-6.6526437,-9.367619
4.923383,-4.5420623,-7.714349
6.4568253,-3.17052,-10.389536
7.576895,-0.8101693,-11.461814
10.6846485,-2.3220923,-10.478997
10.027418,-0.11986399,-11.958004
5.8082,-3.7180576,-12.348423
6.1023164,-2.3388526,-11.862536
4.2338943,-3.6088266,-11.617228
4.351939,-4.2366834,-13.116049
1.715308,-2.4888325,-11.391444
4.863892,-2.72901,-10.01827
5.020208,0.7343073,-8.909716
5.7592993,-1.1447706,-10.294146
-3.4629602,-4.407132,-12.773406
2.3437207,-3.6759734,-10.7196865
5.0993147,-2.6177444,-10.568809
3.4958448,-1.9305747,-11.538602
7.3848095,-2.9727173,-9.245834
2.640222,-4.032841,-10.455959
5.8037043,-1.6245166,-11.426303
7.2264104,-2.1137168,-10.277132
6.416605,-2.5870416,-9.787185
4.91315,-2.6407328,-10.235163
