yaw,pitch,roll
2.911325,-8.6008215,0.1679641
2.300742,-9.112099,-0.27294406
-0.007155299,-8.765784,-1.8038815
-1.1209748,-9.040733,-0.5431861
-0.03450066,-8.516486,-0.7280657
-3.1304812,-9.114021,0.7513312
1.2542561,-6.412214,0.68026286
-0.51849896,-6.450747,0.4741333
2.9477167,-6.8817654,-0.7503356
1.7871469,-6.1227045,-0.6877459
0.7787211,-6.3239365,1.2784622
-1.2293661,-7.0788794,0.053757727
-0.43330157,-7.2922783,0.31356126
0.98211193,-6.207797,0.17903891
2.3122103,-6.006061,-0.19390222
1.4428747,-5.3417144,1.3787096
2.1201024,-5.586541,-0.74405634
1.2918152,-5.494988,0.026802063
1.1400692,-6.530533,0.5770639
0.10706854,-5.214258,1.2401199
1.6148506,-4.4489093,0.018746257
0.8785926,-5.1292925,1.6518056
0.68286705,-5.635806,1.2838308
1.3806605,-5.264881,2.3647518
0.3299496,-5.459376,2.6127555
0.9050014,-5.224921,1.2687423
3.1312623,-7.660291,3.3826203
2.1914792,-7.826655,2.2273517
2.9749813,-8.214322,3.0228536
1.6133497,-6.002772,3.6574252
2.182237,-4.637961,3.2900286
0.6991999,-5.4718285,2.5501223
1.7262783,-6.620976,0.8979006
0.13885164,-6.3665533,0.9542694
2.162779,-6.6719084,0.4735787
1.2500582,-7.4965,1.7724025
