yaw,pitch,roll
-1.5674297,-1.601017,8.4601
-1.0099581,-1.8005226,7.9104357
0.24727488,-1.9576739,7.191086
0.62659883,-0.6453842,7.5267963
-0.06531143,-0.5971266,7.983657
-2.6544816,-0.19001114,7.0557013
0.78197813,-7.5375395,-0.1092484
4.377358,-9.126387,-2.6857996
0.6571641,-0.7122851,9.290006
-2.2599175,-0.7283349,9.617838
-7.698336,2.4631696,11.325011
-7.8693085,-0.1942504,8.364311
-7.8855867,2.5293763,4.9827805
-7.3992977,-3.1169207,5.2398233
-8.773475,-2.9762614,6.284113
-11.886133,-0.8161435,6.663153
-12.582495,-2.27732,6.644063
-12.661773,-3.3972802,9.381527
-13.440357,-0.9321972,6.510334
-13.179344,0.9878396,3.6467915
-8.922922,1.4649698,7.2051373
-4.830481,2.5943549,6.532927
-2.6786437,1.9767221,6.7731395
-4.923259,-0.1040051,4.884864
0.96073866,5.320798,2.809469
2.6234603,0.84691334,-2.603493
-6.8009415,4.6151624,-5.9226694
-11.736009,6.8436017,-6.204389
-9.416438,4.7907195,-6.143749
-7.8589487,7.5536413,-7.4752893
-8.113345,9.131706,-5.755391
-0.98786044,5.306272,-12.099308
4.158559,2.3927925,-7.1695337
2.499343,11.3077135,5.4006186
-18.880674,10.275328,-4.5061774
-9.408112,7.6129217,-2.3621156
