yaw,pitch,roll
5.8365073,-15.707983,-9.707053
4.5013866,-15.884714,-9.54373
5.0940633,-16.911373,-7.8907394
4.792884,-17.093983,-8.529979
4.04521,-18.08594,-6.84114
5.5769176,-16.685043,-9.354865
5.9143867,-16.578613,-7.8572426
6.1296177,-16.257793,-8.176423
5.0469913,-15.891326,-7.559683
3.25212,-15.629646,-8.412956
3.2531805,-15.220987,-7.8578243
5.068925,-14.463079,-9.306876
3.912977,-16.195621,-7.853691
4.556723,-16.226978,-7.2404666
3.2240365,-16.343851,-5.676401
2.0624564,-14.817993,-6.1169825
1.4722657,-14.63415,-6.1567955
2.8381512,-14.736218,-5.5030785
2.492684,-15.75017,-5.5903234
2.3181858,-15.161917,-4.070661
7.088294,-10.784514,-7.699969
1.9997959,-12.564045,-5.8392096
3.046424,-11.972188,-4.7696934
3.01296,-11.1340885,-5.566394
1.9104939,-10.971422,-2.1381302
3.7909636,-8.849144,-4.0305305
5.115922,-4.3881807,-11.101045
5.5253096,-3.1001534,-11.505614
5.438465,-5.8951297,-8.16406
6.180681,-6.180312,-8.300416
4.542164,-7.0359764,-6.8595076
4.751171,-7.173452,-7.0876513
6.7081265,-6.3729634,-6.2938023
6.857524,-9.765908,-5.37861
4.6569037,-12.166012,-4.728358
5.7357554,-10.170124,-5.606294
5.4800415,-8.883959,-5.7914
5.447491,-11.200512,-7.478096
7.3536057,-10.242477,-5.2115345
7.7364492,-12.268445,-3.9015584
0.51585627,-15.189896,-4.9097548
-5.646143,-10.582401,-1.771559
-2.2932909,-7.6804676,-0.94345605
-4.7373285,-16.038004,0.73338103
0.1985097,-7.9339714,-1.5063145
-0.20860338,-8.9392395,-1.8742647
-0.925344,-12.000332,-6.548148
0.14380121,-10.837828,-3.36368
-1.2661932,-13.80732,-3.4680753
-4.419422,-8.771971,-4.4201293
0.34491873,-12.410074,-3.1936316
-0.11527395,-13.8388605,-2.3927827
0.34590244,-12.402092,-6.508115
-1.5701509,-13.645605,-1.2094619
2.3298101,-11.055502,-5.1759443
0.3930807,-13.513642,-3.9439425
1.3865948,-8.938017,-6.4688177
2.0079894,-8.75432,-3.9461765
2.1116657,-10.099745,-2.3943233
2.8212047,-11.290068,-9.774202
3.4826112,-10.527051,-7.6511164
-2.0002923,-10.79275,-7.4213796
2.00194,-10.500242,-1.0255191
2.8697362,-11.556129,-5.1892977
2.2362876,-11.164419,-5.6897163
0.8071537,-14.256029,-3.0159643
3.1620157,-14.161419,-4.9237957
1.3247461,-13.977509,-4.3236237
-0.068516254,-13.46835,-2.9233108
0.93032885,-13.200451,-2.1491432
0.45911837,-13.4097185,-1.5102768
0.3052311,-11.830008,-3.8993735
-0.36662292,-11.918104,-5.153759
0.8725667,-12.88261,-4.410866
2.6281424,-11.882457,-3.4570975
-0.36267376,-10.73261,-2.687407
-0.2857945,-12.381844,-3.2714105
-0.09842348,-11.43683,-2.3143353
-1.4845362,-11.494835,-4.2713203
-0.35774016,-10.171802,-4.3234615
-0.53424406,-13.342575,-1.4941764
-0.9586482,-10.850433,-0.89266187
0.5311067,-10.232154,0.40995353
4.406063,-11.413033,-0.39419562
0.28804088,-10.825367,-0.93644786
1.905076,-10.309334,-0.34741
-0.8838353,-8.334087,2.6027782
-2.855463,-8.259946,-3.171558
1.3890643,-6.863823,-1.3324941
-2.1206727,-9.805892,-5.278609
