yaw,pitch,roll
6.820784,-5.01573,-2.9175806
7.95173,-2.9154773,-3.0614653
6.465394,-1.8494247,-3.799575
8.335306,-3.8183403,-0.9994023
8.038786,-4.555025,-5.0213547
6.654793,-0.88855016,-3.9068918
8.646172,-0.69729096,-4.1068525
7.9668393,-3.9976306,-5.835411
5.1784344,-10.431282,-5.920246
4.9207206,-9.566723,-18.656307
6.881623,-7.5709147,-14.028389
15.026686,-13.006561,6.634718
8.237072,-12.725691,12.202738
9.564146,-12.932224,11.0608425
1.825283,-13.635322,16.119894
8.201248,-9.7313385,16.982563
13.472765,-19.141415,18.252125
20.435152,-25.98365,19.130486
6.5865755,-7.1335735,13.573664
14.597061,-12.77392,11.859247
8.933407,-13.653326,12.463013
8.849379,-0.6604086,1.5550072
-9.527546,-14.39134,-5.840305
-3.03328,-10.180746,-5.439108
4.3196926,-3.6654983,-5.5320272
7.3808613,-3.9399474,-7.0117493
1.1386585,-4.667624,-7.2688346
3.0851374,-3.2417915,-7.2175336
2.5909617,-0.7020952,-8.236282
1.903151,-3.0437634,-9.145501
4.7392774,-3.355321,-8.592895
2.048472,-2.8971708,-7.0152063
-0.866021,-2.7841659,-5.861488
-3.5748367,-5.840234,-6.9364796
-3.6544285,-8.23637,-6.0626493
2.4205408,-7.981472,-6.0804343
