yaw,pitch,roll
4.4209614,-14.329666,-2.4492488
8.284569,-9.759659,-6.653605
7.6208997,-8.115269,-6.761591
8.875084,-6.8346024,-8.145405
7.650982,-6.8351383,-6.1912827
9.166717,-7.416615,-5.1146064
7.97791,-7.621192,-5.9198093
5.0748243,-9.355974,-7.5690575
2.2164092,-8.656248,-7.8717003
7.376812,-9.62247,-4.3661175
-3.1867483,-10.759365,-7.152929
-4.328212,-11.493671,-8.417387
-3.1854815,-12.279677,-3.9459646
0.5978713,-10.364993,-3.5687943
2.1732864,-14.696356,-7.7361965
3.7371016,-12.458183,-11.752065
-2.2375693,-10.880257,-1.3028525
-9.9662,-12.269135,-3.2182379
2.3218424,-9.623507,-3.0056539
0.49366546,-12.713819,-6.578161
-1.1384497,-12.475635,-4.6187973
-0.61629677,-14.004536,-2.361351
-0.049100757,-12.263348,0.54047155
-2.4398692,-14.913381,1.2562704
0.3478155,-14.059313,-1.2932403
-4.1567054,-11.934947,-0.6418188
-1.5595607,-12.3464365,-1.255081
-0.026764393,-11.912708,-1.317446
-0.045502663,-12.503784,-2.003654
0.010437131,-13.170078,-2.654036
1.6632018,-12.972242,-2.040839
-6.6472955,-12.533169,-2.005087
-11.18877,-12.012062,-0.86636734
-2.3131325,-13.435997,-1.7295668
-5.2448797,-11.209083,-2.6983452
-11.288101,-9.701904,-2.099296
2.2219026,-8.631287,-1.9945732
1.3546531,-7.8673296,-2.6357527
7.109337,-4.4603386,-0.9482521
5.673163,-4.2990494,-4.9355226
8.505917,-6.234307,-2.1477416
4.6777487,-7.4864597,-3.2016144
0.43137836,-8.905344,1.8939205
0.40879846,-9.857971,1.8951488
1.8206897,-10.552513,-1.5048718
1.5988297,-9.201487,-4.243856
-0.3295623,-6.4042044,-3.133317
1.6380162,-7.918686,1.185322
1.2458042,-6.7790747,-6.182663
7.789693,-7.188664,-2.761391
1.3416967,-6.1552033,-4.4441485
1.4110088,-6.273412,-3.2919946
10.446923,-8.0690365,-7.350339
-13.025946,-6.6602426,-0.808102
-9.601795,-7.8094683,-0.779367
-9.103663,-11.530455,0.7214948
-4.710425,-13.813799,0.908944
-10.034286,-9.390442,5.386857
-8.6007595,-6.7038193,4.6125803
0.08940601,-6.8017855,7.493668
-0.10669136,-3.4160664,9.717411
2.0307555,-4.7960258,9.459457
8.84983,-3.990356,14.339874
10.756146,-4.012486,10.580639
13.208129,-1.2601634,9.55439
14.249084,0.31566742,8.93158
17.462168,-1.6617765,2.7431803
23.617992,-4.412353,-0.682582
15.566553,-8.098543,-10.800702
25.443306,1.1333019,-10.315233
32.53491,-3.4443095,-4.492882
32.45564,-1.6459528,-4.232055
28.14565,-4.76867,-5.163746
19.888937,-2.3811464,-5.022422
17.89241,-6.7532597,-4.073177
18.763958,-10.38625,-6.292557
12.944483,-6.584173,-5.9040647
11.960196,-6.700739,-12.685873
6.484871,-6.6646895,-10.710176
9.494304,-3.0987685,-9.759647
9.256628,-6.704218,-5.254734
8.782912,-4.44795,-4.8888826
0.791183,-1.5068213,-3.8185723
5.812448,-2.9388325,-1.1391374
3.5795193,-5.1327815,7.241271
6.735199,-2.072943,1.9734602
6.8831162,0.62213886,6.027736
9.082144,-0.8305533,3.7008934
8.148203,-1.4317397,2.862155
2.1724575,2.1512918,3.5568666
