yaw,pitch,roll
-7.692458,-7.0723495,-3.9358225
-12.006625,-9.431223,-4.04901
-16.578999,-11.622446,-4.7958646
-15.943089,-12.223822,-5.5195007
-17.7136,-12.740143,-4.264887
-19.136332,-10.675198,-3.8300364
-20.001375,-13.428892,-8.180895
-26.000896,-13.334353,-3.6346424
-22.912184,-11.851456,-6.4072905
-19.815037,-10.370499,-5.2083235
-17.040722,-8.647222,-6.132375
-19.247227,-10.505379,-5.5435514
-19.24374,-5.3730006,-8.507386
-16.746357,-9.357913,-9.985031
-10.565583,-4.412475,-10.735006
-12.027395,-4.100913,-9.507934
-11.863436,-7.160627,-8.934127
-15.486936,-5.937556,-8.232258
-14.343278,-2.9186678,-8.979454
-21.351086,-7.7317743,-5.5880775
-16.478098,-6.3960376,-5.9236746
-18.540274,-1.0384232,-6.831091
-17.031652,-5.1172857,-3.9692214
-15.438671,-5.5726686,-6.7672
-18.137463,-9.313446,-5.701817
-12.6686325,-7.385994,-3.8027706
-16.930803,-6.513363,-1.7308589
-14.838257,-5.888278,-2.946719
-5.7923207,-6.362765,-4.393043
-6.1011124,-4.8507233,-8.333802
-0.13955641,-4.5955987,-3.610428
2.795032,-2.544959,-8.287829
4.7797527,0.05935636,-7.9113865
5.55569,-1.2627112,-6.814192
7.933886,-2.2430675,-6.586094
6.3972635,-2.3337793,-3.6324153
