yaw,pitch,roll
6.68588,-1.81323,-5.0464845
7.3971205,-2.1539683,-4.658152
2.8066244,-2.2671545,-6.5150175
2.3256137,-4.6030216,-5.4362855
1.499731,-8.219773,-2.0016623
-4.786401,-9.353886,-2.740418
-6.5768995,-12.157934,8.541638
-7.1629896,-13.677384,7.2270265
4.6799736,-8.504335,-6.6027994
6.297577,-2.35464,-11.7597275
5.397195,-4.9958467,-14.167004
10.354376,-5.1463795,-14.091534
14.40753,-6.6164474,-11.527003
15.127771,-7.6293874,-20.037224
16.428675,-7.049477,-21.756992
16.622852,-6.1990876,-20.322493
14.022446,-7.142481,-18.757128
14.699081,-5.2453604,-22.820309
13.85302,-4.427813,-23.115826
11.062124,-9.76111,-25.155216
12.730024,-10.7268915,-26.90068
14.811443,-10.230593,-26.616901
14.857424,-7.345435,-23.87756
12.994074,-8.125927,-27.172766
10.25555,-8.450401,-26.32829
16.486212,-4.445907,-26.280048
12.343939,-7.527259,-26.362852
16.83875,-4.744194,-18.053692
17.075201,-4.4239793,-15.476915
12.334957,-8.986118,-13.999056
5.1933174,-8.30909,-11.726551
7.770186,-10.381567,-2.690547
8.756408,-4.642228,-5.9671288
6.7631063,-4.703691,-1.7674668
9.929784,-4.5109134,-0.48149964
4.717301,-5.592065,-3.859446
6.0075116,-4.2569685,0.89421886
8.938948,-1.8731239,-4.1105165
8.914315,-3.7287436,1.5465297
8.450473,-6.383626,-2.8663373
9.883736,-1.8430982,-1.9706985
10.463853,-3.8001447,-1.1305947
9.217064,0.12620783,-1.7096261
8.310718,-0.51221055,-3.1350107
4.3378983,-2.3580747,-2.3760602
8.936963,-1.2160094,-2.2396746
6.9880066,-0.33518124,-1.8980414
6.440484,-0.60497093,-0.6870446
8.011195,1.1741174,0.81459355
8.693487,0.25562692,0.48890877
8.270631,1.3635439,-1.0616426
6.823871,2.0011454,-1.6849021
7.746827,-0.8570874,1.6416525
6.504219,-1.9557418,0.1108588
8.505306,0.6157379,0.6606933
9.482669,1.6098785,0.536258
9.177776,1.4458287,1.47439
6.4253283,1.4079237,1.281925
10.847168,-0.99874806,1.151097
9.236107,-0.5725529,-2.0539708
10.049228,-0.041041136,2.1754098
9.060784,-0.7664859,1.0328739
11.744847,-3.3500266,4.0578566
10.928009,-4.713276,2.6393962
11.962896,-4.6497498,3.4730325
11.191983,-4.9811773,2.099103
10.474722,-3.6807036,3.2380228
12.044395,-5.817622,1.4516675
13.311828,-4.721025,4.8742867
12.212866,-6.401229,1.6644471
12.664605,-9.817393,-0.15210986
8.342083,-9.614149,4.29572
7.3510695,-6.8483057,3.3386803
6.7100987,-8.959011,2.3681183
7.6740656,-6.68346,2.3448288
7.588578,-6.4850655,2.9618397
7.6421375,-5.8638186,2.252668
8.29577,-9.294327,-3.9837337
8.844001,-3.9165254,1.0345128
10.48065,-2.7963483,-0.9914577
7.440303,-3.6240199,-0.2126795
8.116379,-2.8890975,3.1937447
10.647165,-1.2032509,4.1226044
6.34377,-0.6681197,7.0145226
10.231629,1.7082499,8.194771
7.6040163,2.1818888,8.260888
8.913265,-0.5477109,7.63281
8.493843,1.029212,6.335296
1.9319559,-1.6044755,5.546213
3.3689265,-0.15961337,7.0529337
