yaw,pitch,roll
2.9874916,-13.411535,6.7314625
8.738935,-15.014076,8.285016
6.1181555,-11.539854,7.3814497
4.4126472,-13.828165,9.154995
3.0584788,-14.496433,8.7971
2.0893013,-12.997772,12.272425
-1.2371762,-13.593785,9.438974
2.2192826,-12.640822,10.0798645
5.5104604,-13.39783,12.102102
1.0335624,-11.380453,12.874424
6.7540617,-13.058496,11.539129
5.2725534,-13.648495,10.251968
6.426873,-14.384117,9.413676
2.2728708,-14.441507,10.934191
1.3318756,-14.962383,11.29876
0.1894877,-10.559021,11.021063
2.5386205,-14.021368,10.298576
6.1706185,-14.359378,11.110144
4.333072,-14.509167,10.125521
1.9250886,-11.87112,9.501048
-0.20476413,-11.69272,10.191058
0.9607289,-8.729504,10.783918
2.142435,-9.567587,10.240482
5.8817453,-5.734875,8.792492
4.70283,-3.8585234,9.43223
-3.3448923,-2.02477,8.959698
-5.1165395,3.6911554,9.879083
-3.8297665,2.8149383,7.803177
-0.20341182,-0.6274909,8.647062
-4.6931634,-0.31027502,6.784731
0.7352636,0.00056540966,7.9229765
0.53190565,0.0043218136,9.64943
-0.24979329,1.0210532,10.326693
-1.4526949,3.1321285,7.748539
-1.9258308,0.3764279,5.1734304
-2.396101,-0.63181853,1.8944211
