yaw,pitch,roll
-3.378882,-3.8643804,11.359026
-4.5089335,-3.428948,14.490152
-4.574428,-2.225945,13.140177
-5.348479,-1.4262061,12.595937
-6.329563,-2.0705936,9.287378
-4.4382443,-2.9374955,13.697846
-4.4669604,-2.4857686,12.664951
-6.103589,-2.4933414,9.685287
-0.14994359,-3.6734493,9.457905
-2.9339147,-4.196945,8.497276
0.27791166,-3.9761066,10.411209
-6.292301,-3.8389401,10.898148
-3.7658296,-3.0930882,10.921021
-5.6963105,-4.4920444,12.538474
-1.8357644,-5.017334,13.298464
2.763092,-0.6621057,14.263468
2.5266414,-2.6124122,13.881115
2.9180207,-3.650882,15.26615
-0.38653994,-2.1072245,14.479109
1.7784839,-4.1011252,15.507572
5.776711,-6.7767696,15.334205
3.4298344,-5.309746,15.27027
7.320943,-6.80752,13.552036
1.4288268,-5.0851007,17.992332
4.3360634,-8.071396,14.541231
2.0753672,-6.412426,13.760928
5.266288,-6.2597313,12.914036
1.5309029,-5.7377152,14.355587
1.3900971,-4.840774,16.096645
5.460587,-6.5660458,13.883215
5.3216233,-6.5319357,13.712009
5.0462117,-6.5543733,16.029156
-4.696444,-3.798955,19.195045
-2.9188447,2.4494998,11.8972225
-9.238083,6.8143783,3.1351597
13.809721,-5.3497553,8.697833
