yaw,pitch,roll
6.308228,-6.532963,0.4495222
5.707499,-5.117757,-1.6451268
3.1306233,-5.9856443,1.3346857
1.9215045,-4.7149343,0.45059323
3.6348727,-5.224827,1.0626981
2.5733838,-6.3122506,0.86513025
3.2652938,-3.9343443,2.674388
3.219444,-0.23078793,1.5768995
4.3316836,-2.517129,1.9271439
2.3099568,-3.687251,-0.19369578
-2.4684105,-5.050146,3.2005923
0.6931906,-1.1743678,3.9710221
-1.2644622,-3.4561415,2.263592
-1.0483272,-2.1568027,3.4603722
2.0815449,-1.978363,3.1274157
4.450806,-2.5241814,3.2289057
3.719073,-3.48272,0.39392424
3.5245278,-3.6865492,0.14889467
3.6258998,-5.4276676,-1.1546557
0.9707594,-7.0482564,2.0956903
2.248381,-5.1506824,0.8960135
-1.1215954,-6.0981803,-0.025701225
-1.0039129,-5.57519,-3.7324553
-4.7417026,-6.152919,-9.830353
-6.370099,-3.5134053,-10.337229
-8.652365,-1.0476876,-12.570974
-8.336137,-6.522537,-11.954111
-9.559074,-4.2742176,-10.486934
-10.668289,-4.834171,-10.225693
-5.775195,-4.8312426,-8.012035
-4.9490576,-2.477307,-12.527178
-8.710405,-3.6015325,-12.526869
-3.64398,-4.599976,-12.892942
-5.6136146,-3.1003547,-11.9998665
-6.87298,-5.371229,-11.728435
-11.765304,-3.22612,-12.060162
