yaw,pitch,roll
11.24447,-4.815325,-1.2405782
12.021015,-5.4637084,-3.659883
10.916906,-5.6955853,-3.9860218
11.129387,-5.979993,-4.194814
10.266146,-6.6729546,-5.108388
11.946371,-6.302732,-3.8964503
11.493761,-5.3072987,-3.5277405
13.206448,-3.8054218,-1.9189191
13.63684,-3.540824,-2.274474
10.320629,-3.888927,-4.222405
8.167163,-3.0069528,-5.9447293
9.678043,-3.7571082,-5.235619
9.481102,-0.1062758,-2.3443465
9.584999,-2.5825286,-4.240857
13.673256,0.3955922,-0.91677237
18.60904,-2.9704037,-1.1850961
16.677715,-2.8180184,0.27913344
20.093578,-3.164207,-1.5032678
20.008015,-2.5116718,1.1563909
23.668058,-0.2600196,-1.7231206
24.543388,-1.3763623,-1.3876412
22.39104,-2.3369699,1.5231726
19.336288,-0.2094971,-2.2243104
26.2239,0.3865738,0.89683676
26.11988,1.5168325,-2.1225827
25.148392,0.45753396,0.46574306
24.363363,1.0374587,0.52110946
23.965271,1.2678188,1.5972751
23.147167,0.10101402,-3.8994498
25.416748,-1.0988467,-3.3636408
22.76183,0.46394855,-1.4635313
23.982998,-3.523767,-5.1790543
26.914513,-1.5572089,-1.3166449
25.02361,-4.0725603,-2.6388664
25.028261,-0.35661256,1.4827791
27.852444,0.2545868,-1.6024573
