yaw,pitch,roll
5.3160567,-10.812967,-6.477753
5.467321,-10.298489,-6.933475
7.397753,-9.950023,-8.818345
7.5058465,-10.452179,-8.252276
6.1419067,-10.383181,-8.090162
7.844835,-10.212955,-8.826301
8.43762,-11.529443,-8.071433
9.30948,-10.019219,-8.374287
6.676934,-10.339346,-8.337806
6.1069617,-11.869534,-9.782849
6.7863817,-14.547587,-7.061591
3.2137942,-13.15967,-6.1857824
5.2176104,-8.91251,-3.571359
4.76526,-5.791656,-4.509983
0.83324695,-6.5154514,-4.2636003
0.08984995,-6.009203,-7.3578844
-5.464889,-7.49939,-5.3884487
1.0630786,-7.896881,-4.0793
0.60910726,-8.334454,-3.545607
2.8841598,-6.976435,-1.232678
1.9928675,-4.650753,0.1383405
3.78434,-4.1829205,-0.06045694
1.4007221,-9.027477,1.9331831
-0.24624133,-8.468569,2.539157
-4.776433,-12.488016,4.7496314
0.19383228,-10.746773,1.9385822
-0.104219675,-9.514441,4.0822854
2.1860542,-12.896328,3.755208
1.0668501,-13.433039,2.7252853
-0.8606061,-15.914254,3.7863984
4.242815,-14.79887,4.1129065
0.22145629,-14.607214,3.6076589
0.2292198,-16.330536,4.9226
1.3698065,-15.488274,4.674525
4.124935,-14.291336,4.2537136
2.2965012,-14.945227,4.187493
