yaw,pitch,roll
10.096783,-12.15574,5.319885
9.930514,-13.169181,7.2081833
8.203157,-12.982508,6.761287
7.358487,-16.330568,7.2112474
1.257077,-12.606152,9.427913
7.6751,-13.861912,5.9348407
5.286735,-16.6919,5.787816
7.417702,-12.67757,5.717533
9.198564,-14.367708,4.0467644
11.402018,-17.299706,10.537397
10.141097,-11.724789,5.8156347
12.419993,-12.396751,5.8632345
8.362398,-7.8886976,6.4855485
8.024983,-6.560856,8.311352
4.7324357,-9.017599,8.418564
9.114498,-8.678068,7.8103313
8.228652,-6.1530733,7.9854636
9.633154,-8.356472,9.41153
9.625364,-2.9901147,10.881798
5.543682,-0.15436792,8.351799
6.0546355,3.7916813,5.951566
11.431101,8.878167,9.837945
24.959076,9.732308,10.284863
21.036688,7.6033807,11.713465
19.987476,9.745375,11.953294
19.12666,9.217984,10.771521
18.311893,8.299206,8.66533
16.360676,6.7688093,12.121411
14.905401,10.435569,11.593323
21.972183,6.341362,10.358698
18.25357,6.8067727,9.452904
16.90985,5.3608766,9.9390135
21.665583,4.764188,11.282589
19.255733,2.3091683,9.025127
22.674107,-1.4408517,8.192564
21.8036,0.41825348,7.1710596
