yaw,pitch,roll
1.4700359,-7.934659,7.887621
5.2897863,-5.9907784,6.5682755
0.4951043,-6.171017,7.2824297
2.258037,-6.7116528,6.3308563
3.0405946,-7.512923,2.7444115
6.2041802,-7.093687,2.6778617
8.04267,-8.154243,7.257722
4.913169,-7.448122,4.753052
15.689383,-6.6931496,1.0635338
14.437181,-6.5492897,4.381056
0.7951355,-2.0082057,6.419944
1.8431118,-2.9169514,7.798875
-1.6828938,-4.8413105,9.450421
-0.026916742,-7.8623753,12.038407
14.974594,-3.2691836,9.388048
3.4937325,-1.1123669,12.138916
4.658211,-6.8170614,12.45158
4.622571,-8.578198,10.153809
5.773091,-8.763066,9.308516
9.285074,-9.090597,12.361429
7.0795174,-12.019047,5.4432893
2.1889358,-4.740013,9.566868
6.9024954,-7.7722664,10.475895
9.752535,-7.8035855,9.5150585
4.948309,-4.6030993,9.148511
3.020136,-0.87530494,6.5848236
3.9208183,-2.4637837,8.809328
2.6850014,-0.07315934,8.578478
3.8741753,-7.087614,6.4844756
-0.24922752,-4.3332973,11.639193
11.305383,-1.8247797,11.800159
4.163102,-4.686702,8.938105
9.1395645,-9.036657,13.172247
8.01859,-5.7798524,10.932688
3.573883,-6.5473695,10.763399
4.366554,-5.571481,10.018549
