yaw,pitch,roll
6.2085323,-13.459986,-4.1919537
9.043019,-15.204318,-3.6922765
9.021778,-13.609944,-3.94406
8.232846,-13.870047,-3.5836234
8.518297,-12.817448,-2.8014727
9.137421,-12.030083,-3.420157
8.54453,-10.947975,-4.506426
9.906626,-13.139153,-3.7018993
9.124455,-13.390112,-4.070198
8.833768,-13.941963,-3.5068219
8.877816,-13.924625,-5.066568
9.893574,-13.760471,-4.380739
9.905249,-14.008732,-4.60104
10.245611,-14.481687,-3.3162236
10.024414,-15.47072,-1.1500455
10.206903,-13.430174,-1.9093395
9.905931,-13.422308,-2.9356337
10.519864,-15.806877,-1.5825477
9.062295,-12.561596,-3.4649348
10.041152,-12.807749,-3.9621303
10.767712,-10.845409,-5.428829
11.481129,-12.040642,-4.0549936
11.615828,-11.340715,-3.0101407
9.637377,-9.978224,-3.2038143
9.509476,-11.16687,-3.227283
9.49768,-11.120123,-5.9208
10.4548235,-13.803403,-2.6224632
10.894352,-14.646834,-1.7130208
10.854813,-16.313581,-2.420608
10.773151,-16.130148,-0.7617327
10.732962,-15.502705,0.44122624
8.116077,-12.347467,-2.8331182
4.950609,-12.240131,-5.622493
5.2669454,-10.056929,-7.4945674
3.8661778,-9.23748,-4.160503
5.7628584,-6.8560486,-5.635684
4.604343,-7.3213434,-4.913025
4.2166376,-7.464221,-4.6280146
2.0863125,-5.6980305,-2.50264
5.3765955,-7.590164,-1.3653362
0.51402736,-9.992234,-2.73514
-0.61367154,-10.64952,-3.5699947
-1.9535763,-7.9965987,-5.878173
-2.4387944,-12.051636,-8.734626
-4.750477,-9.315054,-7.2177033
-14.030159,-9.648009,-9.396085
-21.275162,-7.913473,-7.5621557
-21.112436,-8.741147,-2.8013122
-18.33041,-2.9220037,2.937245
-16.01183,-4.4621005,8.544369
-17.514189,-6.655564,9.387156
-17.32347,-4.2846622,7.962345
-11.682325,-9.928726,7.512744
-9.582785,-10.8887825,7.0739527
-5.8239946,-9.341665,7.1695857
-1.549701,-8.960569,6.356599
-2.6760368,-9.858879,8.096849
-4.2083883,-9.611013,6.9134364
-4.1707726,-9.405312,6.1918344
-4.4015937,-7.3577385,7.0451994
-3.45646,-8.1062565,6.863758
-4.069365,-8.511068,7.4573507
-6.407175,-8.104134,7.664562
-5.348608,-7.596527,7.639554
-3.8198266,-6.9975796,7.498573
-2.135818,-7.773043,6.907601
-4.704664,-8.993704,7.625208
-4.1089234,-7.705533,7.8489933
-5.4132023,-7.0524206,7.362322
-3.863504,-8.48544,7.241665
-3.5335636,-7.297417,6.755477
-0.11407977,-9.17136,7.8129053
0.9218124,-10.325689,8.241571
0.9485481,-8.736283,8.050305
2.7520218,-9.357771,7.928748
3.0617054,-6.7731743,9.337095
3.0485916,-8.511162,8.374027
1.6906717,-9.987632,7.8954787
2.4860034,-9.406637,8.2220955
0.20106494,-7.7997675,10.0787325
3.7060661,-8.538699,12.551564
-5.045244,-8.440914,13.595344
-8.93983,-8.282592,12.782198
-6.552515,-8.212557,11.501799
-15.656888,-7.0758967,12.556555
-14.8118305,-6.1121917,12.136364
-16.78912,-5.353428,9.447497
-15.644823,-5.9777293,10.264027
-15.754019,-5.557819,10.417138
-16.038202,-5.1851335,10.0103
