yaw,pitch,roll
49.3563,20.859787,13.737921
59.714314,9.8791,19.44145
46.642166,14.951852,20.141117
71.43821,8.844803,8.547859
61.234467,5.615512,12.63863
54.577385,6.946455,23.077545
64.716064,4.181756,20.297161
59.84409,6.9815865,20.749851
39.18825,6.792401,24.896706
51.554485,6.488329,21.860294
32.20417,9.268623,26.00842
16.967943,9.703712,28.955515
11.71142,8.786248,26.426079
20.323671,7.077197,29.247492
25.423365,5.0028477,29.190865
24.638859,10.68408,32.696465
30.563496,7.4424877,29.322483
22.369267,4.5387554,29.156353
26.23627,3.76741,33.33944
27.981194,5.5643544,31.36032
26.250074,6.2698154,31.077381
29.91869,2.3513987,27.314169
26.0223,3.5800252,24.17947
26.32182,2.4068542,22.559105
28.1626,1.8135707,23.098476
31.527462,0.895967,24.441761
30.549292,4.382749,23.810558
24.00814,4.1173472,21.66837
28.802704,1.6837411,26.087881
26.60368,-1.238522,22.533756
25.187546,1.2934949,24.937967
26.248192,4.360133,23.312172
18.087635,0.9549601,24.541294
23.838099,-2.2781057,24.560404
17.753319,-3.1509452,26.91626
20.46788,-4.7085934,23.674732
