yaw,pitch,roll
3.0355012,-7.997453,0.4788432
0.9735086,-8.244979,1.9118075
0.042189598,-9.103115,-1.727083
-0.16176581,-7.0304375,2.603639
0.7622714,-8.908995,-0.3354063
1.3388019,-9.477562,2.1901028
2.2324007,-9.872037,-0.004886627
2.3146303,-3.4577637,1.3180511
-0.35333323,-3.0111957,2.5659263
-5.7213593,-5.743175,1.159724
-8.332939,-5.0175633,3.9062834
-0.49226892,-1.9577862,6.2008133
-0.5999361,-2.1566293,7.1495447
-0.8540931,1.0109954,6.7676697
-0.37427425,1.1887399,8.423309
-1.626977,2.2702835,8.710503
-1.7677945,1.5430578,7.241537
-0.3700099,-0.8889762,6.806363
0.8911061,0.84146667,9.393113
3.3468924,-0.9990909,9.187009
2.7440686,2.7885904,10.96856
2.4734445,2.6616254,8.655159
-0.48264343,1.5180281,7.2595925
2.918018,2.072219,-0.98531675
4.387521,-3.3579986,-2.1589897
1.682018,-4.794545,-8.404805
4.9607377,-5.7264752,-7.9978514
2.454498,-9.154772,-7.931471
6.2052784,-7.2933693,-13.774213
2.395185,-9.788763,-13.656218
6.8594675,-9.945614,-11.99346
6.847998,-6.878388,-10.614552
4.795271,-8.025475,-11.439596
6.1312795,-1.2633382,-9.808302
-10.589207,6.71581,-0.9794556
-13.952361,9.857265,4.405996
-14.211729,12.217211,7.7413406
-17.972183,14.311684,9.213065
-16.485596,17.9012,13.974463
-18.389091,15.390818,17.080355
-12.971614,12.1891165,22.36581
-6.299447,6.93523,14.089142
-6.897978,10.764135,14.491755
4.67362,4.266923,16.852503
16.357004,2.0051537,12.409481
19.999395,4.525217,8.050504
15.281935,-0.026296377,14.841134
11.877577,9.548845,14.110481
-8.975921,17.142288,19.529018
-12.909136,9.936952,10.434275
-8.585842,3.9641051,5.532359
-14.540689,-1.2484148,-2.1923318
-11.121897,-1.9133536,-13.579554
-7.245369,-2.1258862,-21.167568
-14.523363,-1.1243076,-23.426378
-36.223076,-2.490086,-15.508404
-33.328568,-1.8803914,-14.00821
-44.05147,-1.6432967,-10.769927
-61.303635,-7.9009295,-4.894888
-56.77943,-16.268824,1.2043645
-53.05267,-5.5092335,-3.4808092
-50.77012,-1.7025185,0.569283
-44.677177,6.156359,-8.448714
-31.720333,-5.8742547,-15.970232
-33.93559,-6.4947205,-9.580144
-25.978111,-8.01767,-18.469296
-18.641676,-13.099937,-15.397828
-6.1208353,-14.219022,-15.417889
-8.3019285,-10.192108,-14.224682
0.9488368,-14.539932,-12.518627
-1.078198,-14.167566,-10.175842
2.7217245,-15.262218,-11.976721
3.0906549,-16.079235,-9.170314
3.4495342,-12.579152,-10.841187
13.095057,-16.475937,-11.783652
17.162727,-16.355982,-7.9571676
19.493944,-6.2451477,-9.940362
12.321678,-15.330582,-9.720385
10.789426,-18.93847,-8.852165
1.4284354,-13.230228,-16.15922
14.772423,-15.315781,-1.6155267
0.54594445,-24.74899,2.3772368
2.6194117,-24.504368,-3.387156
0.9298717,-17.711027,-7.7588897
-2.1439407,-19.188976,-10.139781
-16.920706,-12.0202875,-9.7371025
-18.351028,-11.607493,-7.3694572
-23.281384,-7.4621353,-8.9326515
-18.596195,-10.601051,-5.589801
-18.186056,-7.341449,-2.2574112
