yaw,pitch,roll
-16.28897,-9.622995,-2.9572067
-21.530365,-10.004752,-1.8030789
-13.797928,-7.945077,-1.9918538
-16.006824,-7.2435102,-3.5307488
-14.8237915,-10.3714905,-3.560879
-18.893194,-5.53051,-3.6991339
-11.624491,-3.8049517,-6.729327
-10.18231,-3.4771142,-7.1989937
-9.056493,-5.3266764,-7.86267
-13.71734,-6.488256,-11.696098
-7.177858,-6.0835843,-10.956341
0.51979685,-8.452379,-10.490639
-5.419582,-6.374196,-14.092177
0.7577739,-5.716977,-12.2003
-2.0191436,-3.0794816,-10.803688
-2.6722252,-2.5136452,-9.681921
-2.8952374,-3.82125,-10.997677
-3.7456954,-2.6098232,-11.370838
-4.104679,-3.65074,-10.062883
-4.339661,-1.178939,-11.641211
-7.456608,-5.192477,-11.294338
-9.521056,-5.245651,-12.120004
-6.1317353,-9.173172,-11.408989
-19.597166,-13.446278,-12.356022
-23.752872,-13.166929,-13.3941
-28.496803,-9.933367,-8.061427
-24.019333,-12.1473,-15.114239
-13.8837595,-1.2152863,-11.367329
-17.191767,-1.1305531,-11.231673
-15.719296,-1.3172944,-17.150484
-19.152048,-2.979875,-13.254871
-19.379387,-2.04301,-13.502102
-13.112053,0.10686135,-11.614306
-9.59555,4.1131825,-11.664928
-18.354446,-1.0022852,-11.184818
-16.650646,5.049274,-7.367953
