yaw,pitch,roll
-2.645444,-11.120086,-4.976358
-0.41816378,-10.702198,-7.9469714
-1.0050366,-12.83803,-6.7677736
-5.1832285,-12.300603,-5.0375805
-3.4271405,-12.878576,-6.1221237
-1.1795303,-9.142821,-6.0051036
-3.6483254,-12.454863,-6.986145
-0.98895955,-11.140097,-7.01652
-1.8714778,-9.585626,-6.89863
-2.1846492,-10.722744,-7.2573643
-7.147111,-8.626443,-8.970781
-9.98819,-6.6115713,-5.006663
-19.867441,-7.967824,-4.6823473
-16.766457,-12.015139,-0.48501503
-25.861916,-7.768812,0.53623325
-16.45529,-4.0841265,-2.4077017
-15.294636,-3.133435,-5.9214935
-2.6359026,-10.874565,-2.1345038
-8.371361,-4.6580896,-0.96346235
-4.5374737,-4.561984,-2.4801
-12.686689,-4.637706,-5.3900228
-21.379774,-5.194812,-11.474268
-12.470247,-2.6615038,-11.115963
-8.28214,-3.0992038,-11.44686
-11.671604,-5.31636,-4.8024035
-8.523815,-7.4556327,-7.4894047
-15.350048,-5.718739,-5.9496045
-7.1264725,-5.1883616,-4.6110816
-18.34386,-12.902603,-7.1238337
-14.54932,-9.034502,-3.6523647
-22.549831,-11.507591,-0.6568046
-21.926785,-6.127553,-4.1854086
-12.01861,0.77072,-10.64113
-10.937377,-5.5418763,-8.610184
-18.385355,-7.354528,-9.909252
-15.099588,-11.245925,-11.502766
