yaw,pitch,roll
7.9705687,-6.5683527,-16.30542
12.939612,-3.9300885,-11.824341
10.206769,-2.5030415,-11.484453
12.989577,-2.199361,-9.685564
12.236209,-1.3873036,-12.642428
9.9866705,-3.0672383,-12.069556
11.089412,-3.5508866,-9.378197
9.040514,-4.4739904,-9.058356
11.126648,-2.9378517,-9.668827
4.8823504,-7.396992,-9.145537
8.697586,-2.9424736,-7.4623175
1.8860936,-3.919589,-10.335029
7.53612,-3.385531,-8.535834
2.4657197,-3.4075844,-9.097223
2.339809,-4.093247,-8.6600895
0.27974844,-1.1164684,-7.41333
0.80166864,-1.349463,-5.1000447
1.7752521,-2.998489,-5.9239025
5.6879697,-3.5150073,-1.8290973
2.951292,-5.227109,-1.2986526
3.2471461,-5.273494,-2.0975296
0.5090692,-6.8168983,-1.7457469
2.6696424,-7.3850956,2.024384
2.858145,-8.78562,2.6471028
-0.24219751,-11.321083,3.5795817
-0.47743702,-11.836872,3.0388112
0.8332751,-11.473507,4.790794
-2.8961842,-13.125162,4.621911
-3.8708372,-14.358303,3.8792171
-3.4713328,-11.920099,4.3530407
-0.6935528,-11.74089,3.7237327
-2.9131799,-13.655896,3.1283958
-3.094401,-13.688974,3.3049002
-6.694214,-12.857763,2.7046716
-4.275552,-10.870388,3.0272074
-4.1222076,-11.670175,3.1782358
0.8990605,-9.301294,3.8820024
-3.8251796,-10.140537,2.6535895
-2.3241296,-11.494408,-0.08883041
-3.751749,-9.674066,1.5991876
-4.2276516,-8.41011,2.466792
-3.083985,-7.2225866,-0.27739525
-2.0645225,-7.1070557,-2.8327906
-3.8551164,-8.187832,-2.4587636
-3.590209,-5.921881,-4.0947046
-4.0174065,-3.6727242,-4.522802
-6.321413,-5.163941,-4.6344743
-7.438605,-5.528571,-4.9147825
-6.2189574,-6.723669,-7.9229317
-5.2333937,-4.816055,-8.390524
0.58334494,0.5054156,-1.0317847
2.8334124,1.5134174,0.022865653
4.990414,3.822432,3.8777833
5.256063,4.996334,6.2262516
7.9873595,6.0629797,11.06006
8.285654,4.708249,9.451232
4.7428875,4.655427,11.386767
3.5581365,6.4582496,11.63271
2.006509,7.2914934,11.597802
3.4132104,4.551088,11.696479
6.04767,6.4089885,11.882103
5.4435663,4.850561,11.431371
7.7365766,10.224876,10.129145
14.208122,6.4559464,7.808999
10.525346,4.3067713,5.2706623
18.33541,1.950726,5.1961393
17.075169,3.8753996,3.464628
11.62726,6.053809,3.4927912
10.879843,3.7431798,4.8281155
9.182522,6.1504,3.1062548
10.958016,4.0596504,1.7623961
1.58776,7.745926,5.8868895
2.7424095,9.965778,3.0409865
-0.21409678,8.725295,-0.1282301
3.5739918,7.584236,2.0079963
1.5253651,9.80704,-0.42294946
-3.7974668,10.8334465,1.0257859
3.7257233,9.198446,2.295611
-6.866086,11.273301,-0.17458606
-6.326667,9.626045,1.139184
-14.24014,12.864339,-2.3316605
-8.030154,10.773199,0.6941987
-11.433163,8.707802,0.5348964
-7.290602,7.523436,0.4950153
-9.25599,9.27653,2.5232246
-3.7102318,8.069117,2.3710942
-2.7729354,9.743005,1.5704296
-1.7888694,10.050293,1.7235938
-1.1652255,9.4012575,1.2242675
-1.2365246,2.7593317,1.5729215
