yaw,pitch,roll
-1.8073108,-8.979773,-9.394321
-3.0554929,-8.661066,-10.168251
-2.1756697,-10.02532,-7.6853027
-3.4351249,-9.932107,-7.6286573
-3.7632575,-7.9728374,-9.69756
-2.198275,-9.47859,-10.104221
-1.6111598,-8.103246,-11.562447
-0.4668808,-7.065785,-11.940233
3.7129586,-7.4873686,-10.815033
0.6497394,-6.16706,-9.795972
1.097928,-8.05327,-8.948953
0.03621769,-8.065251,-8.957502
1.492763,-6.304841,-7.9837613
-0.98432875,-7.3320675,-6.170079
0.38588166,-4.258842,-6.992345
1.8300874,-4.4539275,-9.564606
3.1971493,-2.093174,-9.861441
4.203802,-2.0334325,-10.215914
6.3078156,-2.1044302,-9.183065
6.602529,-0.746095,-9.2205
2.8209026,0.9994798,-10.757437
8.906776,-1.3853201,-8.767711
4.9952393,0.4946038,-9.595912
8.592668,2.6139135,-7.901993
4.1380286,3.9041138,-5.2856956
3.33267,4.6053386,-6.0217166
2.5235672,3.714287,-9.564182
5.426472,2.8804104,-9.360137
3.452477,5.674325,-6.6685286
2.7390983,4.8457947,-5.4291353
4.9119844,2.3006096,-2.513794
4.4729466,0.43119553,-2.0476248
9.608187,0.22815776,-0.7412293
5.564886,-0.20826864,0.58770835
3.2337942,-4.654427,0.89564246
2.3091912,-2.6392908,1.8886487
