yaw,pitch,roll
-11.566326,-2.5707235,-4.2142243
-1.574336,-5.3254924,-2.7654312
-6.756584,-5.921974,-4.101
2.0343022,-6.5240045,-0.37422606
4.559862,0.6704454,1.4936004
3.0383177,2.3784628,0.45648134
3.0694852,5.5998697,3.269087
5.5230618,11.926514,3.3567762
1.5316501,7.1680717,8.806638
-9.127353,6.9904118,10.1834955
-9.619282,9.984892,11.082814
-13.9280405,15.48172,10.793811
-26.271605,9.375452,12.945648
-12.756368,9.1647005,15.432041
-16.699991,1.5724037,17.438549
-18.895744,1.624773,17.461111
-15.650266,-1.4724922,15.511205
-8.285622,-0.47174156,12.680725
-5.7118616,5.4163375,10.692572
-4.3895154,7.265279,9.254774
-8.722017,6.0327377,10.205478
-8.648417,5.394599,10.130808
-8.854262,4.3037853,11.617863
-8.594969,1.6869546,11.981865
-11.537404,0.7231622,10.280682
-10.229434,3.3809228,10.6445
-8.495388,1.6913316,10.896027
-8.928192,0.89965105,12.112286
-11.063818,1.5043571,11.652943
-9.749271,2.2886608,10.648751
-13.490107,0.18411613,9.950069
-6.532289,2.6760929,9.104016
-8.827147,0.5031343,9.182213
-10.048821,-2.1454048,8.617041
-9.277173,1.4013606,9.971293
-9.0852785,-1.3194909,9.986816
