yaw,pitch,roll
-5.5382786,-8.675484,-18.155788
-12.3258505,-7.8890905,-19.268158
-13.152221,-6.541422,-18.756046
-11.930592,-9.221168,-20.647802
-13.205481,-7.0681605,-21.76559
-10.636958,-6.153329,-20.622461
-7.10362,-6.224698,-19.554863
-5.7876167,-0.93501735,-20.346981
2.5469089,-4.59708,-19.54357
2.1526268,-1.915719,-18.656384
-3.3014102,-6.293682,-20.269737
-12.556046,-8.106672,-20.244144
-14.271339,-8.6977625,-21.316868
-13.05995,2.344128,-26.45685
-9.569849,2.0006733,-29.115562
-11.486376,-2.267353,-23.739971
-10.753206,-2.7429385,-25.063988
-8.941815,-3.291449,-20.343567
-8.457429,-1.1247416,-23.784288
-9.592285,-1.2398129,-19.109196
-7.3901796,-7.5366616,-17.340836
-5.651789,-7.789761,-19.173443
-16.879406,-1.6036382,-18.126804
-13.984817,-0.9974117,-13.943176
-21.93292,-4.003932,-12.901842
-22.460148,-2.445836,-16.22685
-20.000511,-4.165983,-18.67086
-19.50025,-4.3609056,-18.415226
-21.23292,-9.329,-16.602215
-22.022873,-10.845506,-18.003376
-11.352957,-10.7480755,-18.157988
-14.380112,-8.683986,-18.118935
-0.6975851,-3.5230317,-19.819553
-7.965959,-3.2282958,-17.642786
-11.573736,-2.413219,-19.102106
-18.301579,0.2944257,-17.545134
