yaw,pitch,roll
-18.662132,-6.325669,0.9354329
-20.636822,-12.220207,0.22857285
-19.355835,-10.552158,0.017866135
-20.326109,-11.685921,1.22967
-19.471077,-9.802858,-1.6653113
-19.155594,-11.420115,-2.2816234
-19.31327,-8.281572,-2.123139
-15.054966,-9.843609,-1.2195177
-13.381395,-10.938768,-0.3782897
-14.309357,-8.255775,-1.5536699
-12.743428,-9.010185,-0.34785938
-20.223043,-6.407915,2.7230682
-18.09981,-5.3759327,-1.9921684
-13.191262,-12.238614,1.3222017
-11.524588,-9.959957,0.78358173
-12.725679,-10.484522,0.15303135
-18.719624,-11.774229,1.7504921
-16.47805,-14.626043,5.3377013
-14.980518,-16.325766,5.46318
-13.6784,-13.94916,1.1027093
-16.476528,-12.227432,2.2088165
-13.205822,-16.339989,2.3874636
-7.9468455,-13.919222,1.8337326
-11.78339,-12.992664,2.847292
-9.613402,-14.418608,3.79412
-7.7652607,-14.647728,5.7402477
-9.579461,-10.604295,2.9104366
-15.793946,-9.233135,1.7206974
-18.621609,-5.0460825,3.704567
-9.063424,-10.556203,7.226969
-14.461642,-11.778276,8.848205
-13.513365,-9.624731,0.39131165
-8.42168,-6.557848,-2.1463819
-15.40703,-8.589468,1.7824388
-9.878509,-9.929123,-0.71636486
-7.1277146,-13.701867,3.7952151
