yaw,pitch,roll
2.9238048,4.328644,-4.9669685
3.3785,4.2447376,-2.5060441
0.6832579,4.542779,-0.8618944
0.7155243,5.9517097,-0.86354244
3.061508,7.4537487,1.0027778
5.7424765,8.106895,-0.036671177
1.837916,7.1000013,-2.6387084
3.3607392,7.0018187,-1.0503447
2.5107536,5.7843127,-2.9051597
2.1234365,5.631457,-2.313171
3.072957,6.879011,-0.46347928
3.9718852,5.6018867,-0.33480096
3.8335395,5.211423,-0.42465234
3.4181995,5.294422,-1.8088818
3.3104303,4.8745728,-2.0914433
2.3823519,5.128297,-2.9138894
4.356176,7.850032,-2.6449142
2.7897158,6.5449038,-2.9954057
2.7800403,5.6021566,-0.89083886
2.713658,4.878389,0.21098065
3.125737,4.611558,-0.27382275
3.022766,3.162274,-1.6662931
2.8514216,3.5452836,-2.3833122
3.1828809,4.1562934,-4.6014166
2.8121836,3.8470473,-3.6243284
3.6990194,3.9304795,-2.6810749
2.7050817,3.1506844,-3.1250417
3.3427649,3.8872585,-3.2872212
3.3371832,5.99121,-1.9486948
3.444485,6.6570435,-1.6831787
1.9622436,5.123805,-2.2678463
0.84500444,4.0471935,-1.2805632
0.93817186,5.1844034,-0.7573936
0.10614228,4.7853727,-1.8764924
0.662766,3.7475991,-4.0345187
-1.1733876,3.5138164,-4.5400133
