yaw,pitch,roll
0.86238647,-4.347096,-2.0442014
2.8560205,-5.18269,-2.1270359
2.5724487,-4.2141075,-1.9368447
4.2150235,-3.7347536,0.74003756
1.3223581,-3.2656417,-1.5093989
-1.2919462,-3.1397185,1.7885218
1.081433,-4.6077404,1.801254
0.8021333,-5.2355456,1.0277568
1.906388,-4.6073666,-0.6104357
1.4771469,-3.3126006,-0.2933534
-2.333621,-3.7453866,-0.278089
1.0624449,-3.180758,0.2750791
1.2189225,-3.9722755,-0.94051
1.0328137,-3.8322988,-0.049543988
1.5053332,-2.1421573,-1.0265049
0.9879831,-3.826391,-1.2460848
2.8643646,-3.0085692,0.028824031
2.603917,-5.788703,-1.640276
3.8602607,0.11880255,-0.4009899
5.2255306,-3.9035602,0.53253293
5.0561647,-2.87861,-2.9913304
5.4328766,-3.6695821,-0.8948507
7.616867,-3.547193,-2.75668
6.125146,-4.2830772,-2.0142438
7.612434,-5.5709968,-4.5646772
4.9909773,-3.0109608,-4.092839
5.3156424,-2.2537305,0.08284724
4.2819552,-3.1602833,-3.0355697
5.1047063,-4.136125,1.9783854
6.304802,-2.9558232,1.3473228
5.716249,-2.2795975,1.3588665
4.356409,-2.457861,0.19564366
-0.31977284,-1.0698613,-4.077623
5.6330314,0.3255185,0.5804277
8.065849,-1.7023753,-0.43974555
5.6684246,-1.8244826,-1.871284
12.594709,-3.0825195,-2.118276
12.649518,-2.7975695,-0.19234872
7.266387,-3.288379,-0.6196905
7.0126696,-4.1746607,-0.6311865
2.18162,-4.9708304,-2.9632423
4.760499,-4.7288733,-0.08288586
3.2215676,-3.5288131,-1.240602
4.617896,-3.6330757,-1.4127208
1.9437022,-4.1652265,-1.1935847
4.099924,-4.484591,-2.3085184
5.751066,-3.5360296,-0.14138387
7.110069,-3.8436189,-1.3933926
4.4863677,-1.031538,0.404006
6.4390373,-0.07035184,-0.16927898
4.247198,-2.626108,-1.0835679
6.653055,-3.4810886,-2.4776611
5.6209717,-4.0139546,-3.2938452
3.6765187,-5.6708736,-2.3940988
2.7583098,-2.816957,-3.6400628
2.1904862,-4.8053145,-2.5736246
-0.35544813,-5.242524,-1.0007445
1.6249733,-3.4108775,-2.725419
-2.6402173,-6.499662,-1.5668806
3.0542295,-3.335165,1.2701575
6.333517,-4.2889934,-0.49027467
6.917893,-3.8202286,-2.3443713
7.0483694,-7.125006,-2.8576849
6.4468155,-6.4957104,-1.7203263
5.561596,-4.375053,0.29503596
8.919206,-6.8136253,1.647246
1.2513311,-6.1998086,0.89855057
2.1639078,-3.8531227,0.32416725
1.1768794,-6.5387955,-1.36534
7.1297283,-6.0506673,-4.095226
5.663144,-7.471404,-2.2657814
3.4403515,-6.7103844,-4.0853777
5.6253223,-4.378038,-5.052355
4.12934,-3.8551934,-0.4061172
5.645955,-3.7342808,-2.2221997
9.240363,-5.7193246,-4.308363
7.049471,-6.0316896,-2.6157637
6.223549,-5.9009886,-1.6045353
3.1096601,-6.557146,-1.6193836
4.2018614,-6.5985546,-2.2538266
-0.42112136,-3.6925259,-2.86196
2.689724,-4.8555746,-3.3525624
3.5880792,-7.573906,-2.2603378
6.462682,-6.9675655,-0.25142455
6.7394123,-7.8577414,0.81359935
9.808856,-4.159,-0.17177236
7.3228126,-5.930337,-0.92900157
10.94718,-6.5924406,-0.97215176
15.291009,-5.3640637,-2.5612397
7.3330603,-5.705482,-2.2609878
