yaw,pitch,roll
9.258356,-9.786437,-6.2705355
9.2798605,-10.174386,-8.224024
10.441418,-8.594819,-7.6674004
7.9469852,-10.648862,-10.512806
6.386385,-9.866259,-10.187939
10.933756,-5.5902476,-6.2968926
8.101801,-4.3178315,-4.280794
7.8502336,-5.099235,-4.8604035
1.6503334,-8.725165,-6.7372704
3.3314395,-10.4744,-5.3133087
-0.9106853,-13.846739,-5.4279118
-2.0533056,-9.6747055,-4.071707
-7.0778923,-10.543856,1.1468818
-11.988459,-16.354847,2.7678463
-10.03453,-13.314932,3.1992428
-13.951233,-14.341045,1.6531465
-13.035207,-14.116823,0.011209905
-12.287742,-12.579056,-1.6020439
-13.271543,-8.002239,-3.3137681
-13.548871,-12.27875,-4.8043866
-14.463633,-9.0086775,-1.9449294
-13.126237,-14.512217,-1.1527984
-4.4267344,-10.999394,0.1615252
-11.314772,-12.367624,-4.121009
-10.581192,-11.289951,0.9229227
-15.386751,-11.366199,2.4716923
-13.206707,-13.446243,-0.2704702
-10.837141,-11.986407,-0.7103106
-6.9984837,-11.132869,1.1165873
-6.7545276,-12.285464,-0.5480856
-3.0381591,-15.022505,-3.8115854
-7.8823147,-12.691891,-1.9895761
-7.3305874,-11.981262,-1.7871877
-12.789749,-13.38945,-0.724833
-13.676674,-9.645336,1.8421369
-18.295816,-16.886187,3.5290532
