yaw,pitch,roll
-14.665391,-11.098562,2.9506073
-12.7955675,-9.979397,3.093938
-16.517553,-10.716071,1.8984132
-14.25876,-8.40046,1.947108
-16.82344,-8.0011,0.16929694
-20.657135,-8.679547,2.1316717
-17.235859,-10.196019,2.929154
-15.801056,-10.127163,2.8947887
-21.121994,-7.3104296,0.18185382
-15.783131,-8.564427,2.4062386
-22.042553,-7.54074,1.0323051
-20.702654,-6.8499894,2.7529855
-21.03769,-7.0976553,3.5828156
-15.360144,-8.16419,1.1782942
-17.34987,-6.9209566,1.7289953
-17.07936,-6.966956,3.085762
-16.467876,-7.3514166,2.113161
-17.544933,-5.0815635,4.267026
-10.13005,-4.4962187,2.98138
-17.608738,-3.586357,1.2228758
-21.224371,-9.3568125,5.666478
-14.243261,-9.507327,3.5343018
7.9107337,-6.228433,2.8992174
-5.132957,-8.615925,0.41980726
1.0410919,-5.085903,1.4161392
3.104614,-5.3302245,-1.1755135
3.0129564,-4.434679,-0.044909716
3.9236526,-4.5052056,1.526945
4.3908167,-4.199971,0.19902253
3.852143,-5.352847,1.8274833
-0.549243,-6.285247,-0.21479261
8.536103,-5.242204,-0.87300515
5.898555,-3.4411724,-0.01948154
3.2486463,-5.3436527,-2.8695402
0.93771505,-5.0412436,-1.8827819
-7.930529,-7.298125,-0.8618578
