yaw,pitch,roll
0.58427835,-6.648272,0.072401166
1.9945381,-3.1352115,1.0375344
-0.14328432,-4.513202,1.2116061
0.78149986,-2.7118325,1.7079357
0.9257884,-1.3073272,0.94978094
0.7812395,-0.14675844,1.2032857
1.0569978,0.16750652,2.8935041
0.3611331,-0.079363704,-1.3001478
3.1105354,-4.1456075,-0.72754836
4.0690985,-3.8046203,1.0165496
2.47385,-3.449366,2.1177282
4.253239,-3.254147,-1.8169162
4.7649536,-1.7814732,-4.0493402
2.8754153,-3.3931077,-4.59139
5.5514007,-3.2374802,-2.48308
5.8995485,-2.7344985,-4.7416916
5.1806335,-2.1641932,-1.9803786
3.5486546,-2.2611065,-0.6307845
2.338981,-3.349154,-0.7963942
3.7685096,-3.3312514,0.2610499
4.847481,-5.275736,0.38589942
1.3691735,-5.3779755,0.6109992
-2.5802777,-5.5408998,2.4984121
-3.5612712,-7.6090255,2.30931
-5.796753,-9.14298,4.052264
-9.465051,-9.606675,3.7230852
-9.640921,-10.988804,5.6002493
-11.801006,-8.822386,5.414283
-12.00304,-8.281601,4.4641576
-9.260574,-10.189659,2.777595
-14.945557,-11.563861,3.5445697
-11.341053,-7.039736,1.5912902
3.7553089,-9.379794,-1.8328639
-0.51713324,-6.015442,0.89490646
5.1752753,-4.8097544,2.4372952
2.2681868,-3.0080972,-0.99531645
5.7030787,-3.1169019,3.361211
5.2142234,-4.544806,1.5039418
3.525424,-6.5449076,-1.2109059
2.2517924,-5.8054338,-2.0384219
5.23432,-11.90944,-7.232429
9.136099,-2.3781216,5.4635496
18.082401,-11.820205,5.093589
13.079558,-13.6994095,8.856434
3.9718494,-9.59078,6.421559
8.610604,-8.532903,8.849626
0.5448618,-7.587076,9.127456
-4.2610617,-8.288768,4.354984
-14.918211,-7.54173,5.2463007
-12.211393,-9.759747,4.705323
-10.927414,-4.730296,1.8049859
-15.942982,-4.1262665,2.41487
-12.64412,-4.852075,2.5725589
-9.127685,-4.59604,2.31697
-5.0474925,-4.910098,2.5517488
-3.1711187,-7.5710425,0.7142656
-12.291155,-3.9884357,-1.5864561
-0.045579433,-5.5481486,-2.9115155
2.3846717,-6.5945497,-4.536818
1.656511,-6.0615377,-5.4372835
7.7079206,-3.6160722,-1.6427946
3.1945443,-8.125376,-4.536668
-12.25897,-6.4827394,-1.1125644
-10.285005,-7.2586346,-1.6459957
-11.067334,-5.856749,-1.0848194
-16.682827,-6.5794477,-2.5848815
-15.788947,-6.979147,0.7361577
-14.936138,-8.403445,-1.8900337
-8.971705,-6.854704,-4.417845
-12.315876,-6.3173285,-3.1114564
-13.396361,-5.6261773,-3.537566
-15.229828,-3.8457608,-6.0444202
-2.6897275,-6.3923254,-2.0320632
-9.340343,-7.6943464,-1.2476943
-10.192587,-5.531493,1.3949772
-5.1915827,-6.6354003,-0.51133275
-6.348508,-4.9441595,-2.57598
-10.140047,-4.295079,0.6443007
-7.36848,-5.2749543,-1.8252175
-7.406887,-6.5839424,-0.8413737
-4.2454247,-2.69302,-5.6786504
-5.362394,-3.5537395,-6.158487
-10.842818,-6.811892,-3.8962884
-16.039154,-4.221107,-3.681551
-14.672256,-4.7898054,-1.3929332
-11.413092,-5.88517,-1.1369731
-8.988047,-6.7111025,-0.58956957
-5.886836,-6.763687,-1.3977499
-8.7575035,-6.5374775,-3.802124
-8.014126,-6.696045,-2.342173
