yaw,pitch,roll
8.119228,-11.092461,4.661747
1.7118893,-11.767883,5.4378586
-2.5864618,-13.367735,4.432163
-8.749676,-12.261919,3.361498
-9.871317,-11.191764,8.906126
-13.666431,-13.080103,9.737024
-20.004162,-20.338709,11.741654
-13.107875,-14.360825,15.386442
-6.091692,-15.333697,12.456209
0.9017782,-17.148994,19.710247
-2.1834738,-17.248518,17.75418
-4.726806,-13.914839,22.333082
-5.8679533,-11.317886,16.62808
-4.1107426,-12.823003,12.330599
-11.4295845,-12.723804,11.334442
-12.441358,-11.042117,7.8069625
-19.054192,-13.134734,4.2235565
-15.336335,-9.222158,4.1948347
-12.1247635,-6.6936483,1.2257022
-9.731866,-7.845275,-4.7598853
-3.873225,-7.799651,-0.13734466
-0.85720706,-9.247388,-4.6360593
-0.33780932,-9.769121,-2.7238412
-2.8681028,-12.294555,-2.6534543
-5.447694,-12.8772335,-2.9270475
-2.3327599,-10.988369,-6.089447
2.81593,-7.780564,-10.64777
-1.1981733,-5.6689844,-12.001226
2.9403503,-4.708751,-7.1329093
4.9467545,-8.635498,-7.8876295
4.7457614,-5.561082,-11.300214
-2.8154383,-7.497493,-15.334232
-6.517708,-8.248725,-12.10319
-2.1190886,-17.296816,-11.366343
-1.7733281,-16.955734,-17.004875
4.756389,-18.097458,-16.905106
10.254032,-11.299302,-20.514566
8.846314,-11.203603,-19.001217
2.5251513,-11.361008,-20.3992
6.5560555,-12.922234,-19.434258
11.558876,-8.465339,-17.845371
9.840407,-10.789928,-17.57391
3.7174702,-8.974817,-17.586948
1.0507472,-14.121788,-11.894587
3.4717953,-14.021719,-11.36396
1.4677258,-11.060359,-6.393518
-3.3848374,-13.372446,-10.359373
1.8084319,-6.394635,-11.128543
-22.060295,-21.789965,-8.441643
-26.37347,-26.665905,-4.5926657
-17.284529,-23.721626,-12.358565
-12.330299,-17.671083,-11.777665
-14.120029,-16.649738,-9.671179
-5.5002503,-19.749432,-15.059692
-15.497321,-16.221226,-13.677622
-20.416405,-12.610616,-15.481224
-25.169718,-5.5126157,-16.588604
-24.382479,-6.4343114,-12.318405
-28.803764,-1.9231584,-12.887856
-23.593174,-5.148397,-9.412244
-22.980007,-4.820874,-6.220909
-19.702295,-6.4568567,-4.831595
-14.806183,-5.547165,-3.7941768
-13.239365,-5.0300746,0.0437904
-4.1935234,-3.4700768,3.507266
-8.613206,-2.01902,5.9359307
-9.840185,1.5928372,6.8920393
-6.7936974,1.5839107,5.3734145
-8.361073,0.11557531,4.7118487
-9.221756,-2.0550063,6.1399965
-12.488556,-4.169566,6.483795
-10.41807,-3.9307342,4.8786335
-14.834665,-6.4783535,0.2394281
-17.54345,-6.4475327,1.6207018
-17.237389,-5.2330627,1.1364374
-19.140083,-5.8799806,1.8882883
-18.431137,-5.2190475,2.0348058
-19.796953,-2.7525105,2.468849
-23.608887,-3.7111647,4.551447
-23.900724,-2.517235,2.8193288
-24.619843,-4.545253,1.2542944
-23.662148,-5.2271376,2.0209582
-21.454983,-2.8853498,4.4035454
-21.742067,-2.299216,3.7940137
-19.894424,-0.6341288,5.065916
-18.90221,-2.0639684,5.271903
-19.83067,0.83169556,6.4344974
-21.228558,-1.3383768,2.4944372
-19.919216,0.92798924,4.255845
-12.758701,-1.6449589,4.946318
