yaw,pitch,roll
-13.186495,-14.607888,-11.980085
-18.071127,-17.070091,-10.677236
-17.938873,-13.722802,-11.450361
-15.604244,-14.405563,-11.916925
-19.033772,-15.319023,-10.357771
-18.504707,-16.601542,-10.0151615
-18.863316,-14.808406,-9.726279
-23.771837,-13.784553,-12.758686
-21.003357,-14.441847,-10.133099
-24.850075,-13.515608,-7.8328395
-21.444288,-13.830628,-9.141658
-25.826334,-13.176184,-9.549734
-18.817137,-14.332071,-9.202736
-18.11154,-14.333113,-12.7807455
-18.304798,-11.724918,-12.039888
-16.27723,-14.554003,-13.601691
-14.613349,-13.061861,-11.237791
-18.176092,-13.528857,-9.700785
-17.834866,-12.675829,-9.868765
-18.3397,-14.338486,-7.3382125
-18.295885,-14.639162,-9.880861
-21.950077,-18.551628,-5.7936
-19.60005,-16.850294,-6.8851585
-21.934383,-14.916395,-7.969303
-19.699102,-18.276474,-8.424922
-19.167511,-14.298481,-10.481123
-19.33741,-15.008585,-8.94131
-19.377583,-14.607814,-8.631382
-13.493543,-14.647988,-12.638155
-13.416358,-15.557928,-14.414186
-16.330498,-13.691385,-13.144312
-17.574003,-13.532538,-12.528429
-16.690443,-12.423242,-15.454714
-15.673454,-13.61224,-13.371814
-17.80409,-12.304435,-11.361281
-18.865467,-14.265365,-14.083915
