yaw,pitch,roll
-5.8614483,-25.371967,1.0254368
-5.4364424,-22.401428,-0.0527609
-5.38593,-21.501106,-0.6930238
-7.328211,-21.79916,0.16199565
-8.532316,-17.93401,-2.616613
-6.3310213,-19.9822,0.81111765
-12.55153,-21.605816,1.5128192
-20.668879,-16.630198,1.7371733
-10.895301,-15.571959,-9.765673
-24.463512,-5.667833,-6.0052166
-22.168598,-9.178894,-10.095515
2.6437805,-1.2275283,-6.4394407
9.268919,2.841448,3.1057582
-0.6749201,-2.5230405,-8.177189
0.6738713,-15.961002,5.331867
0.570591,-2.7410853,-2.8654854
-2.9476218,-5.549474,-3.676394
-11.406202,-19.443775,5.046284
-6.4527273,-4.6423283,-3.330226
2.9595985,-22.752764,6.6642656
-8.832208,-3.5313337,-2.669656
-9.315381,-4.8610773,-2.2354834
-20.730206,-2.8787222,-1.7744493
-11.88388,0.18151164,-0.16382277
-11.751051,1.5667744,-0.9175342
-13.207388,2.0299783,0.3118776
-13.37725,0.37530482,1.775424
-21.395527,-1.3353953,-4.189144
-20.10052,0.62943757,-6.170825
-24.030003,-1.7172873,-2.3621342
-19.136902,-0.6625643,-4.9509068
-13.289421,-1.1670914,-5.668379
-17.294659,-3.3578198,-4.614935
-18.87785,-4.1375103,-2.2221963
-21.818241,-0.990772,-2.326323
-23.875889,-1.2694186,-0.059108496
-23.171444,-0.3267858,0.9798428
-25.69106,-1.2862638,1.6330228
-17.796406,1.8069426,-0.89807796
-21.019867,0.21999145,-3.8693755
-15.113102,0.6903221,-2.3877714
-9.422359,-2.856066,0.16532487
-10.145939,-1.6649557,0.090194106
-13.872009,1.6431227,-1.7160597
-9.06959,3.0795784,-0.78676534
-16.230495,2.21961,-0.81167597
-15.264081,-1.7462858,-1.2440157
-16.21771,-2.186791,-0.5514114
-18.178864,-3.9145768,1.1661122
-14.601292,-2.6288433,0.91246176
-11.899585,-0.7356143,-0.9725195
-18.667603,0.6743014,-6.051237
-17.194155,1.6334915,-4.9320126
-21.217318,-1.2416388,-3.9389868
-18.913914,1.7669635,-4.7946043
-20.311924,-2.3535275,-2.2914622
-11.600121,1.7793133,-0.73481905
-10.908452,0.9182082,-2.5323143
-3.8068411,-1.8414292,0.45044327
-3.07695,-0.53936523,1.1156868
-9.173554,0.65570617,-0.49668264
-6.920295,2.058874,-2.2509315
-9.202965,3.0319433,-1.4282086
-7.5351295,1.1400805,-2.6643329
-9.151861,0.2105341,-4.258816
-8.970969,-1.0033805,-4.6999445
-10.141839,-1.5615182,-3.7313678
-9.811955,-0.98034763,-4.1479735
-4.871173,0.31621885,-4.436563
-1.1162539,1.7267284,-3.2276394
1.1356812,0.74212694,-0.8654881
1.096504,-0.95409125,-4.072379
3.4098792,-0.7614008,0.17359865
2.669156,-1.5883172,-0.9618161
2.7168367,-1.7492678,-5.11822
1.7968931,-4.489455,-5.5497723
2.9754758,-5.5414567,-3.2555342
3.9698286,-3.0785904,-2.5649347
1.6380947,-2.2188983,-2.1561644
3.2769854,-3.061679,-2.848455
1.4750322,-1.3267548,-4.719397
1.0360715,-1.979308,-2.9273045
-3.4134169,-5.4135857,3.0562305
0.9866338,-4.833228,2.9957132
1.2634277,-3.6297615,-2.0622332
1.1293869,-5.03557,-5.0666857
5.6016493,-6.3418884,-9.299637
4.9668183,-4.039539,-3.7606654
7.7586317,-3.049934,-7.0937643
8.340209,-9.697261,-10.190303
