yaw,pitch,roll
-6.763422,-12.4700775,-7.297159
-6.627339,-12.618721,-4.0515556
-7.386857,-14.157855,-5.285105
-6.03557,-12.572426,-6.9485273
-11.545456,-12.867189,-5.5603666
-13.385022,-10.463982,-2.5065155
-10.262801,-12.098093,-4.0652385
-14.574386,-13.36025,-9.112326
-8.331546,-13.8488245,-9.506453
-11.325269,-12.313731,-6.389527
-8.074271,-9.815395,-6.5561438
-8.456842,-6.692634,-5.525505
-1.885711,-2.4365268,-5.6094956
-7.0275803,-4.2389984,-5.1751137
-6.816139,-2.2285876,-5.061205
-3.3089323,-1.0049618,-4.870386
-1.3866692,-3.5685987,-3.6883967
-4.2073555,-2.989044,-4.6941414
-8.024406,-0.594043,-5.633569
-8.4011345,-3.2854185,-4.770488
-8.740677,1.1124852,-2.6166444
-12.814268,-6.3288293,-2.7503324
-12.544291,-7.2352605,-5.388063
-14.323093,-5.8610306,-1.6237447
-13.287239,-5.050344,2.3799036
-16.371513,-7.674053,-0.60436606
-12.307882,-6.636482,-0.38983506
-11.995548,-7.580642,0.62200165
-10.8855095,-6.9381695,0.38629347
-9.832985,-8.474222,-1.0594292
-10.683649,-10.346178,-2.6083636
-10.175677,-9.091738,-0.9405654
-9.486329,-9.350709,-0.036618233
-6.2509637,-11.20319,-0.38113874
-9.73151,-10.868369,-2.4377024
-7.113669,-11.544808,-2.3295507
