yaw,pitch,roll
17.456242,-0.60594237,7.182888
16.30313,2.7063775,9.385517
17.787022,0.44391382,6.952807
16.822676,-0.46034575,7.112611
17.798569,-0.60395503,6.598489
16.004599,-0.22865754,6.9806533
17.807335,-1.9775119,7.1835256
16.718794,-0.64966905,7.6832786
15.67263,-1.4942214,7.0691147
15.795467,-1.8202071,4.8344326
14.015125,-2.597711,4.0099545
15.397497,-2.751617,3.7153707
14.028565,-0.08808577,4.0090866
14.947916,-1.9690783,3.9100442
10.013601,1.3591633,3.3525138
11.056774,-0.4896393,4.984067
8.552862,1.25642,5.013449
7.0632076,3.07216,6.995371
6.931534,1.0703799,7.0456448
7.112076,0.4761716,4.149755
4.8178306,1.3020021,6.1201015
5.072252,0.061631635,7.314589
3.0032306,-1.4840449,5.9631186
3.800833,-2.6390676,4.893529
1.8861436,-1.2659583,5.080763
5.698657,-0.33698317,2.7814114
2.9355092,3.063705,1.7082517
2.259396,-0.5468321,0.959293
-1.0149,-3.068561,0.102457404
-3.4820766,-8.047918,1.9260653
-2.2850337,-5.052444,0.64242476
0.67764044,-2.7337387,3.7784615
-3.5690613,-5.766276,3.5263093
0.18956041,-4.8484306,1.908089
-0.9430969,-3.1900563,1.1545252
2.5462441,-3.716849,0.5143119
1.0508823,-6.6845503,0.552248
-0.1346507,-3.5177178,0.7120836
-4.654132,-6.063657,-0.03879285
-4.5113463,-4.364415,-0.6884283
-2.4991956,-6.122166,0.29875267
-4.369583,-7.4435835,0.3863777
-2.873753,-7.2466316,0.99260896
-4.953868,-4.7093573,1.1125104
-2.4905014,-5.682897,-0.38514644
-6.426079,-6.1481724,-0.17196357
-0.89776075,-8.224941,-1.9017465
-6.5155196,-10.9043455,-0.8972528
-3.6079822,-9.870323,-0.06516671
-2.27394,-8.973259,-2.2730796
-4.498404,-7.612211,0.60187507
-5.377076,-10.659765,-3.197678
-2.3775272,-7.8747606,0.9209023
-4.915477,-7.8189077,2.242789
-4.8389516,-9.1064,2.4444032
-6.371855,-8.115639,1.551861
-7.8189497,-8.0074,2.089724
3.2147179,-6.9489765,1.6156466
-3.1112103,-9.569527,-2.6875114
-3.8599808,-9.426615,-3.450934
-2.282786,-11.237973,-4.144323
-2.6492832,-10.089327,-4.683968
-11.236605,-7.9700937,1.7300206
-9.348359,-8.18521,2.1547623
1.0922909,-5.4991446,2.7730417
0.24475789,-7.3333197,-0.6281527
2.2718484,-7.2329636,-0.36565953
5.9827633,-9.378228,-0.46435332
5.2666316,-10.872152,-2.3103492
2.957732,-6.862381,-4.8922124
7.929983,-11.644245,-2.5211205
12.440525,-9.109705,-7.965171
5.84452,-6.6969895,-2.2806616
5.5452714,-5.0312243,2.1681678
3.7908802,-7.899235,-1.6962285
0.27557874,-8.047775,-2.7198415
3.2314446,-5.825287,-0.838472
3.31926,-7.51736,0.44937754
-3.3547468,-5.294338,2.200052
7.603122,-10.563554,2.7337432
3.59327,-9.917713,-1.575525
3.3117743,-6.319734,2.9038424
1.5731583,-6.2066417,1.767777
1.102735,-6.865741,0.9366253
2.3153768,-6.826106,0.3280751
1.0443351,-7.868149,0.48242223
2.9900846,-7.0969296,0.22047836
2.8464315,-9.067896,2.54477
4.952078,-6.919447,-0.59078366
1.3609512,-4.8863697,-2.5994186
