yaw,pitch,roll
-15.739431,-3.8664937,0.24153888
-7.6652117,-5.447743,-1.8555411
-10.371269,-1.2385643,0.79274523
-9.529696,-4.2889824,2.1192667
-7.655633,-2.5271823,1.7328668
-12.567059,-4.4889803,2.4706163
-7.696799,-5.2967854,1.9942532
-7.8453083,-4.967935,1.0625185
-12.16708,-5.0317597,0.28102818
-12.159145,-3.4709015,-1.4950562
-6.828913,-5.0616674,-0.1185216
-3.5700274,-5.668124,1.6931149
-7.570713,-5.432374,1.3865397
-9.406399,-3.8745937,0.113865614
-6.9477644,-3.997219,0.62074786
-8.73877,-5.7260637,-1.2854667
-8.1785145,-4.818724,2.8627808
-11.067135,-4.917411,2.8284085
-8.948353,-4.11348,1.8386645
-9.000921,-3.202348,2.1778326
-7.1403365,-3.2397928,-0.9716966
-11.365433,-2.5475972,0.008614421
-7.512405,-3.756682,4.233482
-15.227423,-6.074601,0.33450544
-3.835936,-7.4999113,1.9080322
0.15144277,-5.3312173,0.1164626
1.4279286,-1.6622118,0.33069742
0.92951345,0.5001819,0.043836355
7.484065,-0.3547976,0.69814456
5.4382877,1.5440544,0.5097555
6.282491,3.1176183,-0.502862
9.608607,1.9352602,0.94890153
8.4949875,1.9296674,2.563788
9.239579,3.2489464,6.122325
15.759303,0.570704,8.9704075
15.388559,0.7425312,6.6902456
