yaw,pitch,roll
3.4379394,-7.3629394,-2.2286742
4.084821,-7.757407,-1.6076088
2.747891,-4.1758213,-1.79303
1.5703571,-5.2955513,-3.6454873
1.125103,-5.5990114,-4.9712396
-1.2082441,-5.4263663,-5.632507
0.5796323,-4.642213,-3.005299
3.7077484,-6.1106224,-3.4313316
2.283781,-8.1957655,-2.489546
2.7888968,-4.9987392,-2.1742153
2.411506,-4.4110208,-2.036383
1.1944098,-2.4556582,-2.8504343
1.1024083,-6.0315557,-1.4388893
0.83372307,-4.678966,-3.291613
2.1706426,-3.3325768,-4.018057
4.015327,-5.760935,-7.468154
5.1618767,-6.5135555,-8.267601
-4.4111247,-9.140104,-18.13993
0.6052848,-13.622028,-14.282901
2.3435779,-8.463654,-17.769846
-4.960679,-12.278833,-16.681232
-0.21837187,-8.781843,-18.68295
-9.983742,-16.067318,-15.511517
-17.569363,-16.990223,-11.868637
-20.744549,-17.251278,-11.317257
-21.22135,-9.276386,-14.182642
-25.555285,-5.399693,-17.837685
-30.940414,-2.805429,-12.021053
-27.77342,2.4451232,-7.9131365
-18.122929,0.10425258,-3.674321
-18.828712,-3.9475374,-4.338965
-22.166622,-9.680449,1.570045
-16.59561,-3.7077413,4.3764825
-18.825066,-3.0500526,5.959936
-19.734339,-6.6770716,7.5507298
-19.930447,-6.680512,5.5807414
-12.992479,-6.0569134,7.7365894
-6.080039,-1.4235561,8.524157
-2.1971512,-5.9046664,6.0664406
-4.3523507,-6.5711985,7.3151813
5.1563945,-7.913606,5.076134
5.672674,-7.504177,7.8685703
9.61389,-8.531349,6.7711663
9.240998,-9.257993,7.2473836
8.643991,-8.022642,7.954578
3.9699168,-9.4190445,7.7987814
-2.3217103,-9.480752,6.3901563
-1.8304774,-8.183432,8.402422
-4.185824,-5.3306313,8.253149
-7.862369,-1.7108562,9.150724
-7.1205306,0.7072749,10.878135
-8.099455,1.1529233,6.354494
-7.379632,-5.703535,8.198035
-8.896123,-6.87502,4.3060246
-4.454834,-3.8124528,2.6824462
-6.9795012,-4.8870173,1.6523659
-11.0055685,-11.367121,-1.3974652
-7.816067,-11.223695,-0.59872365
-7.9339185,-5.097774,-0.849082
-4.2221756,-2.944304,0.67864543
-3.8600776,-1.9425482,1.4499128
-9.144943,-3.9271126,1.743928
-11.508418,-5.4825506,0.83786225
-11.619797,-5.6075516,3.116006
-9.088218,-4.772399,2.8293831
-9.421341,-2.6768801,1.6166509
-10.026682,-2.1960762,0.8658086
-9.536769,-2.733944,0.90197146
-8.206018,-4.7532177,0.22840056
-8.443508,-4.107293,2.0848374
-8.807895,-5.2820454,0.25156915
-9.277052,-3.6453235,-1.6299949
-7.779858,-3.4488626,-3.1277153
-5.738362,-7.0232787,-0.94475615
-6.881412,-8.470362,-3.8263528
-7.6197705,-6.5516644,-3.1356921
-4.181875,-4.6856337,-5.444608
-3.6997442,-9.519871,-9.954174
-4.188833,-8.644181,-10.365332
-1.687223,-9.102814,-7.854313
-6.5810585,-9.8806925,-5.3510537
-7.0812182,-9.247129,-6.937542
-2.0205617,-8.4151,-7.564204
-3.98851,-7.721137,-8.188406
-5.9459147,-7.305726,-7.8681307
-3.553752,-5.87807,-7.436093
-5.249216,-8.029902,-8.871683
-8.542387,-9.595404,-8.76376
-7.1412983,-7.2861185,-6.9888697
-10.547507,-9.312515,-7.4866743
