yaw,pitch,roll
16.889082,-1.003945,6.4592385
17.745625,-3.9660249,4.6119924
23.022392,-1.7756985,4.21529
18.117638,-0.061676264,2.818284
18.701248,-2.5994391,-6.2255926
22.912395,-6.783162,-6.578497
21.134706,-8.919779,-3.1933012
25.171766,-5.801298,-4.721128
20.09292,-4.861532,0.7572237
19.362246,-6.6733685,-4.723786
23.152363,-7.844381,-3.0994337
24.355093,-4.06976,-0.020182133
32.205944,-2.3272889,0.55010366
23.54411,4.5166016,-4.2429852
23.855665,5.4129,-2.6605084
21.204231,4.6385098,3.5521603
19.804146,0.4346001,5.771352
14.511525,-1.4726532,3.3769422
15.776384,3.7877524,2.7434962
12.922713,6.7851605,0.65761435
16.989712,4.517933,-1.1310058
10.191427,6.9608965,-1.3731105
10.803754,5.433852,1.2831609
7.413417,7.661784,1.3370084
2.7814343,5.8948174,2.1242008
9.541514,3.0851908,0.56185365
8.330046,8.155535,3.8126783
17.885906,7.1486135,0.4571826
13.59033,5.566968,-0.20724404
13.843229,4.614566,3.0844674
16.585987,6.5269904,5.430624
5.5336185,12.091586,2.8411965
2.84976,15.546337,2.3190267
7.393775,10.863213,2.680186
6.0866833,11.821084,5.6442432
22.265427,21.471184,12.519701
