yaw,pitch,roll
2.8834774,-10.50545,-7.0497484
6.5806828,-12.402981,-4.3542223
5.765922,-11.619411,-5.6353574
3.1478004,-10.681692,-7.297814
1.8885052,-12.296951,-7.0197997
1.9712628,-13.682323,-7.7847686
-3.801656,-12.900074,-7.193486
-6.341843,-8.420172,-4.970834
-8.829419,-9.351899,-6.529803
-13.621546,-9.741213,1.1097603
-15.666357,-7.244129,-0.85199845
-13.373211,-6.7305307,0.07701838
-8.410017,-0.62768,-0.83651537
-11.300192,-0.67340666,0.1519989
-9.5272045,-2.9435925,0.14984855
-11.186052,-5.3991623,-2.2218654
-13.684828,-11.232973,-6.3379273
-6.8242273,-9.478443,-7.007846
-4.5030546,-7.7547617,-6.7590256
5.5207887,-6.8680873,-9.732947
8.646473,-5.9273334,-11.92249
8.885514,-9.359599,-13.434032
9.676417,-12.129224,-15.496743
10.035912,-12.9114895,-16.771063
4.715749,-12.882746,-17.27519
6.279844,-13.884548,-19.820417
8.187383,-13.957354,-16.531067
8.782319,-12.132302,-21.440887
5.8863554,-14.93435,-15.023114
7.3983855,-16.142292,-20.327927
8.917776,-9.9579,-19.159859
7.892386,-12.912348,-19.002522
9.868024,-11.317964,-18.688442
7.860505,-13.337714,-20.68758
7.57644,-13.916933,-20.602165
9.272463,-12.512348,-18.96965
