yaw,pitch,roll
-1.4456999,-11.929501,7.327259
1.4950837,-9.8854265,6.252533
2.1736186,-11.762222,4.819355
-2.7870255,-9.857353,7.6935587
-10.161619,-9.221162,9.357106
-14.637514,-11.226607,-1.7325144
-15.794809,-12.017767,-4.138986
-22.203121,-13.2055435,-8.571213
-15.499869,-12.417434,-8.684942
-13.630318,-10.912962,-14.114682
-20.849829,-7.817332,-17.666016
-16.319654,-6.9294424,-9.634688
-48.853737,-7.0301538,-1.3810174
-56.190964,-6.9995584,-8.211023
-36.308777,-8.13922,-17.38458
-47.210186,-14.9661255,-13.956203
-39.98211,-6.3035097,-16.328094
-62.89248,-7.0599713,-10.757635
-65.96105,-8.870576,-6.094532
-65.1305,-9.382526,-6.8375735
-62.23561,-5.5828133,-5.415754
-64.917625,-3.7665997,-9.094139
-43.857994,-13.451925,-5.6991687
-54.54679,-10.393671,-4.818524
-54.723843,-4.0453525,-6.7405605
-52.59069,-12.377998,-5.689932
-49.068214,-9.239206,-10.457484
-50.83752,-3.0481973,-5.8710127
-61.182755,-5.1613693,-8.072549
-63.126297,-5.2808166,-8.691619
-64.60454,-1.6823668,-6.2925024
-57.12697,-5.9385543,-3.8533068
-61.635117,-8.539835,-5.9804206
-44.935257,-13.351366,-17.124325
-47.162918,-12.589256,-19.694962
-55.484676,-8.437536,-8.393039
-59.5549,-6.7204967,-8.101446
-54.565758,-4.932362,-5.557928
-44.940872,-5.1029615,-7.8533363
-44.67887,-6.456873,-4.6712446
-47.678684,-12.211012,-11.199978
-46.833515,-12.086529,-15.079365
-56.75096,-8.686209,-11.179801
-53.171257,-8.749584,-12.112302
-52.945236,-6.22606,-9.7140255
-33.628304,-0.05897343,-12.047948
-35.28788,-5.5945644,-11.166007
-25.949005,-5.525157,-10.920086
-28.877287,-6.56153,-10.482157
-23.882519,-6.7539425,-12.474341
-24.575167,-9.59977,-10.40816
-27.172436,-8.777323,-5.2787004
-25.388391,-9.866543,-6.1762195
-25.719229,-8.036999,-5.359522
-25.48656,-9.204123,-3.8908882
-27.794258,-7.866398,-3.1764174
-28.925781,-8.490801,-1.912939
-29.060667,-5.550329,-4.818647
-28.292963,-7.2847247,-6.965396
-31.05484,-6.1855364,-3.5808086
-32.63034,-8.027016,-2.2567105
-27.540989,-10.577659,0.050991774
-29.447033,-6.7933407,-2.458549
19.396412,-11.196695,25.655493
20.9582,-26.873636,18.73574
32.95252,-28.12504,5.5220385
28.67651,-24.405594,5.338585
11.662683,-19.13987,13.569907
3.8822262,-24.459244,19.620901
-27.824139,-0.411304,-4.3182974
-27.314468,-3.687423,-1.5159059
-19.980146,-2.2580547,-3.489279
-25.543543,-7.3268614,-1.0205398
-27.021288,-4.468072,1.0142628
-26.191334,-4.200927,-3.359939
-28.028683,-2.5470853,-0.48095584
-31.448006,-5.389912,4.1177726
-26.7706,-4.041245,2.503643
-21.49473,-4.8808618,0.58228576
-23.865993,-8.082062,1.0388316
-19.359959,-9.072946,1.9979078
-18.430996,-4.802375,2.2219205
-22.304388,-5.8675013,0.0830915
-20.616165,-6.9634094,4.025027
-22.905472,-10.879981,2.794948
-23.069794,-10.724598,2.0307093
-22.108868,-7.700609,1.6522796
-23.76691,-9.751728,0.9928652
-23.040722,-11.513336,2.3027794
-20.47839,-11.567528,5.353553
