yaw,pitch,roll
1.0229945,-14.683299,2.6204894
0.66012335,-14.98723,3.4793437
0.8662466,-14.78768,2.8443832
-0.5175073,-13.278748,4.4461985
0.74089897,-13.427445,2.4862761
1.4452065,-13.654516,7.378039
-1.1285962,-13.906005,7.333452
-6.2300596,-9.732409,3.9564424
-4.962078,-4.216833,8.063859
-0.70315504,-6.82199,9.158466
-7.178265,-14.428127,7.4614367
-6.5250177,-10.424179,13.617873
40.086304,-2.8444693,-2.974887
44.423195,-11.64753,-12.45991
20.119822,-10.902366,-14.37259
2.963957,-19.574278,-7.5570693
-3.724381,-15.974413,-4.733511
17.880196,-15.765726,-3.4641047
-1.3918362,-24.661858,0.2951796
1.0579343,-26.385933,-2.529029
5.2334585,-21.982254,3.0998127
13.017542,-19.33733,-0.34369516
1.5843787,-19.703411,0.17701912
6.9576173,-18.743155,-1.3217564
-1.0692267,-20.881073,-1.04724
-0.059340715,-19.735334,0.96778476
9.075271,-20.983284,-4.099902
-4.5573845,-17.763754,3.9598086
3.54077,-20.504139,1.5610492
-3.539339,-20.323954,-0.376343
4.6156654,-19.557707,-0.7040689
-0.89862156,-19.199505,2.6794395
7.983745,-24.421268,-5.3372545
7.160694,-28.43575,-3.5674014
-0.11436772,-27.029,-0.9011402
-1.7652106,-23.35907,-0.71623945
-1.128581,-18.454193,-0.5201826
4.9519534,-22.667137,0.36297035
0.40874767,-21.182707,3.197376
10.151655,-23.711576,1.1392941
-4.467532,-23.200607,9.333875
-7.7689743,-19.508898,7.3383837
17.845928,-21.92356,1.8912926
8.443683,-19.454958,5.8981543
6.3131733,-20.789776,1.8807735
5.028473,-13.387843,-3.0016289
-9.524016,-17.32576,7.9303036
-8.1339035,-11.779021,6.7312784
-4.6361437,-3.9166405,10.65731
-8.889434,4.2328053,8.14598
-1.0888691,4.4332333,5.743186
-0.76412916,0.7366119,1.8833576
-5.026476,-4.5389633,0.9807117
-2.5929403,-5.970545,-0.0059030056
-2.4356642,-5.2502675,3.7212245
-4.914182,-4.9991064,3.0245492
-3.9210362,-4.629786,0.44605964
-4.254878,-3.9933178,-0.05788163
-4.6886935,-2.1270175,-0.16581297
-9.6833515,-2.3031926,1.7845409
-7.6198435,-3.1661584,-0.6180005
-6.689263,-4.9111013,-2.623508
-4.240543,-6.6436667,-4.4005785
-6.794697,-9.23663,-5.702736
-5.0087304,-4.8455644,-10.500799
-4.9876194,-4.442539,-9.015296
-4.388093,-4.6625347,-6.656107
3.0403504,-2.7563624,-6.5166383
0.7147,-2.203679,-10.583773
1.1137905,-2.891791,-5.315547
-1.327523,-5.3173833,-5.8752656
3.3446708,-6.4272547,-3.532339
3.4459531,-8.074177,-4.7193303
-4.7955937,-6.218,-5.416594
-1.9175229,-4.919519,-3.6339073
-1.1657567,-6.415406,-2.37182
-1.0746653,-7.4546413,-1.4077116
-5.6667004,-7.8599796,-1.5811434
-6.8960686,-5.9715376,-4.785821
-3.2938347,-6.7166357,-1.7872511
-3.168965,-6.0064945,-0.76591086
9.735348,-14.245838,7.5429487
-2.0914662,-6.0169992,-1.7981216
1.9976654,-15.91695,16.7088
-5.555933,-5.185792,-0.12864073
-7.8227487,-13.508851,13.0279045
-3.1850426,-6.007043,1.9605514
-25.992197,-13.103832,14.008048
-0.71358323,-6.065746,3.2676296
-0.026874542,-15.746672,15.646094
