yaw,pitch,roll
9.083572,13.187609,-19.452538
6.4164057,9.515776,-20.030682
6.1321545,12.770141,-15.997772
1.566103,6.1085286,-12.289286
0.5268483,3.9695768,-14.355182
-6.652808,1.4435463,-12.811096
-14.882179,3.1744106,-11.10824
-20.79508,-0.44633925,-7.30388
-21.945068,2.4840763,-3.0318365
-23.032816,6.0608344,3.4474828
-28.433968,8.842019,7.019231
-26.250797,8.677927,9.124308
-32.154423,4.753519,10.051603
-33.1649,1.0345104,9.263373
-34.56121,5.067409,10.363752
-38.128006,0.55569863,12.793271
-40.691544,3.4406054,11.282501
-35.487953,0.8783879,12.877604
-33.786247,3.9106472,9.908745
-28.202637,2.120079,7.3608646
-25.723852,4.2445507,7.446651
-19.958906,1.2241557,4.4682236
-17.331999,1.4205952,2.6808305
-18.48443,-0.035122395,-2.4635146
-7.24934,-0.7262521,-4.182682
-2.6998215,0.37023997,-1.0472069
-7.698884,-0.7641373,-5.3658338
-7.5287485,-0.6177281,-8.7403145
-0.2477181,-5.8100595,-7.2016215
2.114131,-2.1104198,-5.245659
6.294281,0.97374386,1.3143482
0.94175315,3.4589083,2.1627688
3.3908286,2.6940217,2.2897608
1.2998025,0.9841897,-0.57216793
1.9019728,5.953669,2.3933396
-6.218913,8.64886,6.44127
