yaw,pitch,roll
10.372545,3.005568,10.742878
9.83057,1.0456246,9.2411585
11.464166,2.376081,9.558891
11.729395,2.011515,10.365171
9.801631,1.9374924,10.273492
9.377791,1.9320251,9.28727
11.525845,1.6681993,10.245867
8.835491,2.0596626,10.45324
13.282987,1.5780317,10.519779
12.765707,2.0783727,9.203783
12.378946,2.6189814,8.861
12.540531,1.3064985,9.132866
15.002569,2.9952593,10.971711
15.201138,1.0420549,8.224634
11.565849,0.88319016,9.669694
7.9177933,-1.8452646,8.749037
6.705657,-2.9370143,8.726635
9.958559,-0.69934404,6.9511743
4.740923,-0.84910256,8.25203
4.8297396,-4.02219,6.478683
5.30077,-0.3260061,5.5892863
4.417165,0.5434682,7.575389
6.228656,-3.2933085,10.002106
3.4585779,-7.6615047,2.9051747
8.758602,-7.161601,3.2049994
5.121803,-5.784094,2.9053502
-1.4686494,-8.623862,4.469607
-3.6775608,-9.883615,10.119582
-1.9755352,-12.9255295,8.745775
-5.41446,-15.7978,10.019312
0.28941882,-15.496011,9.692056
-0.037823915,-15.5413265,11.281102
7.7330656,-10.690216,11.70017
19.251595,-8.569649,1.9351312
12.990404,-9.305872,7.290341
17.506668,-7.821048,3.8212893
9.943101,-9.997484,8.157312
15.826864,-13.737593,4.1264224
22.88116,-14.374623,0.95467615
16.631025,-10.252703,2.9017653
20.405727,-18.028465,-0.44237852
15.687805,-14.000646,5.315005
15.953006,-11.936405,6.6601095
15.959112,-10.767391,6.483631
13.459167,-11.171534,6.0869184
24.64402,-13.385485,0.6654186
22.156551,-11.701366,1.0758653
24.369831,-8.446731,2.7883017
19.820412,-8.892685,1.6858314
13.049962,-9.059998,5.5225787
18.60672,-13.235861,2.9110591
15.337143,-13.038942,6.5421386
14.151305,-9.6534815,8.97587
16.080263,-6.5545197,6.7740726
20.49939,-11.782166,1.2485907
18.13892,-8.656802,2.4421191
20.111902,-12.569837,5.282098
21.892109,-13.7423525,0.7231844
19.974697,-11.8492565,2.5401573
16.302711,-10.166904,3.670813
19.424908,-12.82038,1.8444415
21.29206,-14.563257,1.4310074
15.433912,-12.950829,2.435607
10.517108,-12.243173,7.1493044
17.157068,-13.057917,6.354691
15.699625,-12.636136,7.719556
16.609205,-13.513045,6.415193
18.566486,-15.273577,4.6093597
22.57302,-12.216112,1.6159586
17.236683,-10.983934,6.183983
16.842934,-11.872034,4.7114697
18.678017,-13.008319,5.2228427
19.610214,-14.455233,1.9828852
16.892948,-13.476345,2.6595807
18.51393,-12.870686,4.9347434
18.41984,-11.385559,4.0926704
20.237843,-11.492132,5.8166966
19.412449,-12.297103,4.03624
16.930378,-10.837189,4.780818
19.461643,-13.156825,2.6509252
17.866507,-12.950796,2.7984314
19.263214,-12.38418,3.9297605
19.712873,-12.79916,1.2029015
17.697256,-11.024148,3.4554815
18.027958,-10.109156,5.1897497
19.173023,-13.068342,3.7174904
20.689392,-13.032175,1.9507954
16.414377,-11.618004,3.0848117
13.085968,-12.324377,4.480588
14.027008,-11.566823,4.9621415
