yaw,pitch,roll
4.2679124,-0.6181092,1.3736705
3.6004922,-0.90793324,3.2685246
4.3183293,-1.8897496,2.650488
4.0332217,-1.2738302,2.322217
5.7958155,-1.2397829,2.1327817
8.038366,-2.6963212,-0.145325
8.863351,-2.8189354,-0.869813
9.309557,-2.5508957,-0.2118772
6.967994,-3.3864734,-1.7413282
9.860579,-4.25372,-2.7789283
8.460117,-2.0244942,-4.504802
10.024901,-2.404633,-2.69418
8.298533,-3.8024182,-1.5330172
9.209937,-3.60997,-2.515684
7.444099,-3.7930422,-1.1470083
7.8817234,-3.3484833,-3.3819938
7.8830953,-2.8645954,-2.590186
7.0189877,-3.5820343,-4.04915
5.3530693,-3.603328,-3.8084025
5.028452,-4.952188,-2.6221113
5.053296,-4.864556,-3.2089345
5.878516,-3.3133507,-3.3732822
3.9230192,-3.8158684,-3.843917
4.7865863,-4.618472,-2.3282952
5.4252243,-4.1849265,-2.973898
6.3636293,-3.00148,-2.1436484
6.2536297,-3.0961459,-2.8168206
3.8621225,-2.9791486,0.19145939
3.1782417,-1.2041793,-1.763981
3.9256377,-0.6085464,0.3221451
2.7704997,-3.031033,1.6241649
0.9819179,-2.977613,1.3767064
-0.40257934,-2.1326456,-2.874483
1.2161183,-3.3910558,-1.6770434
1.4088302,-3.5719264,0.6227724
4.804799,-1.970212,-2.2597399
1.2404569,-1.7429214,-2.6046507
4.478851,-1.0291268,-1.4411359
1.6051352,-1.4711037,-1.3893492
2.4980602,-0.7572494,0.81576514
2.724234,-0.37147093,-0.50488174
3.4085066,0.12344298,0.6880101
4.9538846,-0.7916037,0.36371386
6.8757057,-1.4341692,0.8682508
4.40153,-1.8513973,3.9690151
2.7942617,-1.7909565,2.8307867
3.231633,-0.29566097,2.817497
1.3897177,-0.13852954,2.3519528
0.5041088,-0.54952765,2.7235136
1.5932739,0.71226656,2.9348497
3.0024433,-0.46018636,3.0682302
-0.075403154,0.08075583,2.8763666
-0.0014369488,-0.44939375,3.0704293
0.8221897,-0.7797868,2.6471586
2.5723426,-1.1173967,1.9430991
1.2921414,-0.2583356,1.943828
2.4898427,0.36808598,2.204628
-1.4420333,-0.03884554,0.85828334
1.9703741,-0.19058454,2.8926907
1.3733752,-1.4986727,3.3278341
2.4209688,-0.5233194,2.7302594
-1.1717722,-2.2515137,3.7997422
-0.07009852,-1.7388527,3.2750268
0.4386249,-0.9941591,2.899355
0.053985775,-1.4643135,2.801795
0.75545466,-0.7807609,2.407903
0.26927984,-1.8897599,3.372087
-1.4865611,-3.314784,1.9503068
1.5812306,-1.4246016,2.2881815
-1.5771289,-2.7143366,2.7685947
2.478889,0.53136307,2.292407
1.0889997,-0.24321175,2.9646046
0.300786,-0.39062196,1.7471392
-0.2830078,-1.0012088,1.2454562
0.82121336,-0.58320045,2.9350362
0.0872125,-1.1864481,2.5641809
1.1286122,-2.4765408,3.3940055
1.9139929,-0.4448918,1.5402412
0.76255536,0.8161447,1.3742907
-1.0175852,-0.31709504,0.926926
-0.873636,-0.5684439,1.2232885
-0.4592065,-0.08790386,1.586818
-0.31897497,-0.008456767,1.8932018
-0.7581477,-0.35511136,0.47633234
0.30256525,0.82049596,1.6277964
1.4451656,-0.43857878,0.49767062
0.9999799,-0.18536007,1.6340415
0.3596132,-1.8817221,1.3957117
0.35080075,-1.1760825,0.84505177
-0.21099406,-0.755975,1.9919801
