yaw,pitch,roll
2.1559145,-6.780711,-0.2620487
3.7044086,-4.828991,-1.4943503
4.5626736,-8.201622,-2.9841325
3.3956046,-7.7622375,-2.900897
3.4075415,-8.270803,-2.4775531
1.8674891,-8.692791,-2.8180327
1.8167715,-7.8182898,-2.593224
3.7863278,-7.9039946,-2.0140944
1.8411782,-7.9679327,-2.6076214
0.3656106,-8.340163,-4.5156236
-3.5662894,-9.728694,-3.3982728
-4.478569,-11.383148,-4.984752
-0.20451498,-10.992692,-4.7748995
-3.774116,-10.847473,-5.3382807
-5.8194504,-9.995913,-8.926088
-13.333178,-8.529402,-10.1210785
-11.726292,-10.06558,-6.515469
-14.543295,-8.450455,-9.172155
-13.613361,-10.966829,-11.111617
-15.538249,-11.049901,-11.470932
-16.465792,-10.148434,-9.614964
-11.745779,-15.04981,-12.253412
-11.048148,-11.266478,-12.045693
-12.915817,-10.131291,-11.054449
-18.08423,-10.003138,-12.696056
-16.412956,-9.116361,-12.92343
-20.088928,-8.769513,-11.418211
-17.4575,-6.8948026,-7.739208
-22.989292,-5.8680725,-7.7478704
-23.281635,-8.057026,-6.137697
-28.29579,-5.7117677,-2.7503161
-24.330154,-4.5543237,4.0969615
-24.396275,-3.8058078,8.473091
-24.770584,-9.648384,12.713668
-27.869791,-11.432683,13.081315
-27.758652,-2.4959383,18.597952
-25.169746,-8.922357,22.09314
-21.493431,-4.3760047,21.45905
-22.596165,-11.294595,15.3992195
-19.171297,-8.106233,11.402271
-15.160793,-4.279005,9.752905
-13.228032,-4.2552986,9.744829
-11.078163,-5.6752076,9.688051
-11.793188,-2.8209832,10.904905
-11.818615,-3.928115,9.48831
-13.662853,-3.7082767,7.9688396
-13.013712,-2.721891,7.148839
-11.577929,-4.075935,7.419303
-5.126829,-2.357302,5.538784
-9.988062,-2.910627,2.849411
-6.7746086,-1.7823428,4.033065
-5.4330854,-5.039732,1.9851267
-3.0000935,-3.3451264,3.0172656
-2.8338284,-2.8777003,4.9215536
-1.0861275,-0.36978918,2.3372426
-0.28946137,-4.424303,3.2252936
-3.1413875,-6.8260083,0.40624738
-3.7612743,-5.364237,2.6138093
-1.8954685,-6.7863197,4.4908595
-1.1069388,-4.9788775,4.0404706
-2.1401274,-6.465456,2.7735908
-1.6538002,-5.4571757,2.1504636
-0.47897553,-4.2181616,1.9620202
-4.176851,-6.8085775,0.5710206
-3.3497634,-3.836787,-0.33342087
-6.393958,-7.8113403,3.4022264
-6.506181,-8.164794,1.1346161
-6.889668,-7.204126,2.9047852
-4.305917,-5.1591687,2.4334536
-1.1845906,-4.3260074,-1.7030482
0.32549524,-5.951914,1.9437987
-2.9517941,-6.3662395,2.2702315
-1.6892846,-4.6621203,-0.20543575
1.8500385,-7.606575,3.2434168
-1.3589032,-8.032871,1.9622835
-0.2841382,-7.5875506,1.7779208
-0.4068346,-7.4731894,3.6765258
-7.6654806,-8.671995,1.9364324
-4.1370354,-6.356471,2.846889
-1.0316298,-8.081853,0.26588964
0.6327634,-6.8663726,-1.0346681
-1.0205107,-7.588792,0.6860676
-2.078184,-8.063995,-3.562435
0.03321147,-6.797126,-1.5487392
3.682769,-11.457266,0.29237533
-6.715784,-8.1685705,-1.5046196
-3.0604198,-12.996042,-0.55945575
2.8393872,-9.848507,-3.2427816
6.2115297,-12.47613,-8.364765
-0.7172804,-11.23073,-13.364208
