yaw,pitch,roll
-0.06671214,-8.848166,2.443439
2.1922154,-7.428501,1.3813703
1.0263178,-1.2438002,1.573042
3.3121982,-1.2984966,-0.030331135
1.1977208,-2.8138046,2.3654506
0.06494331,-3.2292562,4.491743
-6.8671722,-1.2972536,3.8876903
-7.8572335,-3.2753117,2.0720873
-2.8316572,-1.8810753,0.7140299
-11.553495,-3.295557,5.2248235
-17.976479,-7.535369,6.175564
-14.33175,-7.2507377,5.113633
-17.267632,-8.021689,4.1448836
-17.599262,-4.678282,4.4222336
-18.645935,-2.733353,4.4438195
-15.276053,-8.936682,7.269393
-15.27907,-7.4889708,4.8331556
-19.65091,-6.1767178,3.7107015
-17.790688,-8.917457,4.7379665
-18.341297,-10.654745,5.188974
-17.86949,-7.085719,7.1270757
-17.58966,-7.7205653,7.9851327
-20.337284,-9.022955,5.0723133
-17.720303,-7.4078307,8.289608
-21.900517,-6.3750534,7.9517574
-23.028332,-7.770339,6.6004868
-19.957119,-7.6998925,0.43721724
-8.657755,-2.1432476,4.2720165
-0.13290405,0.7370805,0.19508028
-1.3538601,2.7722476,-1.0483156
-13.643484,6.8788967,-3.375914
-13.708134,9.025333,-4.7509217
-22.840622,-0.7653873,-6.073742
-22.261631,-0.043542624,-0.48315
-32.285713,1.9015656,-13.339664
-16.063915,3.828674,-7.1230726
