yaw,pitch,roll
-14.058945,-5.6350875,-11.67586
-10.415566,-7.3160105,-11.53915
-14.1793165,-4.852215,-15.587414
-10.569545,-2.9988565,-12.959343
-11.145557,-4.2241154,-15.7122555
-12.739681,-4.692053,-12.823193
-8.706763,-6.3153725,-13.601593
-11.018816,-6.6041946,-9.371681
-8.615458,-6.3042874,-11.604086
4.764649,-2.2392054,-7.028288
-1.3697587,-2.4341714,-7.1866436
4.15129,0.49407876,-7.343192
4.245022,2.5153334,0.07232389
5.1503716,2.4782054,1.0669287
9.365165,0.87632954,2.834128
4.748634,1.2508261,1.9525096
2.9126549,2.6726274,1.8835096
5.4596143,1.9300827,3.047083
1.8297671,3.3399556,4.3198714
5.74404,4.3806033,5.7645116
4.341667,4.528714,5.5458503
2.8503644,6.342498,4.7588615
5.660716,3.727925,4.996719
5.0793867,3.6595926,5.541133
4.329703,4.0064554,6.7018967
0.91493106,1.3984078,5.119607
2.0387187,-2.1238527,4.5877953
4.404311,-1.6346937,4.0253134
1.5971255,-3.4198456,2.4795346
2.9816716,-4.4585485,1.8240957
1.1909978,-5.3018227,1.7656751
3.346426,-4.9326277,1.0457193
5.195462,-4.4835835,0.7986228
1.83354,-9.4707155,-0.18038847
-2.6499949,-12.672034,-2.0549448
-12.2224865,-10.943354,0.8316199
