yaw,pitch,roll
-6.213999,-17.5798,9.31582
-3.036506,-14.324371,7.6421432
-1.1760378,-15.624701,6.643997
-0.011246681,-15.101479,5.2682285
-4.812129,-14.229988,6.907613
0.8968911,-16.570328,7.491107
0.1113081,-15.695782,8.521883
-3.4139402,-12.0115385,7.70083
-0.7576139,-13.883913,5.358436
-4.4057403,-14.340234,8.173678
1.7408226,-14.840326,7.1922703
2.3239317,-15.85499,10.745148
-0.9998095,-13.168469,6.3203897
-0.20945442,-16.352959,8.374298
-2.146145,-16.31947,9.700913
-7.5684695,-13.784214,8.139063
0.8753247,-16.88976,7.971118
4.680477,-18.04713,8.732383
1.6104178,-20.481796,7.9831696
-1.4885354,-21.7317,6.6326346
7.7053876,-21.686588,6.713955
6.199415,-18.840015,3.3697734
3.9892159,-17.382137,1.5757382
-4.0017953,-14.566572,1.9322522
-0.919569,-16.770962,2.4768362
-1.8191016,-15.745845,4.378628
0.87457657,-15.994109,11.179237
-10.442802,-12.281614,5.840122
-13.9268875,-9.613583,6.693929
-15.910221,-8.452817,8.480325
-9.457333,-12.566914,7.4467854
-17.442602,-11.829834,7.340967
12.643289,-19.673302,13.099501
8.439604,-12.616547,10.859868
9.163359,-11.773254,5.4782367
4.5234103,-9.882944,6.521684
