yaw,pitch,roll
-7.9476767,-13.221902,-8.630355
-7.7310543,-11.79121,-9.337128
-4.296514,-12.042739,-8.643302
-8.832481,-14.200212,-8.870602
-9.566908,-13.088253,-9.083703
-8.215268,-12.400885,-10.719034
-10.014833,-13.833897,-8.383546
-9.626896,-14.293777,-7.3811703
-8.608528,-11.227119,-9.51195
-3.9536233,-11.961815,-10.49766
-8.736578,-15.0029335,-10.711791
-9.097597,-11.281395,-8.399075
-6.7930737,-14.575763,-10.243284
-8.979029,-12.907126,-8.913645
-13.718042,-11.4690695,-7.4607115
-7.9396706,-13.784857,-6.880305
-6.9099283,-13.5659275,-9.122176
-6.85107,-13.885246,-9.094696
-11.552267,-13.714943,-7.13989
0.18079948,-14.439099,-8.144964
2.598868,-9.995497,-6.0866947
-2.5967624,-12.76514,-11.320909
-3.410581,-10.94783,-8.653491
-1.6296238,-11.074192,-12.821279
-10.686645,-12.563669,-10.446468
-10.053936,-13.285204,-10.253936
-6.386742,-12.752054,-11.469644
-4.0681205,-11.188623,-11.016336
-2.664185,-12.725335,-16.662838
-8.635089,-12.810004,-14.706243
-4.377205,-10.183338,-13.332227
-6.9610972,-12.267382,-12.54517
-4.402487,-14.482801,-14.735197
-3.7289097,-10.435149,-13.845225
-4.5888195,-12.577446,-14.817585
-2.3161087,-11.387475,-14.565863
