yaw,pitch,roll
18.885057,2.6055796,8.739517
17.237278,4.884157,9.173581
19.43272,6.0117097,11.312447
18.430836,6.510009,11.909616
24.414755,2.7503982,10.87466
26.091589,5.4069285,10.041595
27.726326,10.275376,6.852268
32.929127,12.330355,6.1454487
35.737606,6.79275,12.082614
36.720795,9.42147,14.224371
38.53855,11.587249,18.724236
30.673918,21.970936,22.525969
24.547352,23.370377,21.120564
15.159595,24.83546,24.836155
6.20807,25.895977,17.204546
27.431158,27.847939,13.932472
37.470932,31.646435,12.632166
34.746117,30.646639,16.503412
30.521288,29.738356,13.256376
39.24157,29.329147,12.1658945
33.546272,28.824757,15.353621
42.68204,21.973469,22.09827
34.415607,27.89256,10.372301
40.44086,23.637733,1.549129
45.54103,24.180763,-4.3820906
41.127678,22.854897,0.32307673
27.27126,22.463902,6.6348243
45.637505,22.545158,3.0256104
47.6342,32.01515,9.1973095
36.844383,34.022064,11.363571
51.059887,31.905598,10.465593
47.133266,27.870043,6.412963
56.220028,24.092995,9.09475
48.92832,29.405725,12.864901
54.547623,29.861153,3.5766325
52.833748,29.065226,-2.8111238
46.868668,25.519476,9.875893
32.06764,28.963055,1.1563268
24.764908,18.680552,-2.6994247
10.69184,12.439232,-4.488571
-3.3531628,13.308079,-1.1922348
-7.7919865,9.127737,-7.7920566
-6.7305245,12.004028,-10.202534
1.1316414,9.321222,-13.757761
-1.4500828,3.8947387,-9.547113
-3.1320553,1.903517,-11.459768
-2.203307,2.0050273,-14.236611
0.09628534,-2.775612,-8.715109
-2.83928,-5.46568,-4.3112693
-6.19699,-6.2388477,-10.482157
-9.149438,-7.72447,-3.5285485
-4.384256,-8.816072,-4.2799125
-5.634373,-7.4896317,-2.7512722
-1.420016,-8.248814,-2.4520059
-2.1567104,-8.448665,-4.0478287
-9.090716,-7.2621455,-3.1755557
-5.317022,-6.505627,-4.1723766
-1.9534843,-4.925046,-1.6461
-1.5440733,-6.2966456,-1.1884625
0.4267261,-6.5972166,-0.76400876
-3.793769,-5.5448294,-4.2912593
-2.9301128,-7.6634693,-0.35952377
1.064347,-6.0761385,-2.989624
-0.78717303,-8.505153,-0.094300985
0.8072951,-6.4125543,1.8337641
1.4928007,-7.5347857,-0.4399643
5.0015936,-8.001576,0.22163057
-2.831524,-6.745737,-1.3059788
-1.4357061,-6.558202,-4.593671
3.3330176,-6.472028,-5.028946
3.5901527,-7.125098,-2.5284495
-1.5248103,-9.057685,-4.0218425
-0.6689532,-9.715985,-3.9581573
1.3331616,-9.420238,-4.3021297
2.8191156,-7.847043,-7.718606
1.7355975,-7.841138,-4.718676
4.5075865,-9.65274,-2.196911
3.5243201,-8.543026,-4.16423
6.330155,-9.5820055,-3.2631478
5.9552217,-8.752977,-3.7461545
6.34354,-8.317151,-3.9018092
6.0157223,-8.523481,-5.640227
4.8258877,-9.622124,-5.8178654
5.0743923,-10.01894,-3.4903119
6.646244,-7.9263134,-5.9496565
8.024581,-8.649642,-3.7598133
4.6352797,-6.5198517,-4.250616
0.5118027,-9.125568,-2.2197194
2.9703736,-6.863287,-4.5031905
4.057819,-7.1929464,-4.868012
