yaw,pitch,roll
14.1676655,5.397602,21.678122
16.246138,6.173042,18.600555
7.5661597,11.3684635,23.272144
8.380842,8.892518,14.805027
22.491486,1.1537466,15.929754
41.52652,-17.040073,0.009849265
29.084175,-16.215767,5.7204742
24.811348,-11.635908,3.250488
19.477493,-14.667326,12.370762
30.350626,-15.248247,8.796302
31.931126,-10.417814,5.8197823
27.983475,-7.529849,3.9976919
27.8858,-10.174286,5.1401176
19.242533,-17.72561,5.4316673
22.617409,-28.034794,-2.1213403
5.232442,-28.649296,5.7973733
11.50946,-28.764969,2.80525
14.097013,-24.864674,-5.09349
12.094087,-25.933004,-6.1309934
-4.4536695,-34.455345,-10.60718
-0.4283638,-34.554886,-13.8715925
-13.663977,-22.841272,2.9847345
-9.017518,-20.151768,-5.7231174
-12.868978,-14.88233,5.066806
-9.074995,-13.553032,9.638511
-4.4815054,-10.205015,11.187847
-8.648022,-4.3259926,10.408949
-10.707384,-2.7242267,9.734896
-16.257648,8.337823,13.573496
-21.66572,-2.8105536,13.884997
-9.246601,4.2251225,14.979095
-10.821604,7.094484,11.463064
-16.978275,10.6605835,16.601639
-28.141918,3.1900678,9.924207
-36.56174,-17.553102,19.370377
-28.564503,-13.219213,18.84555
-17.251781,-0.20241863,16.0949
-16.069956,-0.86208725,17.783142
-20.50331,-4.5578923,15.343513
-3.3207378,-2.5709722,16.798584
-18.803722,1.8872476,15.179684
-5.792856,-2.7554579,16.114943
-15.148594,-2.3240778,14.461429
-4.5506787,-4.8059683,14.991934
-6.8200865,-6.9955444,12.3923855
-17.894669,-10.431461,12.788939
-31.525494,-20.548618,14.811512
-42.545883,-19.753172,15.352758
-36.940723,-15.809001,17.683504
-20.543795,-8.73031,26.632046
-31.160213,-5.4716415,14.467102
-34.331173,-14.979027,8.620359
6.149958,-26.326523,-5.0928574
17.661047,-35.497086,-25.643911
0.6738565,-14.163645,-8.420089
-9.134373,-1.9073415,4.1405883
-3.0481281,5.298085,7.236095
-5.5210786,10.170004,12.833577
-5.200769,4.323702,11.9378605
2.0077734,4.4712043,7.881246
4.8834724,1.2355777,9.269382
1.3942342,-0.03039635,7.7311783
-0.86312056,0.500966,6.074399
0.0961442,-2.0777714,8.976622
0.0802145,-1.4033488,9.373111
-1.3298717,-4.4235134,8.59416
-1.1997714,-4.4537106,8.32834
-0.084320545,-4.978844,9.710747
-0.1161685,-4.104844,10.599382
0.46318293,-5.5341043,9.455934
-1.1721601,-6.7211046,6.4380975
-0.67621756,-4.846618,10.963704
0.5354295,-6.7810683,8.619268
-0.8942447,-4.777699,8.634626
2.0701776,-6.8193474,10.54566
0.62657833,-8.544233,9.9387
2.273212,-5.0246162,9.124636
3.2210793,-2.6829388,9.599104
-0.88907385,-6.194205,7.865368
-1.915802,-4.747286,8.945199
-1.6105433,-5.9684486,10.857246
-0.93480873,-7.162088,10.000588
-0.6474323,-4.656272,8.935335
-0.9377799,-8.002212,8.992599
-1.4740019,-6.8058004,8.44747
-3.719098,-6.8120136,9.602673
-1.0412693,-3.8846426,8.928623
0.6750159,-5.389099,7.7058496
2.6960154,-4.1349854,8.624672
-0.07932377,-3.2497232,9.873701
