yaw,pitch,roll
-0.39708424,8.057322,16.209764
0.3623581,-0.79890823,22.05459
4.4443893,-6.4460297,23.525871
15.6113825,-1.3187553,14.354221
0.6638708,-3.9053442,14.877426
-0.31425285,-4.365761,15.259317
4.8679733,-5.3545465,12.270019
3.1179206,-3.3934007,16.346844
3.6302981,0.6797848,11.2100725
1.5572748,-0.5499535,17.296047
-0.18670845,-3.606114,16.450975
2.5328393,-6.580017,15.152042
-1.8334398,-8.28047,14.459543
5.0377684,-2.5469425,14.594505
9.30535,-4.047929,11.15681
8.302331,-5.860831,13.327026
7.364205,-7.1823287,15.100853
5.836997,-8.667128,8.937893
1.0614333,-9.246649,13.882482
10.273321,-11.416788,13.098922
3.5733776,-8.568713,12.999023
4.805146,-10.302517,12.850796
0.09692669,-6.894066,13.304287
6.551343,-9.883137,6.232881
5.7980623,-5.574765,7.7406607
5.467737,-8.2036495,11.121761
8.345441,-8.166053,11.170616
7.85161,-3.217963,10.133794
5.7935767,-10.79435,9.844316
5.152455,-9.328133,11.2306595
7.719942,-8.634317,11.297059
10.328266,-10.69416,11.031055
1.0924652,-11.003847,13.72747
8.214414,-14.977467,11.752786
6.5325885,-12.851207,8.596829
10.172673,-12.057079,9.244867
