yaw,pitch,roll
-12.303642,-17.874693,8.373827
-10.751045,-19.133757,8.351889
-10.815968,-18.68248,8.086294
-11.397308,-19.193,8.525513
-11.616427,-17.415703,8.08473
-10.610945,-16.013018,9.211926
-12.170593,-14.344989,9.222753
-11.189401,-16.906677,9.013016
-9.155802,-16.656532,8.619524
-9.956289,-16.027042,8.393913
-9.954077,-15.44758,8.109493
-8.593784,-18.59557,7.6408854
-8.602612,-14.969909,6.0409737
-6.3821125,-12.011856,7.2277184
-4.7777996,-14.26766,6.172021
-2.0673635,-11.916094,5.0842896
-1.9192683,-11.20172,5.551721
2.9962149,-12.679386,1.8973414
4.2081604,-15.519922,-0.26766014
0.33405685,-14.71619,-1.637334
22.254278,-13.357955,-0.54080534
40.46871,-14.0118065,-2.5032294
51.900574,-20.9091,-1.3227313
56.745766,-19.292381,-3.206237
61.13132,-24.28002,-1.4928615
57.54276,-22.319645,0.07037878
60.517654,-21.967627,-2.0247633
62.99343,-20.82932,1.2531612
61.7705,-22.142916,-1.489615
59.228508,-23.304865,-4.0491457
54.319633,-20.837873,2.326109
60.551086,-19.592186,-4.0770836
65.06775,-20.999924,-4.7990637
63.67195,-17.502415,-2.1334834
64.820694,-23.564064,-4.442155
65.460724,-18.932415,-3.3531232
64.468666,-22.988571,-2.2106516
66.37973,-21.491543,-2.9672892
62.89249,-20.202005,-2.0823724
63.819942,-20.19608,-1.9994047
64.453964,-20.910305,-4.5163574
62.740623,-20.625809,-5.547147
59.527985,-22.741161,-6.4104495
59.02623,-27.215302,-3.5221825
49.16014,-16.672209,-2.2833946
32.323647,-9.79545,0.399157
22.991985,-5.3843374,2.3955066
11.275903,-2.2174895,3.1435237
9.534034,-5.546094,1.6992491
13.157495,-2.0517817,1.1333163
0.94465876,1.5368282,6.0940447
0.3655696,6.483126,10.711697
-4.377757,11.291238,14.036807
-2.1564934,9.917881,11.460006
-5.8242273,6.197604,7.287207
-38.574005,-9.680946,2.7053654
-40.385803,-12.05435,-5.3875337
-28.8498,-17.495445,-8.384559
-23.302128,-17.398766,-12.162492
-22.54003,-14.543591,-3.3150928
-23.597763,-12.352066,5.940947
8.959835,2.0520368,2.413948
8.397651,2.8448913,8.596605
14.083663,6.178104,3.9414911
4.1726294,4.286983,6.819316
-4.2308793,9.404226,10.499574
-5.230262,2.7234542,8.842492
-14.45642,1.9364148,7.8715043
-14.812462,-0.3071311,7.486703
-18.141344,1.5695845,5.9811945
-17.021893,1.2011986,3.7267337
-14.134951,-0.96155584,5.632707
-10.075753,2.5639095,5.6495485
-11.731213,-0.15922809,5.4623966
-8.860182,1.8911595,5.086653
-5.935157,-0.83340466,5.1889987
-4.3603106,-3.315659,3.0587192
-3.4490647,-1.6571947,7.426623
6.725134,-5.126863,4.6213
6.7722106,-7.5771656,2.7135372
3.2274082,-8.29156,4.7189574
-0.3379106,-10.68584,4.5944037
3.3887546,-10.2898855,0.6491418
6.5655146,-8.062216,-0.10828483
9.519232,-8.962156,0.6397232
4.62582,-9.988633,0.82887125
0.82551765,-9.5285015,0.48616672
2.121804,-9.53007,2.8223343
-1.3946195,-6.6277027,4.122703
-3.036532,-9.344381,3.4568956
