yaw,pitch,roll
1.6934919,-9.632483,-4.063194
1.9903564,-7.351911,-3.4015415
2.8110404,-7.68842,-3.655671
1.246314,-7.9548674,-4.759632
0.66834545,-8.299973,-4.2251034
-0.10931969,-7.475792,-3.7765253
0.27319956,-8.305187,-4.950534
0.66713905,-7.8703175,-3.5055866
0.75916004,-7.5962605,-2.4146762
2.2987509,-6.9562817,-3.286238
1.8114319,-6.807513,-3.823195
1.028996,-7.129624,-4.4085107
1.2303286,-7.1081114,-4.032774
2.0407753,-6.033,-3.3308592
1.161417,-7.012352,-3.3440995
1.3900409,-6.41553,-3.4929912
2.4082713,-7.93447,-4.5632353
3.2609076,-10.582358,-4.2959547
0.9041605,-10.227406,-5.220643
0.6737108,-10.333095,-2.7128634
-15.488474,-14.097631,0.77714384
-3.9214725,-13.58239,3.9688218
-3.562248,-5.3079653,3.5877838
-2.8103619,-5.008129,1.4434474
-3.5672388,-6.3684244,-1.3726084
-3.7997465,-6.7046595,-0.16365512
3.159982,-9.818575,-1.4711564
5.9193463,-7.672674,-3.2043488
6.2911806,-6.595749,-2.9794245
7.340189,-5.769023,-4.383993
10.61162,-2.384566,-5.5374503
9.334891,-4.307627,-3.1659954
10.084689,-1.930173,0.34035105
8.41163,-6.3425694,1.1415632
13.104307,-3.9546256,2.5372736
8.985115,-4.3034296,1.5562744
7.181278,-3.3860657,1.0954019
8.837092,-4.0757637,2.1484363
9.103785,-2.8267877,2.656285
7.653646,-5.2131023,2.877583
8.295267,-6.109101,3.1309748
10.18612,-3.7873912,3.3860278
10.734505,-5.259696,2.7742982
11.4965925,-5.534579,2.9029582
11.902181,-5.365998,2.3532784
7.49054,-5.969347,3.8880062
11.318535,-6.418996,3.1504402
9.094046,-6.088402,2.6954358
11.936618,-5.0064106,2.4233723
12.879816,-5.4591193,2.1794298
14.179134,-7.526966,3.6834197
11.62725,-8.014153,2.3808146
13.031414,-5.0164156,2.0432906
13.775178,-4.991129,2.5318403
12.314049,-4.5142183,2.0135744
8.472361,-5.7089076,2.7553298
10.451174,-6.1403513,1.8813312
9.367765,-8.127297,2.111105
9.310409,-7.808479,3.32859
10.990383,-8.90959,1.8182828
10.518177,-9.157007,1.2187605
8.928985,-8.771553,0.48622096
10.052717,-7.19701,0.52695763
15.5320835,-2.9179254,2.0774183
17.748203,-1.6583492,4.201939
17.377382,-3.3564389,3.3815918
17.541538,-2.821854,4.4586844
17.461658,-3.8735006,3.5303123
17.543472,-2.511012,3.0496583
17.729351,-2.2032075,3.182409
18.3705,-1.8460293,3.129633
17.473423,-1.1809626,3.700572
18.833393,-3.1658587,2.3448398
18.449707,-4.2102613,3.653872
17.759094,-4.85815,4.554221
15.813452,-1.2597677,4.934845
6.620403,-6.474828,2.3130214
-2.5387087,-10.430819,-2.073512
4.773552,-8.117651,-5.5886736
2.1621265,-5.3681216,-4.672804
-2.4621325,-0.9252448,-9.990619
-8.568853,2.9025002,-9.0529785
-3.8826919,5.499056,-9.78062
-10.468331,6.289447,-6.4082756
-12.041207,8.032711,-6.3876853
-15.4119835,11.003184,-7.041426
-17.578367,6.485453,-8.93903
-17.679413,7.876519,-2.1549578
-16.713717,6.1789203,-0.26832205
-15.999756,6.387781,-1.2090254
