yaw,pitch,roll
1.9502299,-7.4450912,-12.232807
1.9951673,-7.3712273,-12.02869
3.8626568,-4.107786,-15.175785
1.3214092,-5.1266046,-18.394989
2.4737759,-5.1709313,-15.961061
1.1475873,-7.057374,-16.449867
0.7444792,-6.643649,-16.454107
0.70171547,-7.674883,-17.748
0.9038174,-7.093858,-15.651993
0.4715495,-7.835206,-16.357687
0.24128842,-7.0530014,-17.227394
-0.25837064,-5.385499,-19.06269
-0.09473133,-6.3585186,-19.676924
-0.8239286,-6.5825124,-18.620426
-0.8378508,-9.334413,-19.056332
-3.1907263,-7.1585493,-19.840977
-1.8798497,-7.1973166,-19.396805
-0.5101824,-4.9802084,-16.79399
4.6653023,-0.91386354,-15.302723
5.5511894,0.06333399,-16.095549
2.2079334,0.021384954,-17.017464
-8.516043,-3.3544788,-16.041473
-12.282725,-1.4035866,-13.667333
-9.485307,3.9470668,-14.868687
-9.31885,7.3231,-10.402515
-10.4037075,2.4451613,-8.089279
-6.361018,5.8985586,-3.633165
-15.475622,-2.266605,2.6424463
1.3976781,5.0406623,5.161275
-5.791119,12.800911,7.8800364
-3.5241656,15.687128,10.877738
7.66013,20.513609,13.903776
2.6335266,17.402836,8.94083
-8.9065075,15.369656,10.968013
-12.526464,14.96954,9.978457
-8.126019,13.420034,15.312842
