yaw,pitch,roll
0.5957947,-5.3011427,3.533698
2.794597,-5.4874854,2.9637222
2.0461621,-5.6756096,1.5410295
0.36814928,-5.795783,5.238703
-1.214006,-5.8535357,5.771782
0.1539588,-5.479122,5.0440817
2.2037408,-6.7093863,4.7196465
2.8565614,-6.315643,5.3451843
1.7347524,-5.7709923,5.368717
2.1732452,-3.8770344,4.4629908
2.6627712,-3.1049056,4.462262
1.5913126,-4.873302,3.9528384
0.84930015,-4.585957,3.2908611
1.6195049,-5.2072906,5.639355
2.87613,-3.929956,4.44337
1.2734199,-6.248055,4.9406147
2.9562624,-4.853997,3.495181
1.3052325,-4.790368,3.8120675
1.5097797,-4.883903,3.2523742
1.8579998,-3.0903447,2.266747
1.2972603,-3.9706151,1.8205559
0.19112158,-4.740481,1.0822451
0.55913305,-4.5092983,0.35571945
0.80932283,-4.2234387,0.6391001
1.3195317,-4.815452,2.197185
0.37501144,-3.8740604,1.4868724
1.2604012,-4.0801535,0.2404356
0.36840105,-4.732765,1.0282241
0.7770448,-5.24717,2.2867618
-0.8881545,-5.456392,3.8691025
0.4987402,-6.20616,4.2919955
0.501276,-4.031152,2.6798882
1.4207335,-3.8766236,1.1795275
1.4244342,-3.3655734,0.40851712
1.3366284,-3.3485386,2.0702226
0.65976095,-3.9089026,1.9315208
0.22241068,-3.5158305,1.4798307
0.16346979,-2.4230862,0.70932055
0.19314575,-2.3859668,0.83127034
0.5842614,-3.7147915,1.435365
0.083613396,-3.6650925,1.2150626
-0.49215937,-3.783673,-0.009135246
1.1098871,-4.527651,0.5753317
-0.3896799,-4.0467606,2.094831
-0.14774752,-3.7776978,2.492572
-0.4463377,-3.4038494,2.2260947
0.072333336,-3.8896627,2.0165133
-0.182168,-4.1939692,1.3361632
1.0769396,-4.930171,1.7334445
-3.845163,-5.829077,0.6013421
-0.8449831,-5.469974,-0.36157277
-0.09485054,-5.4951,-0.5865712
-1.4587181,-7.0877476,1.4984968
0.33120632,-4.7439213,0.47117049
0.99656606,-2.6700056,-0.25754458
2.62148,-4.2786694,-0.94297624
2.1272256,-4.41894,0.45455992
1.9681249,-3.51081,-1.1621902
2.6491542,-1.9213194,-0.19866535
-1.2867794,-6.1065197,-2.2450504
0.14095521,-5.8977566,-0.0069931187
-1.064178,-8.636894,2.1317723
4.818309,-7.6799545,4.3554435
0.2847612,-3.8716974,4.0135293
1.6510046,-3.47711,1.5765041
2.8951402,-2.7945433,-0.34198362
0.5630288,-4.357345,1.4454621
3.0496383,-10.259724,2.9398825
-1.9821076,-11.955605,2.4576993
-0.92127466,-3.9463196,0.81526554
1.040714,-5.598091,-2.8152852
-0.7518258,-7.4869184,-2.4781609
-7.1344347,-8.919979,-2.05728
-4.8997784,-15.716381,-5.559547
-10.968647,-5.9294696,-5.5565925
-15.947527,-7.368725,-6.2986126
-16.851,-4.8283386,-7.2065525
-15.214806,-2.1812117,-5.4888926
-17.605694,-2.1322353,-5.0732656
-22.755907,-4.712771,-2.2054129
-17.135847,-9.438574,-0.7236781
-30.459373,-13.8029175,5.8190694
-33.10296,-12.167191,6.2862673
-28.379639,-17.265,6.095694
-13.689169,-8.118677,5.4395995
-16.057972,-7.3205757,7.4657164
-18.805689,-10.050686,8.857684
-15.354395,-6.6549664,8.632638
-14.994548,-5.316784,8.269164
-8.96984,-6.331215,8.663248
