yaw,pitch,roll
-33.994923,-7.003526,-12.711993
-29.614353,-7.989771,-14.163843
-27.359554,-10.201236,-12.298012
-24.698414,-10.838171,-13.971064
-24.164207,-11.408106,-14.4713335
-27.699903,-17.306263,-12.89773
-23.820768,-20.462244,-14.663269
-20.342783,-15.01249,-12.5113945
-25.66335,-14.726634,-12.052456
-28.469822,-17.793102,-11.020985
-25.434616,-18.00916,-13.645893
-26.265537,-13.744902,-12.253499
-31.46684,-10.810668,-11.241389
-31.243286,-11.827391,-13.860046
-29.847824,-8.314297,-15.359374
-30.219439,-7.2506437,-13.346457
-28.960064,-9.992714,-16.280952
-27.875488,-5.911087,-14.096771
-33.480137,-6.9898734,-13.486277
-32.68043,-8.855203,-14.181783
-33.917915,-10.515792,-11.258612
-30.377838,-8.692017,-12.286159
-32.026394,-8.1876135,-13.410898
-29.111568,-8.484678,-14.68375
-29.084248,-8.429429,-15.22735
-29.157864,-9.464851,-15.062223
-30.82618,-7.514166,-15.444992
-25.804363,-7.610549,-13.140218
-24.05844,-5.7286944,-11.451394
-23.27996,-5.8601704,-12.544227
-13.990462,-6.998972,-12.38963
-13.894044,-9.591128,-9.670254
-12.324444,-10.176922,-9.604057
-9.096002,-8.350063,-8.149347
-3.4573686,-6.016197,-11.658459
-6.01244,-5.7296934,-11.829628
