yaw,pitch,roll
4.1880302,1.3769667,5.797967
6.2417226,-0.7336659,4.389192
6.2528734,0.30568862,3.442202
7.466362,0.7290517,4.997595
7.7249694,-0.11520094,4.1767254
4.5864453,-1.6826682,4.051039
3.9513474,-0.67224073,4.2274823
6.415268,-1.4531618,3.6578267
4.071321,-2.6633499,6.243335
10.155335,-3.6604395,3.7186801
5.4807277,0.24884291,5.1473026
4.4047666,-0.116505265,5.4515953
1.7876153,-2.101446,4.405699
0.30195677,-1.7538236,5.4882755
-0.94819796,-2.8466082,5.612611
-2.2063787,-3.8463717,5.0733175
-1.8356649,-1.9452901,5.9964924
-0.49113107,-0.06972575,6.3012223
0.2957065,-0.14688659,6.5134735
-0.16559243,-1.1893607,5.640471
1.5687804,-0.42641735,5.065706
2.591491,-2.7853515,2.5512848
9.689565,-2.242409,1.2599359
3.714762,-0.77925444,-1.2688892
-0.6629845,-2.114363,-1.1092584
-3.551549,-5.443425,-1.5577607
-4.559115,-7.0528,-3.7982543
-0.52172124,-6.5858555,-4.36734
1.5675331,-9.984876,-2.3079247
2.822198,-9.954489,-1.9174585
0.44413126,-10.865092,-1.8825833
-0.052812338,-15.534195,-3.3462267
-0.38695621,-18.824654,-3.938009
2.7021465,-15.2351265,-3.7169313
4.2213755,-15.991919,-2.8726096
2.997563,-17.316494,-1.2246485
2.480637,-18.6651,0.38887855
-1.3082186,-24.792164,2.5099409
-2.591309,-23.941433,4.3539844
4.4138584,-17.278145,2.9971533
2.654012,-10.837471,2.5082304
1.2728066,-11.489052,4.8022146
0.27209046,-7.5260944,3.499208
2.1084852,-5.9619064,0.88127846
-2.289988,-7.2028646,0.034166
-2.2732913,-5.44856,0.13129377
-1.0326258,-4.8721476,-1.5250251
0.41161722,-4.7665405,-1.0509533
3.0616488,-1.576864,0.46409607
1.8730547,-1.9006932,2.2145324
3.6550345,0.107470274,1.9842662
1.8619533,1.5459814,1.0691949
1.8255498,2.0295541,0.8108398
2.1779492,-0.38762802,1.0650951
3.1507876,-0.8833634,2.4925478
4.3477144,-0.985222,2.960927
2.2096303,0.38013396,2.043554
1.5509646,0.055912733,2.9642894
1.4102265,-1.3399993,3.5872927
3.524085,-0.045988828,2.5272436
2.0681381,-0.21827501,1.7465922
2.2303681,0.24311541,3.1988385
1.968924,0.4501328,3.265121
3.2107258,0.40277416,1.4850235
2.932437,-0.6208457,0.05113566
1.9857782,1.157584,-0.8348791
0.030936718,0.015668869,0.29225266
1.056772,-0.3978113,0.7268044
1.2829039,0.31329978,1.0685078
3.853581,-0.8471443,0.8493937
-1.0313869,-0.35760272,2.4551752
0.05802059,0.40183228,2.646565
0.29455835,0.17143273,3.0138302
0.55657494,-1.7949976,2.7654262
-1.9122906,-2.7762024,2.927115
0.52659047,-2.611645,1.5278323
-2.5885224,-1.7891825,1.7552937
-0.677115,-2.4415517,1.1624236
-2.057443,-2.4275525,1.5233945
-0.83233905,-2.226867,1.5889721
0.89701277,-0.9400865,2.558476
-2.0413752,-1.614996,2.0629425
-0.4405192,-1.212187,2.0624185
1.3964049,-1.4560355,1.412312
0.7789418,-2.2304876,1.9623914
1.4339008,-1.1151769,2.127632
-0.89122605,-2.1385238,1.9120445
-0.9601026,-2.3442948,2.295455
-1.2853497,-0.9693159,2.352949
-1.8796269,-1.0262276,2.5724978
