yaw,pitch,roll
4.4901557,-12.399807,-6.1109986
4.7079434,-10.3679495,-4.7849092
2.2120905,-11.591898,-7.6778145
0.77375746,-13.222592,-9.10207
0.9927745,-12.838877,-10.718038
1.8477769,-12.372435,-8.300087
1.777453,-11.727438,-9.062462
2.5330586,-12.447866,-9.332309
1.939527,-13.4323,-9.806694
0.8559406,-10.67648,-11.056489
4.377358,-12.0518875,-8.789876
-0.26327896,-14.851459,-9.29068
-0.22882247,-13.019525,-10.723484
1.1928048,-9.426945,-10.891154
-1.0907173,-8.395383,-14.21332
0.7487898,-10.414832,-11.888563
-0.98416305,-7.907437,-10.499731
-2.8615904,-10.235477,-9.553546
-3.8338172,-10.438074,-8.092508
-7.200698,-9.30735,-9.167423
-5.188218,-10.304151,-10.95678
-9.277056,-11.131668,-10.6137905
-7.839141,-11.687599,-5.3956327
-5.1965685,-8.860977,-4.854604
-10.009823,-8.221325,-2.7871246
-4.8987694,-7.470129,1.813048
-5.6624236,-5.1822467,0.28338814
-6.1211953,-3.6082864,3.831469
-2.7681646,-1.5219309,5.704001
5.8810916,-3.0745597,8.9317875
9.5499325,-0.16477668,8.573937
6.910984,1.5048137,8.382461
3.864468,-1.4996493,8.3645
6.1247478,-3.6615324,4.838999
14.994726,-2.1083088,7.61419
13.180466,-4.3098035,6.5134296
