yaw,pitch,roll
-3.3735037,-7.980324,6.3220115
-4.1187835,-5.774621,7.0048137
-2.789828,-6.4364777,6.3706694
-3.4918358,-5.991329,7.2060347
-3.654239,-6.1534634,8.633041
-4.5709715,-6.4381466,8.2567425
-2.7982152,-6.2805862,7.524475
-3.1804242,-5.9267263,8.739809
-4.2366486,-6.893609,9.155723
-2.3731773,-7.116316,9.130144
-7.528619,-10.339798,11.080755
-8.357216,-9.876429,9.105316
-6.6191764,-10.459133,10.355244
-6.5881457,-7.876013,8.430085
-3.053487,-7.2732277,8.506068
-3.8883219,-9.255324,7.4551883
-5.0166607,-9.03853,9.56834
-6.74078,-9.797632,8.921904
-6.061612,-9.678758,7.2956944
-8.094441,-9.792198,10.178383
-5.344677,-8.305107,8.044315
-0.44038182,-8.764913,6.3447733
-4.201669,-10.100888,9.131557
-5.5987673,-9.99316,9.380693
-6.178932,-10.221233,9.45125
-8.45705,-12.408203,10.464544
-3.7499561,-8.7070875,7.5382586
-2.0844421,-9.215674,7.4235277
-4.313299,-8.106579,6.1337166
-4.418619,-10.463943,9.163931
-5.12736,-9.653072,8.972036
-3.6520076,-9.8628845,6.9870954
-1.7854916,-6.8948383,7.2823935
-1.7801931,-8.148115,8.157979
-0.9848327,-7.5352707,6.5452433
-1.203258,-6.10367,7.1030455
