yaw,pitch,roll
6.2434626,-5.4198246,12.653391
4.856186,-6.2786264,11.89558
3.9068716,-5.6570597,10.981032
2.3205442,-7.381674,12.443314
-2.9252148,-7.8626623,12.444555
3.0598533,-10.737027,13.057341
1.4772886,-15.494235,10.307066
2.967469,-12.203089,9.53994
-2.8855455,-18.10442,8.30748
-0.45169872,-15.241774,4.3730955
1.1506813,-13.358251,6.01959
7.547491,-11.7769375,5.133789
7.8293705,-9.430297,5.0482206
3.8224225,-13.44252,3.5339627
-0.50805265,-14.9050455,5.562605
-0.4750511,-14.133402,5.7445498
3.3081985,-11.678068,5.205338
4.0049257,-12.560318,6.4204764
5.0806165,-11.268684,7.193912
1.6247466,-12.211062,6.0853977
2.4108691,-10.759314,5.4222245
3.7792468,-9.724569,6.080371
2.4955175,-11.349874,6.1165266
1.965652,-11.633564,5.965188
5.6845746,-9.865102,8.018259
2.8933215,-12.841725,7.6865873
2.446077,-10.706459,6.01802
0.9371676,-11.797487,5.0272446
1.3829994,-12.4723625,4.666051
1.5010893,-12.170618,5.700402
2.8394136,-12.95064,3.9613667
-2.2352505,-11.119844,7.2792587
0.55998814,-11.247989,5.317733
-0.8640045,-12.086096,5.6784925
-0.5947091,-12.0954,5.0237927
1.2368141,-10.189086,5.7729588
