yaw,pitch,roll
8.489569,-3.2349887,9.607407
3.0563703,-3.4823637,13.199078
7.204938,-4.8739233,8.841337
8.17165,-5.551051,9.377438
5.5483537,-3.7589116,12.55374
5.640774,-6.214376,8.478205
6.1415696,-0.35057926,10.22492
5.9023685,0.8961618,10.944603
11.52935,-1.2602507,12.003327
21.249184,-0.6256244,9.114578
17.706821,2.0748224,11.722866
1.8438157,1.7158779,10.567299
2.9336512,-1.1057925,10.2929125
13.20731,-1.2593023,11.837487
20.058804,1.679332,11.293896
13.56406,0.8232205,11.691944
0.1759086,-3.8987718,11.494713
1.7917799,-1.4756248,10.3340025
16.58486,-1.8923585,8.054357
23.606102,1.9967769,5.961186
23.920078,-1.4719721,10.851443
7.9878387,-0.13067007,13.3732605
1.3431351,-0.90383077,13.17803
4.4027267,-1.6416826,8.749773
14.862864,0.284824,9.644024
20.275787,2.5098376,10.30614
17.346468,-1.5887492,8.468274
7.688835,-1.6614115,9.877287
-1.7030215,-1.6487231,12.204094
6.34842,-2.5055542,10.814435
8.375369,-2.6835682,9.21673
24.19688,-0.05773151,7.514146
21.166073,0.14438874,10.878533
8.502129,0.20172787,9.032741
0.8096899,-2.6587462,13.092394
3.5226586,-0.8942727,10.6980915
