yaw,pitch,roll
5.989166,-5.4370756,-10.161607
6.216077,-5.154466,-7.9111867
5.8716593,-4.444877,-9.040108
4.739887,-5.253686,-10.557194
3.4231882,-5.8906426,-10.739769
4.412571,-2.3984735,-9.178985
3.5552323,-2.5934806,-8.069042
3.2448878,-1.4925995,-5.946055
-16.53426,-0.55003405,-3.7624545
-35.34506,-10.1212015,-8.842278
-22.622541,-3.7440157,2.0653927
-19.071156,-2.3776832,2.4239676
-35.161793,-23.387466,6.908757
-41.53869,-14.354414,-1.8497425
-49.54322,-11.359647,2.7234159
-51.69356,-7.1775293,1.7695436
-46.661633,-12.613848,-4.0517855
9.888481,2.2039495,-6.2344437
27.919003,2.729493,-0.18006861
36.56043,-7.220579,-8.152779
31.513275,-14.319707,-6.093075
21.560223,-6.753049,0.41513872
8.339106,-6.6384125,-7.6059704
-28.556149,-10.561618,-11.391724
-48.957695,-8.690107,-9.898605
-50.72639,-11.878491,-3.5949624
-37.308136,-10.816117,-8.236454
5.002064,-2.3247838,-13.212725
19.82351,-5.5706754,-13.276611
20.226562,-15.938371,-6.584119
16.307615,-15.860321,-1.0757828
16.292416,-18.19175,1.2576895
25.72231,-11.272927,-11.734985
20.164679,-5.0438366,-9.57699
10.89845,-6.002239,-13.759051
11.90938,-4.5005317,-18.29855
