yaw,pitch,roll
6.026061,-4.5612087,-3.7041826
10.920427,-0.82077265,-3.6234322
11.151457,-1.4634688,-3.798304
7.57664,-1.3535993,-2.1190448
-2.1110833,-0.17085886,3.9542832
-12.336552,-1.7237257,5.504368
-18.14849,-3.1305184,1.1164333
-20.607986,-10.26009,-1.0229653
-19.119253,-10.178192,2.3743806
-8.893972,-10.382368,3.0861716
-0.60567605,-11.854425,4.814283
-3.8262079,-8.597197,7.4691243
-7.4377627,-9.447312,0.29367048
-7.0776405,-19.54343,-2.7387881
-15.116687,-19.635483,-0.5932288
-10.83396,-18.572205,-3.756454
-1.9363548,-17.957664,4.285047
-2.381641,-12.864864,1.3008115
-12.464223,-18.37959,-2.8421917
-16.577602,-17.978989,0.5150738
-14.363146,-22.163599,0.0542264
-18.508366,-15.730837,-0.8816862
-13.64872,-14.943949,0.016171455
0.07643938,-14.022732,1.2621701
-0.12726271,-11.069767,2.7172265
-4.600233,-12.806025,-1.1292915
-10.896661,-16.53381,-0.9710922
-16.202911,-20.081379,1.5137687
-15.845096,-18.840837,-0.47008753
-14.41962,-18.615952,-3.6860592
-15.005139,-14.840115,0.25336337
-3.5721493,-14.868989,-0.5703261
-5.9384756,-14.818951,1.6976271
-14.601,-18.949673,2.4729993
-7.089422,-19.64725,-1.9492869
-8.538074,-19.995579,-0.9318409
