yaw,pitch,roll
-3.9987347,-3.9875817,2.8809533
2.587295,-3.7465122,-1.324373
3.7985263,-4.043179,-5.940338
3.352848,-0.7768849,-4.7011194
-0.3205347,-1.3304014,-2.5215125
2.1782725,-3.2307177,-5.1754932
1.642638,-2.869204,-4.562254
3.8827686,-1.9786981,-4.9858313
1.2590786,-2.6710873,-3.1540883
-5.3260217,-6.0378666,-3.2925477
3.3691983,-1.554321,1.621519
7.615898,-1.8401698,1.6928473
-4.187058,-9.273949,-0.33026564
-2.292366,-2.5499516,-7.758346
-3.7623377,-5.250011,-9.664356
1.8424916,-4.2017913,-1.087586
0.7246858,-3.8864841,-0.91872966
2.623063,0.95281637,2.4853475
-3.3356798,-9.50997,-1.7797284
-7.69639,-8.953082,1.032793
-4.7691164,-5.21935,-5.192801
-5.6554484,-3.8563771,-10.4282675
-5.403912,-4.7430763,-4.2103815
0.65499806,-2.6445074,2.4598546
-7.718281,-4.317964,-0.57470787
-6.5690007,-1.7880132,-5.035354
-11.067649,-2.4368,-7.1604776
-1.2900414,-2.4772346,-3.0573604
-2.800295,-4.3635697,5.278064
-6.8043194,-5.3311462,-3.9219782
-7.7554083,-5.9659886,-7.972646
-12.719116,-3.6508303,-3.4111266
-9.648186,-3.085939,-5.0197515
-9.768301,-4.4271235,-4.3180394
-6.4234743,-0.8456273,-2.935013
-5.469131,-0.97831297,-3.7417006
