yaw,pitch,roll
0.015109539,-11.095319,-4.0582013
-0.30957818,-8.835722,-3.3959517
2.8109388,-6.514759,-3.8780398
1.9949386,-8.178406,-5.224747
0.5775087,-7.1492357,-4.4056883
-0.69696355,-7.472703,-5.6476974
-6.8924026,-7.198163,-6.1273203
-18.386078,-11.482971,-11.265001
-18.640001,-6.1753955,-11.17268
-15.343586,-4.790121,-9.466742
-11.145932,-10.210299,-5.2021136
3.2595103,-5.975236,3.309211
0.07787132,-5.223344,-0.8033701
-10.345093,-11.402186,-0.22798663
-18.848518,-5.326708,-2.98936
-22.425074,-7.00776,-14.46435
-14.638231,-3.6293197,-4.675687
-1.2201974,-2.9190247,4.640717
-4.1060567,-1.4148067,2.3242717
-20.377316,-4.4334297,-2.187173
-19.447336,-2.9711537,-5.1491504
-22.376907,-2.3234391,-9.208775
-18.948092,-3.3019652,-3.5601988
-10.631868,-1.8914467,2.19248
-3.6764045,-2.0437827,3.1678276
-7.8954196,-3.2990782,3.1975377
-7.9123344,-3.9210217,2.0797658
-8.724537,-2.7106376,2.4059033
-8.950619,-3.3554568,1.6286675
-9.507947,-3.9630551,0.1483444
-7.340742,-3.864557,-1.3457633
-9.115452,-2.1176107,1.8589826
-6.110119,-3.879315,-0.8993449
-8.243839,-5.914932,-2.2779465
-7.836382,-4.185243,-0.6747064
-7.587346,-4.6060095,-0.7169996
