yaw,pitch,roll
-2.8558178,-5.34085,4.78235
-3.8366337,-2.4087782,5.234806
-2.7860942,-3.219719,5.1678147
-2.4899356,-3.962353,4.7664375
-7.1372085,-2.8806298,5.837863
-8.97834,-5.328714,6.561103
-6.9394817,-1.8017261,5.8774643
-7.0579505,-3.6185493,6.851858
-7.388359,-3.5442197,5.849951
-4.1573653,-2.7185566,7.6645474
-8.088742,-6.1063247,9.923767
0.86659455,-4.835491,9.389286
-0.32634473,-1.7343153,5.6058702
9.503666,-6.2686343,7.0584116
15.217804,-6.387027,8.267489
8.532899,-2.4103386,6.6957426
-8.40163,-5.1577888,3.4019492
-6.417865,-4.355653,6.658286
-5.4332705,-5.7251854,6.3879623
-9.830502,-7.393267,5.59646
1.404662,-5.3755417,4.643794
2.4178898,-3.5576184,8.307366
5.55091,-3.5878408,7.5268126
0.017567873,-6.543069,5.8316307
-10.994685,-4.0380573,8.637824
-11.470965,-8.072363,7.6770706
-5.440498,-3.2270103,7.9419765
-8.6657,-1.6967489,5.758654
1.1152635,-4.460773,4.377327
3.158359,-1.5627536,5.8690777
-1.2939456,-4.06586,3.5557654
-5.5899997,-5.2024918,4.795068
-10.288118,-5.9938464,8.909267
-13.999345,-6.4972324,7.123598
-12.285568,-2.8511624,7.6701927
-6.29499,-4.994456,6.4828224
-2.2519822,-1.4259967,6.062229
-2.3274388,-2.9121819,5.693211
-4.278527,-5.6189485,5.526417
-4.3025293,-2.3862424,6.7738266
-5.8783617,-4.0101748,5.2936363
-7.002658,-3.4719074,6.148323
-4.3987265,-2.0318894,5.828944
-3.4979746,-5.7866325,6.9386816
-3.1786418,-5.3001995,8.677279
-2.3199165,-3.3011637,8.194329
-0.7465229,-4.3384013,4.4338384
-2.764914,-4.9677424,5.075984
-3.6777408,-5.598307,2.5569172
-3.5255985,-4.543663,4.779356
-3.3245676,-3.4381738,7.294111
-1.2181306,-4.3976283,5.6315117
-3.6461885,-6.411326,3.9187694
-3.2267227,-7.279565,5.0407405
-1.0621262,-3.7350903,3.3168716
-0.9407923,-3.0336058,6.1478405
-3.4825072,-6.707545,4.376236
-1.2874327,-6.0201173,4.834573
-3.4168065,-5.958294,3.050291
-2.4314842,-5.4514575,3.7592661
-4.0877748,-6.7924957,4.6971893
-5.502692,-6.711132,4.3057375
-2.5127912,-5.0051928,5.070861
-4.8504333,-6.567877,5.047143
-2.8062587,-6.524868,3.636345
-3.8451743,-6.4612617,3.3487635
-2.4620101,-4.5958953,4.4020395
-2.1098828,-3.8795447,4.456196
-2.4589071,-4.9479656,2.7190607
-1.8846526,-4.786751,4.0542564
-1.0606065,-4.966133,3.105617
-2.7008097,-4.8984194,3.773007
-2.8367088,-4.6640244,3.7683337
-4.2928076,-6.8087945,2.1566818
-2.6333518,-5.3348875,2.9180665
-2.9462984,-5.152622,4.008004
-3.5686471,-6.6751175,5.286406
-2.4067864,-6.995167,5.5263414
-4.5757427,-6.5773215,5.5788527
-2.7380648,-5.238699,6.531026
-3.3350987,-6.824471,6.489691
-2.3053532,-6.1845665,5.5620537
-3.6899211,-7.8282332,5.94915
-3.712509,-6.6042824,6.212184
-2.9460933,-5.2235794,6.5298963
-4.3186836,-6.930585,6.5824246
-3.699762,-8.1045475,6.384495
-3.044146,-5.485652,6.9400024
-2.6976771,-7.3242283,6.488828
-3.9438705,-8.364343,4.435398
