yaw,pitch,roll
10.629645,-2.9289434,-0.1080161
10.72315,-2.6009178,0.11607254
12.050226,-4.675526,-0.04729569
13.194895,-4.6041784,0.9723453
9.41238,-3.6696277,1.0121123
7.7133393,-5.3310003,0.07988858
6.1438437,-7.478853,0.8593106
-1.7052817,-8.446145,-2.3675475
-11.029289,-13.372601,-0.7484092
-13.978751,-22.668093,-9.888468
-39.92402,-26.823257,-4.4109464
-6.8234415,-21.477928,-6.402567
12.64724,-13.731911,0.11297417
8.989453,-16.176723,0.75865406
-6.4204445,-27.451221,-5.0052156
-14.776102,-28.84372,-10.22632
-10.611564,-31.542282,-11.325269
-3.2243214,-29.283415,-11.880329
3.074155,-17.527798,-3.226667
15.427105,-13.82287,-7.019925
11.1943445,-17.39783,-8.026309
-0.8717375,-28.858122,-11.537321
-4.892556,-28.316158,-14.645954
-1.890321,-27.824087,-13.9154625
-6.8443184,-32.854916,-12.505813
3.5263498,-20.54345,-9.896722
12.959375,-15.539911,-6.5829983
12.122975,-18.147629,-6.8863344
9.813068,-18.385456,-10.385796
-0.18088758,-28.353054,-13.286106
3.6575177,-24.842754,-13.994956
4.15579,-21.145313,-14.000141
10.303612,-16.008375,-9.157676
11.904971,-18.537237,-5.690035
15.49871,-15.062541,-8.672143
7.623884,-15.050025,-5.1796346
