yaw,pitch,roll
0.4443159,-4.533173,6.733495
-8.732638,-4.827154,5.7810884
0.008579254,-4.5278077,3.7293558
-5.627238,-7.2978168,6.050221
-4.1113954,-8.530923,6.2564077
-5.0691295,-6.627903,7.1986513
2.7695017,-5.674164,7.1626825
-3.4208727,-6.7711697,9.362353
0.3992226,-4.8823733,11.3600855
4.7004123,-3.4316394,3.9679685
-3.3285224,-6.1681776,3.7630806
0.7273128,-3.5355196,4.445905
-1.9448233,-3.389051,2.6159759
-1.488088,-4.4408255,10.478778
0.7814474,-8.204832,10.210502
-10.733715,-22.948902,9.301549
-10.064337,-19.354225,-3.6091707
-11.887241,-18.772327,-4.269156
-16.46197,-9.466893,-14.913513
-8.144997,-13.923747,-12.305851
-0.047062397,-21.81679,1.0293355
3.0162416,-18.555048,-0.07574242
3.9767876,-17.583298,3.749031
-1.3087778,-21.147806,-8.006452
-12.343977,-13.59918,-16.806744
-16.802109,-14.986683,-10.14011
2.6198373,-18.43147,-12.212501
-4.4255238,-19.608604,4.7534733
-3.6586673,-20.016731,3.823006
-8.4109745,-26.175634,-2.611932
-20.941265,-19.144547,-8.207561
-23.680672,-14.065002,-3.634491
-4.6132946,-22.806427,-12.965554
-19.848145,-19.243912,4.018258
-6.3903584,-15.451139,3.8498425
-7.1105213,-25.99725,-6.2503843
-20.92838,-16.095133,-11.027276
-19.619001,-16.167406,-13.735046
-11.016505,-18.225079,-5.9667873
3.6523318,-17.395271,1.1130126
-7.1296883,-16.253693,9.662901
-4.283839,-16.270819,2.6780133
-9.320901,-23.931517,2.047369
-18.483238,-15.119606,-5.407389
-18.958046,-14.527507,-7.421567
-10.470934,-15.736622,-6.618
-5.380342,-19.511192,0.95339704
-9.362467,-19.167358,3.7952368
-8.724194,-20.064713,-0.13614571
-8.783489,-19.916103,1.6843557
-6.3811607,-22.77167,-0.5832398
-5.4026484,-21.655231,0.0631969
-6.5927396,-20.03133,0.04934621
-7.586574,-19.635231,-2.6650326
-7.857092,-17.173962,-3.537275
-9.339258,-20.336044,-4.2406635
-8.695589,-22.158154,-2.893558
-0.5744956,-22.513714,-0.62516934
2.1645455,-18.361952,-5.5065427
3.5444608,-11.938698,-7.205039
2.701962,-9.061853,-6.871935
4.7681637,-10.351076,-9.977114
5.844312,-8.871199,-10.263805
2.2001648,-7.750678,-7.5158405
4.508034,-8.637864,-6.9161825
5.446328,-8.543247,-4.307144
4.5442286,-5.0712075,-5.231887
4.2185116,-4.926766,1.599089
6.7093754,-3.716064,0.74231565
7.9318476,-3.571536,1.9062269
7.0534186,-1.7564832,3.420345
7.009411,1.6438046,6.1960187
7.1015577,0.6004698,7.5296726
7.8075266,0.16363668,8.447372
10.477087,0.029396057,8.452268
10.5315895,-0.2984395,9.154133
13.618122,-0.10535622,9.5542345
15.168884,-1.6382432,11.210684
19.49025,-0.99589324,12.628563
22.782578,-3.061102,12.495804
21.388817,-0.8734517,12.784854
19.67976,0.94704926,12.970664
22.405598,1.7095381,12.416122
18.736326,1.8830407,9.3155575
19.26294,0.45210767,13.11116
17.148155,0.49874073,11.187134
18.008104,0.47495657,10.680329
16.644024,-1.6197613,9.372567
12.943899,-2.3560286,7.8595047
11.9841385,1.4413006,9.343402
