yaw,pitch,roll
20.260334,0.7010739,7.0457306
18.98962,1.9167165,6.208148
15.538462,1.9586275,5.0188546
16.126013,1.3041164,5.008766
13.769379,2.4761856,5.2603974
13.918615,-0.13303888,5.2904835
11.060972,-1.0408523,4.227065
5.6089716,-8.798276,3.6696305
0.6792996,-8.993868,0.34697562
3.3159256,-11.490154,1.6371732
-0.28970248,-11.1029415,-1.153344
-13.122508,-20.520752,-2.9035642
-18.30561,-17.209597,-3.5834641
-27.417992,-11.696232,-3.8340511
-31.599445,-14.409308,-3.5299633
-23.322685,-13.79192,-4.034557
-13.728743,-21.521347,-6.0844946
-1.0769761,-12.822899,-2.897856
6.708366,-10.88501,-2.3617609
-6.771417,-18.70745,-4.340542
-13.585668,-17.024918,-7.297291
-16.789349,-12.623074,-5.690361
-18.631458,-12.158308,-3.838776
-15.25752,-17.440693,-8.154761
-3.5078852,-14.040628,-10.187403
4.376819,-12.382677,-2.8297124
2.5739357,-14.177985,-5.815277
-13.304893,-17.616638,-6.88961
-17.026073,-16.677864,-6.203429
-12.863881,-14.820102,-4.560108
-14.907038,-15.340833,-7.1196666
-15.429365,-18.439573,-9.674888
1.4614159,-14.346047,-7.238262
4.0052404,-10.925217,-4.439628
-2.4886007,-12.804176,-6.8061566
-10.232491,-17.944353,-7.2862062
