yaw,pitch,roll
-0.7283616,2.603699,-16.902952
-18.998768,-0.6930811,-6.9809203
-20.68618,1.3203201,-14.066007
-22.258078,-0.2040534,-8.341222
-13.462539,0.53267336,-9.908016
-30.899939,-8.662146,-3.512643
-40.68785,-11.512935,-6.5711017
-44.728657,-13.433651,-1.4255123
-36.595295,-10.456821,-9.499625
-14.044684,-5.175829,-10.017538
-10.2398405,-5.991813,-8.120229
14.209663,-2.6582265,-5.885843
4.278908,-7.487896,-6.1175833
4.806421,-14.207084,-12.53695
-11.633278,-9.413668,-4.361061
-23.350883,-7.5342817,-5.922389
-11.263605,-8.338163,-9.796827
-6.1509104,-6.690343,-8.528776
-2.1678033,-4.870868,-12.05641
-10.606253,-9.068884,-9.565882
-13.861657,-7.2631273,-7.3924
-31.255922,-15.379507,-2.7477765
-32.292168,-5.368236,-6.43884
-36.32239,-8.521253,-7.2458253
-12.628814,-8.0104265,-12.074369
3.7620146,-7.40892,-9.8095875
-5.47375,-4.2801285,-12.122585
-10.44676,-4.8758774,-10.577811
7.2335362,-2.450706,-7.914346
-11.183026,-4.3570576,-8.590118
-9.149534,-5.15859,-7.825798
-6.627956,-3.3957462,-11.287115
-13.546989,-5.2376986,-8.524172
-14.536777,-9.389454,-4.2220483
-11.012735,-2.2153556,-7.4909673
-13.91121,-5.7060637,-9.121601
