yaw,pitch,roll
2.8078666,-2.407625,3.5827487
4.811029,-3.7723305,4.720335
4.7628736,-3.5028691,5.1003957
3.349266,-4.55517,4.121311
2.3548713,-3.0290794,3.9218504
1.8475871,-2.8921652,5.3147583
2.4959862,-4.309396,4.3546023
1.6217055,-4.087713,5.255641
1.3569012,-4.354539,4.503559
-0.34686643,-5.6175113,5.1360154
-14.214092,-12.84762,1.416728
-26.976402,-12.343647,3.0055585
-25.764652,-6.232988,-1.4975672
-18.139824,-10.75751,0.69180036
-5.7095675,-14.004099,3.0969014
9.1055765,-5.142947,2.8075151
16.82937,-4.872196,4.1371045
16.891012,-3.9774308,4.4519205
9.529881,-10.495826,3.039225
-5.79922,-14.99136,-0.6326504
-12.470349,-11.099874,-2.0926924
-17.997936,-11.307448,-5.530174
-14.936659,-16.503086,-2.8407807
-6.2570143,-9.988959,-1.6601194
4.49163,-9.934182,-1.4290707
11.635777,-5.8012238,3.8541224
15.69041,-2.450846,2.7169774
14.182035,-3.269003,1.9921482
8.287367,-9.210924,-0.8331269
6.689966,-11.2879095,-4.5015526
3.9473329,-11.9011135,-7.1671066
5.8825045,-9.273336,-3.184972
5.6466103,-11.20939,-3.0204413
10.235141,-8.704457,0.46130854
9.57921,-6.2527075,-1.368262
11.306997,-8.238959,-0.5768421
