yaw,pitch,roll
1.3534462,1.3083636,-12.141416
0.10614991,1.6360441,-12.403797
1.8176804,2.5724754,-12.754317
1.4513261,2.2415442,-12.433151
1.4315183,2.4924393,-13.892853
2.4187918,2.146285,-14.062729
2.1624382,2.8556952,-15.316469
-2.4678776,-1.0072258,-14.9309845
-6.2176037,-2.4074018,-14.155699
-24.701557,-5.771126,-10.467521
-32.060318,-4.061849,-9.422789
-27.825672,-6.264613,-9.564947
-16.671913,-8.238281,-13.644883
-11.325769,-6.25784,-13.123287
8.100259,-6.74798,-11.539156
10.572735,-3.4611752,-7.1812167
10.461721,-3.1863046,-11.078697
5.844299,-4.378351,-15.137622
-12.075472,-5.2257986,-13.016782
-16.598053,-5.541313,-16.328228
-15.749608,-1.5141673,-16.242992
-12.917699,-2.2185524,-16.213062
4.9629383,-2.9706337,-14.2466135
10.366684,-0.94258153,-9.548319
12.330366,-1.1612126,-11.395068
11.680037,-2.3892536,-8.858347
9.435097,-0.26188034,-12.157061
5.5362844,0.49766874,-13.86676
-3.985547,-0.82078534,-12.799088
-20.560658,-5.3819027,-14.455698
-23.604893,-3.9929695,-16.249432
-9.340837,-1.9607658,-14.794207
-5.5234656,-1.5288111,-13.179309
7.421278,0.15414384,-13.640784
11.631627,3.6617267,-11.125698
9.59556,0.50046134,-12.684937
