yaw,pitch,roll
-14.60701,-10.842644,-10.735469
-14.154078,-11.645192,-11.254281
-12.815039,-12.4965925,-9.957226
-9.136767,-16.156834,-5.574171
-12.789186,-9.312778,-10.720453
-12.998259,-5.169384,-12.710133
-11.449991,-5.6313367,-9.882466
-10.154919,-4.971189,-11.585708
-13.346155,-4.9958887,-12.707314
-18.626307,-4.2867517,-13.884136
-13.399739,-4.566749,-12.898571
-20.353764,-4.2843747,-12.639548
-24.676798,-6.339111,-7.6582994
-21.505863,-3.860748,-12.985264
-20.668919,-1.1264664,-13.461081
-19.434967,0.9218992,-14.90131
-23.006308,0.24095781,-13.873256
-25.219837,-0.9538193,-14.119747
-30.713867,0.75958925,-15.415377
-34.494,0.7058011,-18.561249
-44.62281,6.5160236,-17.440224
-26.31789,3.8784795,-14.526178
-18.268784,3.6122003,-15.062468
-24.209206,-0.96756995,-17.246778
-10.409556,-6.973001,-15.945
-51.11461,4.4764524,-18.74765
-46.324776,3.7097843,-21.655811
-28.1612,1.4011555,-13.748776
-28.576626,4.7309194,-15.640025
-26.488483,0.021422863,-15.468463
-44.300934,6.156186,-20.881483
-39.50215,7.9277754,-22.098764
-30.424513,-0.178949,-18.635925
-30.522558,-0.35042083,-12.840114
-23.056362,5.13271,-18.388443
-24.301777,2.3103397,-16.04383
-34.749374,0.2417624,-13.415684
-38.82047,6.7262006,-15.690629
-37.382385,7.5019774,-16.506823
-37.086525,1.3138323,-13.583666
-35.765617,-1.8350308,-12.16568
-23.834034,-0.27279586,-12.973263
-24.133839,0.98473114,-13.088407
-33.640316,-3.33393,-13.502178
-37.76251,-1.365281,-13.1564865
-44.932728,2.6417263,-11.052945
-39.52105,0.050435618,-11.247328
-37.003777,-1.7476102,-11.78039
-32.45116,0.23210059,-14.001298
-32.63861,1.3223284,-12.153646
-32.60562,2.2737215,-14.207388
-31.476545,-0.084420085,-13.806743
-29.392284,1.4598725,-17.260471
-27.850613,1.0007844,-16.516373
-28.688086,1.4550717,-15.171986
-30.3909,0.90590394,-12.953071
-32.699127,0.45632422,-12.90271
-31.672602,0.33254707,-14.379549
-30.138784,0.68629545,-14.702086
-33.51404,0.6795688,-15.758268
-36.1238,0.9440646,-16.420832
-36.70633,-0.2360813,-17.1721
-37.012863,1.1328434,-14.545538
-35.881325,3.0836408,-12.660045
-35.757416,0.39773452,-14.365905
-34.30686,-0.537001,-15.979985
-34.001617,-0.6858321,-15.909846
-35.905273,-1.0678004,-16.911049
-34.27512,-0.11069834,-14.708323
-34.507744,0.057421505,-19.041708
-34.96863,-0.56895787,-17.51414
-35.01609,-0.01954341,-15.770724
-35.3237,1.1526798,-12.460747
-32.593594,-1.6653407,-11.879105
-40.349808,-7.1174216,-10.934525
-38.46229,-4.5293503,-9.630974
-32.54828,-2.4771478,-9.951345
-32.49637,-2.8802621,-10.461107
-23.204655,-3.2973847,-11.104292
-28.583424,-2.0582175,-6.4642944
-29.309334,-4.4531717,-8.675126
-27.8642,-3.6931832,-5.9926176
-27.24403,-6.091336,-6.8344345
-24.913288,-4.421016,-5.524676
-28.942528,-5.4131565,-2.0823097
-32.184563,-6.6850767,-2.3506646
-30.937237,-5.098793,-1.6308697
-30.386354,-5.0675097,-3.8274746
-24.631336,-4.876933,-4.3387327
-24.69647,-3.4840446,-3.3284318
