yaw,pitch,roll
16.269772,10.449974,4.675898
11.92945,12.920237,2.5168023
20.098442,9.750524,7.7938786
9.295999,9.100643,1.2010024
11.313745,11.1335125,3.515252
0.9850526,12.9655485,2.8914573
-3.8319526,11.529247,9.072769
-5.1718383,6.1396976,7.262913
-8.380982,4.462243,7.891717
-3.9976044,2.4095042,5.2557826
2.36518,3.0439582,6.380041
0.9782512,-2.8440611,10.588411
-9.207113,-0.7856432,12.340672
-40.879765,-5.952568,4.2714
-46.379013,-0.85477614,8.239223
-48.65467,-1.0675316,5.7614145
-42.986633,-6.2835965,-0.91050816
-26.49081,-12.420189,0.33027065
-10.175235,0.082128525,-4.5676394
-10.394151,-2.068862,1.0588849
-25.127895,-3.682465,-1.576942
-37.543022,-9.029203,-0.33040065
-45.64115,-0.04547578,-3.6206956
-48.839104,5.985153,-5.270154
-44.501587,1.5518808,-3.307728
-31.463602,-10.0026245,-5.696616
-19.167692,-6.01038,-2.0666416
7.484954,-2.039563,3.4075437
-1.5851938,1.4406257,2.8911664
-13.482535,0.19261026,0.017385334
-20.287266,-11.223677,-2.5610995
-46.750282,-11.550163,-1.8118356
-40.00779,-3.4547796,-3.0505862
-38.271378,-8.554835,-5.2788763
-26.14714,-9.031114,-4.697862
-22.759613,-2.658881,-5.8528795
