yaw,pitch,roll
-2.3694222,-15.438384,-3.5754075
-5.3925247,-14.062516,-2.6350446
-6.5252385,-12.614277,-4.8465796
-10.715902,-11.143509,-4.330226
-18.464653,-12.380947,-8.962188
-18.304832,-10.613212,-12.587005
-12.819704,-3.8751645,-9.669411
-4.0538216,-10.545937,-6.252845
-10.752056,-8.737816,-11.070674
-7.961095,-7.1540565,-12.785207
-10.306461,-2.8280194,-11.484728
2.0064998,-10.249932,-9.779376
2.9912806,-5.697696,-10.243204
-2.2505553,-4.324541,-5.458672
-11.709803,-4.9265614,-10.910532
-4.2148294,-1.9799268,-8.366653
-1.2852836,-2.0170724,-14.370008
-7.1235914,-1.415359,-11.220787
-11.81045,-2.7022016,-9.982552
-11.413187,-4.3611307,-8.706545
-0.25754833,-2.7236676,-11.5809
-4.6796045,-5.034212,-9.837624
-7.242935,-2.7368872,-11.008619
-7.7139053,-5.127468,-10.126156
-9.65218,-5.6283493,-11.621866
-7.473548,-5.012534,-12.606577
-12.929054,-7.787115,-11.059892
-6.0057216,-6.6044474,-11.673206
-10.4326315,-7.7504196,-12.676435
-8.9671135,-7.179512,-12.389399
-9.847403,-9.627119,-13.641844
-4.4191113,-9.280467,-12.221054
-6.639844,-7.836634,-11.022071
-6.3258495,-10.443435,-9.965701
-6.2345343,-11.038365,-11.719837
-7.836404,-10.508473,-9.816973
