yaw,pitch,roll
1.7385669,-3.5921059,5.84212
-0.1639154,-1.8640424,7.352383
-0.66169477,-3.5857186,3.743456
-0.16468215,-2.9672089,3.5482068
2.6183681,-3.1658666,4.024652
2.3026917,-4.6786723,4.6787596
0.3026843,-1.6975422,5.1412625
1.2682011,-1.9507289,6.5182667
-0.2870326,-2.5498133,4.570991
-1.753485,-1.2158846,6.8726616
-1.5891044,-3.5503337,4.6586666
-12.082255,-3.8046453,5.0688033
-19.183943,-7.2907386,2.8659787
-24.146963,-10.637758,2.9222183
-16.127205,-7.5687623,4.516908
-13.803592,-4.1152525,0.60167235
1.9783944,-2.3799665,-0.6605984
-7.885456,-5.480279,0.057450905
-18.636683,-7.650448,1.5335808
-23.56314,-6.865519,0.06384468
-20.679085,-8.617249,1.0295337
-18.880531,-5.315874,0.3985864
-3.873732,-4.3099318,-1.264353
-1.9015791,-5.437725,1.8617737
-10.449274,-3.968744,-1.5541573
-18.591295,-4.5805902,2.6232977
-21.532541,-8.187988,3.244783
-23.530998,-10.817911,2.8694053
-17.67028,-7.0267453,2.284676
-3.9454281,-6.8082438,0.87030977
1.1207032,-4.385758,-1.6661102
-5.5381737,-5.8751726,-1.707822
-16.50601,-6.7734346,0.503857
-18.512625,-7.7688236,1.6853641
-15.823299,-9.008146,-0.35172868
-12.495732,-9.654912,2.9017112
-4.516608,-3.0570407,0.36423838
0.7089138,-4.092712,-0.9359347
-1.9394505,-4.8320255,0.7875509
-15.62067,-6.9687243,2.0427094
-17.303535,-7.530692,-1.24806
-17.879585,-6.6039295,-0.29371858
-12.649826,-8.770273,0.5384599
-6.29878,-5.871876,-0.19893122
-4.3659716,-6.114351,-0.5352272
-6.2801027,-8.574232,0.5589373
-11.88291,-10.083769,1.4309132
-11.99791,-8.750378,-1.3828012
-12.697159,-9.823797,3.095939
-9.223649,-10.758259,-1.0778847
-9.622617,-8.556324,-0.17083001
-9.393316,-8.259659,0.27695432
-10.269251,-8.745673,1.0028596
-9.483498,-9.74072,0.51533896
-9.944899,-7.2821345,-0.080400676
-10.002808,-9.103565,-1.0151249
-8.691881,-9.256255,0.36126766
-9.010265,-10.561642,0.20156938
-9.811752,-9.667238,-1.7498791
-7.9230723,-7.534919,1.1439322
-6.996587,-10.244815,-0.25892967
-9.1677265,-9.265341,-1.3838242
-7.8265357,-10.01506,0.29771608
-9.911985,-8.995981,-0.63184446
-9.4566345,-7.761571,0.9459342
-8.047048,-8.266095,-0.93993604
-10.017857,-10.538903,2.3459725
-11.165577,-9.042403,-0.30561596
-10.150265,-8.741016,0.69190866
-8.706488,-8.350212,1.3303838
-8.2079,-8.2522135,0.35036796
-6.950695,-9.439765,0.44558644
-7.9350786,-10.31789,-0.18935645
-6.8272257,-9.342936,-0.5565265
-5.2330475,-9.816001,-0.4567239
-5.9615865,-9.056469,-2.472114
-4.222269,-7.7623067,-2.2955737
-1.0390365,-5.7799044,-1.4067843
1.3680322,-3.6065254,-4.306752
3.2410045,-2.7592826,-1.9948237
2.3093271,-1.054061,-0.72879744
2.4948235,-1.2525584,0.4240487
-0.6881151,-5.493799,1.4280438
-0.4313916,-2.1009336,4.7142587
2.5916407,-2.9417677,3.260616
2.2568462,-2.7819257,4.8148513
0.69217527,-2.3469188,5.0816984
3.494535,1.269491,5.748914
3.025982,0.47117376,4.0312533
7.6145215,-0.625332,4.6269193
