yaw,pitch,roll
5.5783978,-6.419156,5.202005
7.4925423,-7.0294447,4.4477963
12.384076,-5.4068794,4.042569
8.144528,-7.1354103,2.539352
6.0171156,-9.202528,6.1126657
9.984366,-9.279329,0.6320442
7.8437204,-10.971697,1.4294772
3.6741705,-8.18099,-0.1113714
1.2523608,-12.029497,-8.228269
5.172086,-6.9059167,-5.3835573
11.543075,-4.3966126,3.767672
-5.417474,-7.185807,2.4973216
-7.368553,-8.201634,3.5707545
-5.4272823,-7.46285,-2.6319952
-15.671016,-9.059225,-7.1134267
3.8139443,-9.973394,-2.5022054
-6.0231447,-7.616968,1.8492368
-5.5573826,-9.833258,-1.8797206
0.6358608,-14.222803,-4.7204294
-18.071095,-4.367044,-2.514962
-1.507578,-7.906848,-2.2942681
0.43399912,-5.9288816,-3.5790393
-8.843838,-11.629263,1.9730701
-5.580811,-10.519396,3.9163952
0.19248486,-8.451252,-1.9224409
-16.74575,-5.896964,4.352887
-5.0568247,-9.133432,3.689953
-6.9566984,-8.35295,3.7914276
-10.692955,-10.6724825,6.7616196
2.4056401,-11.529659,3.3153095
1.3030913,-10.806791,4.287573
-9.361539,-13.493706,6.943875
5.701077,-12.016378,4.246364
-1.3337053,-7.8252616,4.5455093
-9.226307,-10.164102,5.398879
8.778558,-12.348511,6.101574
3.7182536,-12.488276,1.6314254
1.7985508,-11.317221,1.9517081
7.586999,-12.2165,5.04315
7.9330606,-10.436002,3.408958
-2.0782557,-12.836172,1.7903342
6.0025997,-10.309687,1.5340421
0.09677228,-11.701328,2.9141347
-2.095777,-13.1105385,4.773776
1.1069844,-15.069961,4.9648623
-2.7339787,-11.578512,2.503948
-0.90769553,-8.806089,2.7991602
1.4816667,-12.176765,4.045797
1.870872,-11.361847,2.7972782
-2.1671615,-11.223665,5.1588335
1.7524679,-11.831274,2.9133239
-1.560937,-14.376976,5.8257647
-4.553734,-12.548707,4.53833
1.1008543,-9.765797,2.5641456
0.21665528,-10.611698,2.812746
1.0434378,-12.628725,4.151129
1.1409711,-11.828648,4.2226124
4.350707,-11.334356,3.4726462
1.7606422,-12.237219,4.2237463
1.5875126,-12.316079,3.426064
2.8396153,-13.079927,3.5569987
11.616875,-10.29908,2.3708317
11.118645,-14.106978,4.880866
11.463858,-11.950003,4.015868
9.668755,-10.380735,2.8419127
7.9396944,-10.402044,3.0712762
6.0678034,-10.724001,4.623446
4.706278,-7.9681516,4.3194942
12.193655,-8.518773,2.6169837
7.1447916,-9.341693,4.027808
8.916937,-6.491954,2.0626214
6.81448,-10.030848,4.081244
8.2443905,-8.764329,3.8046827
8.915808,-8.91182,4.4128857
6.866727,-8.882443,3.0013824
7.687395,-9.775596,2.604369
5.946621,-8.586923,1.8942673
6.331868,-9.083081,4.6228867
7.7873116,-8.106476,6.656362
13.710239,-9.477789,6.5429087
9.16327,-7.856935,3.2185073
9.608359,-9.98493,3.0974092
3.2594838,-9.973586,1.9353263
-3.0296428,-12.076679,4.027795
-8.472219,-9.863697,3.5537543
-4.1440983,-11.181529,3.9250531
4.6689534,-11.085456,3.2653885
7.494811,-11.226548,4.603916
5.0867696,-9.740231,3.764813
0.72985744,-10.567196,3.272865
