yaw,pitch,roll
-7.8177824,-9.78414,2.69621
-4.9443254,-10.267937,-0.0017223358
-8.99243,-10.446586,-0.0054831505
-9.920301,-10.621993,-1.7242718
-4.012732,-11.300837,2.094362
-2.3328576,-9.021919,0.23748112
-3.7451327,-12.073225,-0.33677316
-4.987236,-17.59007,-2.6745958
-11.664089,-12.776621,0.10954344
-6.5785627,-13.102925,-0.023827076
-9.056656,-14.073073,-1.6950198
0.9765152,-5.697869,1.4908631
-10.270048,-9.730486,0.32164
-11.862833,-13.334469,1.582301
-8.323445,-8.913915,1.5902559
-10.062084,-10.68209,-3.2637687
-10.608942,-13.392911,-0.6819286
-3.3585477,-9.472491,1.6933129
-3.6514866,-7.5652666,-0.91685426
-4.72435,-13.67997,2.741706
-1.6929903,-12.055216,2.44334
-1.9620924,-12.650248,1.8568478
-8.341239,-9.957888,-0.46460557
-3.758232,-5.6878567,2.4222267
-8.996817,-11.678444,3.3649013
-3.3455129,-12.887705,0.7068798
-0.25419283,-11.825146,2.7007477
0.5105233,-11.696743,3.8550172
-5.4426603,-11.047783,1.2815905
-5.5157504,-7.460836,4.2532787
-2.1155784,-6.8320966,5.1915674
-6.530854,-11.797482,2.5708327
-3.4225628,-12.1068,3.2895184
-5.96394,-11.996985,-2.6845582
-7.1231403,-7.4374094,6.013517
-4.1913896,-5.522966,2.116827
-7.085982,-7.285257,3.0277035
-5.9309382,-11.781972,1.8284928
-2.5603497,-10.964714,2.8387332
-3.016395,-9.994965,-1.8684311
-5.2123694,-11.9931135,5.670518
-5.0749474,-6.6993656,5.8603973
-5.8073316,-6.5814285,4.4318037
-4.860282,-6.001622,1.9388275
-4.0202727,-7.026321,2.84349
-5.2802143,-8.1555195,1.2117975
-5.8302755,-6.61582,3.1100945
-5.674287,-6.192577,2.885471
-2.6837153,-9.373605,2.4921033
-3.5909982,-11.05912,3.4881182
-1.0522795,-9.07902,3.308907
-3.3418484,-7.5757546,4.1553345
-3.4292505,-7.4247375,3.109907
-2.5634506,-7.8787017,2.7375507
-3.455388,-7.6662707,2.6534717
-4.1130724,-7.0525894,5.48936
-3.7821822,-7.9809904,1.3336327
-3.7857666,-8.277106,2.6706514
-3.3696637,-7.1172924,2.5358186
-3.5008636,-6.897459,2.0169215
-4.4837446,-10.5534525,4.5096555
-4.1717696,-12.947238,5.569292
-5.5531526,-13.462364,6.4242797
-3.9930148,-8.898031,3.267448
-2.4841504,-7.7209454,2.6466832
-0.38419986,-7.326049,-0.09094268
-0.45561504,-6.557637,0.39858127
-1.3495929,-8.703348,-0.77414984
-2.6312957,-13.381717,6.1516194
-5.621214,-15.365078,6.2855606
-5.392557,-11.271164,3.8555694
-2.7124348,-8.51812,1.9720354
-1.5679262,-5.2135267,1.1523749
-9.049195,-15.627584,5.0748634
-6.9793906,-17.024658,7.087476
-6.702264,-15.8033495,4.3756576
-5.3670917,-10.446635,0.6628761
-3.4215713,-9.64953,-0.3296858
-0.8800796,-8.411509,1.0088325
-2.0417876,-6.95993,-0.043865442
-4.080881,-11.832527,4.8568153
-6.096495,-11.750965,4.2613955
-1.3479956,-7.775925,-2.534737
-0.5403855,-10.428164,1.1834111
-0.7932706,-11.15436,3.9788373
-7.4259167,-17.187342,6.3967333
-2.7717497,-10.4173975,4.922819
0.26932502,-9.760936,-0.043780684
-0.042019606,-7.5501556,-1.6849957
-0.6603234,-8.401047,1.8874135
