yaw,pitch,roll
6.6206083,-8.276754,-9.454707
2.4815226,-8.654537,-9.48346
2.4782248,-8.362005,-11.3934765
3.296392,-7.910312,-8.810498
5.553801,-8.528672,-7.480734
4.1368804,-6.1115766,-5.5235424
2.6555378,-5.975669,-5.7970204
1.6165309,-7.8836274,-6.243815
-14.301489,-10.368013,-1.6474854
-22.20399,-10.321756,-7.164158
-29.851553,-9.1379,-7.806962
-18.989294,-14.137463,-9.8513565
-4.1514716,-21.181358,-8.83211
-8.106293,-16.588284,-7.496265
-11.823082,-16.0386,-6.06101
-25.198742,-8.240664,-8.285106
-24.040644,-14.552128,-5.5378823
-12.540932,-19.314795,-7.358012
-5.910152,-15.147858,-5.0038958
-14.50197,-12.4304695,-7.786358
-23.885443,-10.135163,-9.900268
-18.340322,-10.696997,-7.777655
-14.115257,-18.749874,-7.411789
1.5155706,-16.29299,-4.4538155
-5.459359,-14.809807,-7.9921727
-10.083054,-14.202262,-8.730306
-13.07477,-13.841747,-6.696866
-9.668648,-14.781158,-9.360791
-5.7387505,-13.974908,-7.2085886
-0.058847427,-13.734982,-6.190943
-3.2377381,-11.394786,-10.25809
-9.988073,-12.235882,-7.3959675
-15.795472,-10.6004505,-7.8203206
-9.294079,-8.454652,-9.982025
-3.620976,-10.797306,-8.096195
-0.4683485,-10.283018,-8.7785225
