yaw,pitch,roll
5.103323,-15.290201,-6.7660537
4.192981,-13.276272,-6.0098844
7.6274357,-7.722433,-4.8597746
8.220409,-4.9627047,-3.3381286
11.829797,0.9745406,-2.8096144
11.572025,1.7580831,-1.0343052
12.904012,4.305053,-2.9073567
13.209545,0.96579695,-3.3297772
10.617815,-0.88049966,-5.197171
11.720823,-2.8670344,-8.716503
9.08379,-0.63762736,-11.761351
8.004837,-0.15677187,-15.865166
-3.5976958,1.2816237,-25.27929
2.5779347,8.206635,-16.465172
3.8568294,9.644976,-12.553458
13.912149,5.941934,-14.750394
19.07352,11.477193,-4.8125453
31.16719,14.019867,-13.511865
21.237926,8.9638605,-18.000135
7.916937,11.306726,-12.239425
0.8225565,11.419168,-11.879524
1.5125988,8.493664,-14.658198
30.122662,14.435195,-10.05939
35.182144,11.5226965,-8.364773
24.359165,11.052547,-9.118869
8.459806,9.687208,-7.970607
2.6695747,11.619905,-8.099831
18.182592,11.229153,-16.871346
42.397514,15.254131,-4.526779
29.480282,9.967163,-6.5615582
13.415634,8.7749405,-7.190849
-0.19997768,12.348806,-4.638047
5.061804,9.138228,-2.5059805
11.08194,11.411045,-9.185209
19.557537,4.986476,-4.0083466
21.422247,8.334332,-3.0173192
8.82114,5.5790515,-8.184538
9.911195,9.737295,-2.1295016
7.596592,8.8095665,-9.1088085
16.693504,7.8769393,-8.382266
28.826702,6.67325,-9.35875
28.986176,8.308109,-4.723317
15.825228,2.6346736,-2.761621
7.387492,-1.0047045,-5.7236576
13.297476,3.9631505,-2.2786193
14.291525,7.2808332,-5.383176
20.735237,9.142024,-1.4126911
16.863312,3.5983672,-5.5566206
15.821808,6.2086844,-8.291211
14.287083,10.48941,-7.872909
14.021605,5.5824347,-5.578297
16.172857,7.602233,-5.133262
16.982313,5.9742184,-8.303291
16.05693,7.672902,-8.221954
15.967971,6.834239,-8.377783
17.421135,8.49391,-6.7050037
15.848133,6.7426443,-8.947613
15.656561,6.460888,-6.496805
15.87542,6.0657883,-5.837714
13.76443,6.6629925,-8.312922
16.650263,8.707447,-8.4086
17.001434,8.779934,-8.175423
16.37845,6.975666,-9.203056
15.247248,3.1821163,-8.185235
15.519829,2.5562763,-7.2786713
13.516954,2.3620129,-5.5031257
16.553295,3.097741,-6.289191
15.615486,4.887065,-8.949565
15.527117,4.3401613,-10.738224
14.439237,3.800739,-11.613196
16.158005,3.6388607,-12.906298
18.79285,2.5092156,-11.761917
17.070118,5.0173063,-12.483747
15.3538475,2.5788481,-9.735454
17.148424,4.566107,-10.866006
16.226288,4.033162,-10.789291
16.531662,3.5665457,-9.231048
16.621294,4.6803265,-11.040443
16.253302,5.149123,-8.7991705
14.886538,1.0825598,-9.619705
15.842417,-0.30029678,-9.682555
17.445957,-1.8309547,-7.354109
15.230171,-4.028321,-7.365815
15.014095,-4.5483828,-7.037847
12.80019,-8.254248,-7.2250047
10.246825,-6.203116,-3.6290865
10.747525,-10.360502,-4.186405
8.953046,-9.440086,-2.954015
9.303593,-11.175436,-4.454412
6.0197663,-12.062235,-4.4615846
