yaw,pitch,roll
0.90851176,5.7680473,11.106195
1.6500496,3.86492,12.998843
-2.0997431,0.88268423,13.400986
-3.624104,1.6164725,14.365791
-1.1925247,2.5035229,14.272949
-3.5556374,0.7035289,11.428061
-3.414149,-0.23286402,7.9650335
-2.1936188,0.6774912,10.116047
7.0320163,0.80138874,11.344103
16.54398,-0.3973313,16.124937
19.932219,-0.90201044,14.740383
9.106185,-0.9539926,15.806413
-2.8738565,3.0924358,15.316153
-1.8204777,-5.7543683,13.436614
2.9136078,-1.359678,13.634857
-1.9285607,1.1289437,16.5008
17.120773,3.2275991,19.118519
21.529552,3.0624435,16.285185
16.80179,-0.2320683,19.732529
1.3144224,2.842236,19.511324
-0.7236569,0.036097288,15.838245
2.7386885,-3.762935,13.558913
-0.83758163,-3.421181,16.816986
8.01955,-2.647017,17.350988
10.104652,-1.3467807,18.884663
8.764824,-0.74530387,18.735342
4.9768004,0.39676237,18.852634
6.59417,-0.21490765,17.616488
4.919316,-1.3899112,17.695007
4.833876,-2.2329278,16.960232
7.871791,-1.3263781,16.100582
7.137972,-2.6038523,16.367043
6.0835543,-1.2020806,17.44421
6.5775003,-1.7717037,16.16119
4.810731,-1.3049128,17.220684
3.2655659,-1.0128796,16.869305
