yaw,pitch,roll
9.664716,-10.909059,-15.088648
8.451034,-10.898091,-14.499719
6.230277,-12.633432,-14.609384
8.067755,-9.900949,-14.829022
4.090985,-11.035419,-16.203781
6.608316,-13.972539,-14.252586
2.4881158,-15.699888,-14.689959
2.199829,-16.45287,-12.575562
2.0469086,-17.97812,-12.090818
7.8441844,-20.715652,-11.808668
14.1692295,-9.780429,-11.450429
8.09185,-17.665749,-13.780322
2.1110024,-19.425678,-10.116662
-1.2122971,-21.501858,-11.409982
6.2421074,-21.67679,-5.733845
10.335711,-16.516136,-13.83282
4.6444325,-17.68686,-8.469612
-1.5151503,-20.699055,-11.43479
7.7848167,-18.819426,-10.045755
15.419188,-14.238943,-6.0330863
3.4468167,-20.244825,-10.6786175
4.3651724,-15.425416,-12.674519
-1.8175486,-21.981922,-13.068022
13.132348,-19.378738,-6.228025
12.229858,-17.72686,-7.925555
4.7378607,-14.995549,-8.289058
6.147696,-15.284128,-10.630634
12.396532,-12.333159,-8.244398
12.156127,-8.68767,-8.560985
11.439802,-10.742373,-8.709104
9.919439,-9.39693,-8.83329
11.008727,-11.098169,-12.499841
12.045794,-10.013365,-11.150353
9.224608,-11.78269,-10.812691
11.870277,-11.67158,-10.807066
10.449309,-13.216943,-10.575839
