yaw,pitch,roll
-0.28808117,-12.907076,-0.885443
0.60161924,-13.284782,-1.9368024
0.85326433,-13.619394,0.08618832
0.6369772,-12.044314,-2.503213
-0.6440189,-12.289022,-1.510983
0.915123,-11.461711,-1.8888712
-0.38429976,-11.293688,-2.3224397
-1.0514965,-12.95424,-1.9728881
0.9122486,-14.610652,-0.54091614
0.035995007,-15.115629,-0.7888442
1.5524833,-12.978624,-0.93589234
-0.4039495,-12.988312,0.6554743
-0.88434887,-14.363454,-1.0671463
-0.084626675,-13.094996,-1.1904409
-14.464508,-16.707003,-5.404267
-17.463657,-14.643561,-9.261845
-17.118397,-13.930721,-5.510125
-7.852971,-22.119358,-5.7793818
-3.250316,-17.340916,-2.2246199
-17.69417,-15.845405,-2.5364175
-8.488385,-16.855114,-5.404113
-11.324038,-23.667797,-5.4118514
0.9886248,-9.354627,-3.1991544
-12.988279,-15.865593,0.01568985
-18.027613,-12.078461,-4.648372
-19.666914,-14.349289,-4.1363134
-8.405881,-16.588802,-1.7910589
-2.7044246,-15.977924,-1.1942124
-5.2154684,-12.706987,-1.1328228
-1.5107967,-13.040124,-2.5466118
-2.417612,-12.144752,-1.1946343
1.4789135,-12.942618,-0.39663658
0.0062139034,-10.181467,-1.3303674
-2.1016073,-11.139692,-1.6812254
-0.25505066,-10.360613,-0.056103528
-0.8213556,-11.97276,-3.2599502
-2.4769986,-13.108437,-1.9950584
-0.7773428,-10.492214,-1.6453232
-1.7488663,-11.043085,-2.4296627
1.1247795,-12.212315,-1.6782517
3.629878,-11.595465,0.35799327
2.8203483,-11.250249,-0.22971569
3.9541101,-9.8829,0.20948431
4.202855,-10.161834,0.47642177
-0.78443813,-12.68932,-2.0998335
-1.7879152,-11.893753,-1.1670083
0.8235488,-11.3929205,0.49097455
-2.9580457,-14.050449,-1.9527758
3.1115472,-11.078733,-1.3127342
1.8254075,-10.713626,-0.41849756
0.10229635,-10.41323,-0.14995603
1.121423,-11.269487,-1.3775506
1.3701261,-11.497194,0.46431282
1.7291607,-11.715851,0.14846295
-0.8492563,-10.104691,0.40403998
1.6165208,-11.26195,-0.18469727
0.70679307,-11.368857,0.8476782
-2.1527698,-11.405824,0.0963899
-2.8258996,-11.181987,0.28731585
0.9479203,-13.203635,-0.26732147
-1.2817392,-11.820965,0.49703708
-1.2848239,-12.502262,-0.61035854
-3.815706,-13.378501,0.36946905
-1.7981913,-14.5769005,2.5838976
0.29840755,-15.795782,0.575629
-2.7358742,-11.52125,0.94461524
-1.6034989,-12.216803,2.2424135
-2.595165,-10.665562,-1.1320451
-2.4762094,-10.099821,0.0796898
-5.3641562,-10.908827,-0.904786
-1.3689103,-10.564203,-0.4001342
-0.8128965,-13.631664,-0.10606128
-3.3401794,-10.337761,-0.22805506
-2.841219,-12.0693245,0.51142085
-2.3384414,-13.460537,-0.27146822
-3.055908,-12.641869,0.23524371
-3.1196997,-11.436935,2.0565534
-2.381118,-13.735538,-0.66507053
-2.3017087,-11.550827,0.5971459
1.1408002,-13.021569,-0.5607647
0.24778938,-11.5855,0.38593447
-1.8190799,-11.92576,1.3658938
-0.43643904,-12.859031,-0.4127813
-0.8283305,-12.285143,0.69538164
-2.0341353,-14.044876,1.474535
-1.4490776,-12.473445,0.0014272928
-1.6077726,-11.007888,0.49887928
-1.9994867,-13.177253,-1.3954155
-1.5824842,-12.856866,0.9964666
-2.56039,-11.216922,-0.38579708
