yaw,pitch,roll
1.9129992,-9.19442,-5.0009675
2.1543045,-10.799048,-5.9535456
3.5281386,-12.261267,-4.7131557
4.5362062,-9.511789,-4.6046925
4.447077,-8.845343,-9.35052
-1.0468297,-8.158543,-7.657958
-4.9767365,-10.734577,-7.5912156
-7.1521173,-16.580038,-4.7854977
-5.4919333,-12.500577,-7.4934864
-12.395625,-10.207166,-8.636468
0.59229803,-14.005281,-4.962013
-2.5562527,-13.698355,-3.8710022
7.2930403,-7.238185,3.250383
1.2808625,-7.106714,-2.221184
-7.0812473,-11.97192,-2.209657
-21.3578,-8.155753,-2.8138757
-33.800674,-9.814387,-4.2362347
-43.661903,-0.49947906,-2.9092793
-43.874664,-5.376512,-2.2990816
-35.07042,-12.730354,-4.8387485
-27.774897,-12.680096,-0.54420996
-7.3712316,-5.5286293,-4.2840347
3.6942074,0.6872883,-7.4180164
-1.1576644,-3.6664255,-3.4684858
-8.061892,-9.896242,-3.4389167
-17.677074,-7.6604557,-1.731867
-41.380333,-15.736643,4.206272
-45.72499,-2.8451762,1.8590764
-51.551807,-3.1774015,0.23419046
-36.617355,-7.1100097,-2.4508996
-32.791,-9.712639,2.4272804
-24.808989,-14.16807,-2.060798
-15.126642,-10.066207,-4.2023053
-23.3474,-7.011286,-3.3854508
-18.818832,-12.844393,-4.9983683
-25.986992,-11.319206,-2.776221
