yaw,pitch,roll
-7.8843017,-11.943321,-6.160008
-10.652702,-10.663249,-8.324169
-12.823856,-9.450717,-10.515923
-13.539087,-6.696105,-10.572223
-14.9822,-8.757128,-10.923062
-16.789227,-11.592922,-9.079287
-17.048676,-12.747528,-6.1049137
-18.956917,-10.426397,-4.425263
-19.097973,-9.923275,-2.0703151
-16.901255,-5.675803,2.6265135
-4.210859,-0.63026565,9.489655
2.6075075,-0.8748567,14.369198
17.861643,4.1542864,13.902128
13.823428,9.3071,16.04816
25.502485,1.1437922,10.326152
-12.504311,-0.20409775,22.3269
-14.264088,0.5771239,20.657158
6.676499,14.965819,18.491983
25.008196,-2.020639,20.592072
16.279255,1.9292177,13.845797
-0.25899696,-1.1667515,14.812929
-17.637691,-8.207097,17.810581
-16.504028,-8.147316,17.15358
1.8827724,-2.0822954,15.829172
15.467398,-2.3020785,12.185867
22.235737,-1.900095,8.89288
7.740239,-2.549624,8.430086
-12.471619,-7.3020926,14.899608
-15.066311,-8.30493,11.721385
-15.697836,-11.308769,6.224795
-13.129748,-8.375822,13.984416
1.4403143,-10.11713,7.20389
17.050821,-10.6040535,3.9899988
11.702288,-10.326392,7.2715774
0.88706803,-7.6774607,8.066947
-11.260932,-14.196023,10.534009
-18.252563,-11.961235,7.2140527
-17.752695,-12.37161,12.66853
-6.977861,-11.105289,6.434695
1.8147526,-7.469954,0.71376735
10.211958,-7.0420694,6.6374817
0.9657208,-9.687162,2.9576952
-9.083682,-11.1285515,7.0650735
-7.705802,-15.290486,10.213934
-10.179805,-14.486742,7.989027
-5.372491,-11.596161,7.580144
-4.3790207,-12.069023,5.943443
-1.3087592,-12.774529,7.493581
0.26894212,-8.635618,1.4778199
-0.103835344,-13.881746,0.12415576
-3.1102366,-9.9859085,10.343736
-0.9196737,-11.2183485,9.712694
-3.0178924,-10.084243,8.93383
-2.8941948,-9.941725,7.809911
-0.68915224,-10.692474,7.7545843
-0.112998724,-12.723837,7.2976274
-1.5753365,-12.249657,7.112285
-1.5685799,-11.846863,5.6911817
1.7626317,-14.148382,5.563141
0.8962207,-13.082173,7.855171
0.9107183,-12.603353,7.4497213
-1.883257,-11.748794,7.2915277
-0.35640144,-11.630161,8.185545
-2.4067538,-11.240562,8.336464
-2.9238844,-11.3951235,6.5175414
-0.76847434,-12.060931,8.110697
-2.327147,-11.470169,8.40263
-1.572441,-12.2817,10.698219
-3.023865,-12.745251,9.070097
-2.9013302,-11.928484,8.0401125
-0.10403013,-10.364157,6.7839994
-1.6745636,-11.379528,7.236228
-2.8297865,-10.34935,5.0058026
-4.348684,-10.920476,7.4826074
-3.2323296,-9.772459,7.465088
0.07700181,-13.525818,4.9993215
-1.0012281,-13.08013,7.057226
-0.6939764,-11.524542,6.9678984
-0.10627341,-11.560003,6.674327
0.74913883,-13.08584,6.3493195
-0.2045188,-13.780544,6.1286044
-0.5818429,-12.47484,7.7557225
-0.78164124,-12.149276,8.1675205
-1.2384609,-14.387081,8.936681
0.46840715,-13.745499,7.5851316
-2.7149305,-15.094683,8.057283
-1.9085765,-14.564854,8.093382
-0.6196028,-14.473677,6.6145363
0.78667974,-14.267036,6.5252304
0.9311876,-15.633968,7.010498
