yaw,pitch,roll
3.736966,4.983077,11.1189
1.0950611,5.751193,14.859394
4.0093684,7.894441,17.419802
6.2549715,10.098248,21.121181
3.198826,6.456313,17.608673
-0.049298882,6.069045,15.896204
-5.0421505,2.831159,18.789959
-4.6732774,-0.32643795,15.212328
-1.4484817,-0.050086737,14.3701935
-3.239018,2.7266808,16.879154
10.1706085,11.53385,23.046251
28.911167,1.9505265,24.277283
14.656718,6.119548,25.212982
-2.181629,6.825892,20.528624
-4.4199324,-0.120410204,15.733669
-1.4754788,-2.7768583,14.854836
-0.2901678,-1.7613732,22.073357
6.222392,3.90806,22.368309
24.409302,8.489111,23.776373
-3.2191439,8.978333,25.69043
-5.1120214,0.9478582,21.632849
0.5347458,-2.9264975,16.039684
0.8113332,-6.376462,10.990084
-1.2332098,1.3772092,19.30204
5.7599936,6.6401653,23.959133
12.281279,-0.17018175,19.620558
1.3074806,5.6104965,22.140415
-0.61485195,0.9997027,21.523273
1.5734433,-7.78228,17.802158
4.7603874,-9.839397,13.206488
4.4853106,-7.3218985,17.398418
2.0907443,-5.2065306,19.624752
8.175377,-8.184551,15.394164
9.507275,-9.239477,17.275574
2.6056623,-7.7008085,18.786
7.958387,-6.7817793,19.195904
