yaw,pitch,roll
0.9849007,-6.9319243,-0.11877534
-2.7964287,-9.250362,4.241529
3.2508314,-11.138209,-0.47709298
1.9045438,-11.642521,-2.982229
3.8558974,-12.310945,-2.6917582
0.3676356,-11.265942,-5.3246465
1.761101,-16.352085,-5.1523504
4.3981514,-12.9728985,-8.792066
4.1814528,-10.967953,-5.447861
3.2308493,-9.39373,-7.682869
2.6842299,-13.3582945,-6.0943155
5.541434,-13.718079,-5.0859346
8.723819,-16.632473,-3.9499717
8.791697,-16.649372,-6.2320046
7.6343317,-19.324692,-7.338681
-3.315357,-20.732227,-12.523692
-13.80382,-20.223013,-13.996372
-26.398361,-13.5377865,-12.962628
-31.74493,-3.1819625,-15.342838
-25.456354,-9.054586,-20.179398
-23.468315,-14.436103,-14.50068
-16.381899,-15.09502,-16.89077
-6.1295013,-23.763023,-15.88233
6.784239,-21.719715,-14.882829
-5.490689,-23.746227,-12.04195
-13.977432,-16.428604,-14.514952
-22.402061,-18.287987,-15.845327
-33.12926,-0.27216333,-17.038967
-22.481512,-12.474604,-18.660364
-17.695782,-15.457954,-16.93633
-10.567841,-19.599806,-13.0332155
5.6804667,-19.811836,-9.07734
-9.84837,-22.036652,-10.210304
-11.221886,-17.879679,-13.05892
-18.249752,-13.887359,-13.241498
-23.239727,-18.537766,-12.084827
-15.356255,-25.93036,-8.364426
-8.467534,-23.29889,-1.730206
-4.6268687,-19.484144,-1.9750547
-12.562135,-24.83575,-6.2257957
-12.794745,-21.012428,-10.128996
-14.223642,-14.159845,-10.690579
-14.256325,-22.186432,-8.210774
-11.822051,-23.597565,-2.2585096
-5.80281,-20.26637,-3.5732806
-8.38008,-20.008743,-2.3607717
-10.491332,-19.865982,-7.402423
-7.505835,-17.458935,-3.9457567
-6.992981,-18.574577,-5.7315826
-7.5316925,-19.81686,-3.5781913
-5.610435,-19.772797,-3.9861844
-9.973688,-20.482244,-2.7461598
-8.139822,-19.836609,-4.889626
-8.053175,-20.087732,-3.0994222
-2.6980963,-20.206936,-4.8891068
-15.179298,-22.028706,-2.6156898
-8.960564,-21.993023,-1.9531004
-6.429783,-22.077507,-5.158887
-6.3388863,-19.54512,-4.627133
-8.071606,-19.978722,-5.1845865
-10.400486,-20.554459,-3.2834444
-5.422253,-21.5159,-6.9780893
-3.754972,-18.527178,-5.900492
-10.00287,-19.060997,-6.7491837
-7.910908,-18.6348,-7.9948025
-3.978972,-18.33244,-4.620593
-3.3799343,-16.82259,-5.4381742
-4.3192787,-17.23675,-7.8066883
-3.4011202,-16.497107,-5.8290167
-1.7566314,-16.676327,-4.7860603
0.094830036,-16.75381,-6.6081724
-2.970829,-16.648617,-3.382032
-0.59607506,-16.666382,-5.3883963
-1.6941376,-16.351421,-5.7678466
-4.802748,-15.972731,-6.9258366
-3.57728,-15.475756,-6.4610305
-2.8010812,-13.158365,-8.962784
-4.6532397,-12.437155,-7.288027
-4.0051923,-13.152233,-6.7390957
-5.907119,-15.658707,-5.397047
-5.254162,-12.306346,-5.3250895
-5.0474935,-13.70571,-5.756425
-2.0671248,-15.32828,-6.6792283
-5.9944677,-16.212957,-5.314805
-3.3636842,-15.456678,-7.3067236
-3.4364681,-16.47579,-4.8986197
-5.603451,-16.310196,-7.4285145
-3.417183,-15.266735,-6.0618
-4.097515,-15.6217785,-5.8208323
-10.376369,-16.378544,-6.173557
