yaw,pitch,roll
9.785004,-0.53576183,6.2265587
7.0226364,-1.5275908,2.2163017
0.4732195,-2.8189347,-3.3144388
7.4968615,2.9083977,-0.991254
-4.774411,3.9459624,-3.6683717
-2.5535893,2.2917085,2.8591676
-4.7262607,2.595515,6.5159974
-6.30939,2.0878587,12.741
-9.734825,4.6979547,13.218233
-14.745222,3.7451363,12.547478
-11.667065,2.0830908,14.072704
-13.92792,1.2110374,11.969663
-10.147053,0.082957745,15.235136
-13.1102295,0.87561727,16.342016
-18.12652,0.772917,12.299767
-22.70583,2.373504,10.506353
-15.653025,-2.4581277,10.992498
-2.5834327,-4.3086042,10.68988
5.328867,-6.951229,10.010067
-12.41218,-9.18328,13.882334
-16.412893,-4.029424,12.565791
-21.350311,0.7861669,7.8782463
-19.866083,0.5701909,5.7269382
-15.338751,-3.7331867,9.121272
7.223446,-5.285536,8.338372
6.7879276,-4.211626,9.899284
-3.970727,-6.09877,7.545369
-16.416079,-4.523259,11.556941
-22.275692,-2.1964405,6.6376
-21.0019,-0.46792716,6.665253
-18.477282,-5.045083,8.396208
0.5970261,-1.6901376,7.477768
5.256584,-2.2022974,10.55075
4.762298,-5.8933816,7.609803
-9.817763,-6.8030815,8.054064
-20.3014,-4.9169703,11.7036915
