yaw,pitch,roll
-7.484313,-11.708412,-13.722368
-12.160362,-12.801834,-12.0470915
-10.759247,-13.195717,-12.092703
-10.042557,-12.664631,-14.322696
-17.032402,-12.802244,-12.712413
-17.205963,-16.980658,-10.605172
-22.937222,-13.762304,-7.5839972
-30.082802,-1.6842244,-14.622078
-36.792965,-14.695459,-14.936735
-21.190767,-18.787584,-9.145486
-9.314193,-3.1882343,-7.4095984
-12.100823,-16.028864,-8.066745
-19.271484,-16.402502,-7.592519
-30.324575,-4.8338456,-15.793032
-24.128704,-14.125587,-10.560642
-11.574552,-8.073341,-10.774822
-12.272694,-10.778338,-10.362408
-20.893526,-13.561535,-9.9698715
-36.228912,-5.9332104,-11.318735
-27.860882,-11.042191,-11.055424
-21.016735,-9.592749,-9.373466
-14.277691,-7.368288,-12.694231
-22.232094,-9.428288,-9.080357
-30.956299,-10.547641,-13.087608
-25.103617,-11.464502,-13.840798
-20.196539,-9.124068,-7.0820017
-14.8859005,-7.9888334,-10.912927
-18.164038,-7.04732,-11.824816
-21.685146,-9.527161,-11.896751
-22.924007,-3.9671476,-16.553423
-22.648506,-11.150867,-10.015902
-13.242971,-7.4463077,-10.760625
-13.623752,-9.153561,-12.699322
-15.49423,-6.794884,-14.338585
-18.768936,-8.778321,-11.9209385
-19.303732,-10.210684,-13.0762825
