yaw,pitch,roll
-30.877705,-8.123728,-13.367756
-30.323195,-8.165235,-13.271294
-28.087416,-8.716551,-13.026113
-28.192146,-9.142969,-15.30271
-28.744614,-6.9165316,-13.01635
-32.202415,-5.455572,-12.978918
-37.749935,-6.7721777,-7.4798794
-39.388165,-4.7214365,-9.28256
-38.226204,-5.1371136,-10.137979
-34.604084,-4.839596,-8.802291
-12.001743,-13.2141075,-15.502964
-6.8957825,-9.682801,-10.324671
-7.266579,-14.928665,-3.486219
-9.492059,-13.499641,-8.974187
-12.607465,-11.988409,-9.751437
-29.622524,-6.3536687,-13.291279
-25.381958,-9.66576,-14.201592
-16.64524,-16.414856,-10.176003
-9.127409,-11.227949,-8.275542
-9.946188,-16.909683,-1.8245103
-11.682234,-19.694939,-2.3683672
-10.950978,-17.673397,-9.403361
-24.002491,-12.123546,-9.238882
-31.847385,-11.7028,-10.497494
-19.259848,-15.433941,-9.0525675
-10.205187,-12.286716,-11.020593
-6.367285,-13.624437,-2.4052205
-7.5232697,-14.962985,-3.4917905
-10.983051,-14.727043,-5.970819
-14.759428,-17.254404,-11.413339
-24.694042,-11.215332,-11.155474
-31.559616,-9.790992,-10.022927
-17.1841,-14.6469555,-10.435224
-11.901959,-14.437753,-8.893352
-3.7429118,-9.5328455,-9.742188
-7.4489613,-12.121299,-6.3851566
