yaw,pitch,roll
-36.974083,-3.0214262,7.7738657
-34.715096,-6.45799,12.609451
-30.222162,-6.2789097,8.394249
-29.03014,-6.6786265,12.168135
-29.842522,-2.4011474,11.227437
-34.394463,-7.67231,13.270105
-28.277264,-5.4717574,7.837891
-22.730518,-9.924421,10.26209
-21.312164,-7.629427,14.729421
-27.66273,-10.328935,12.294917
-36.797207,-9.633991,12.715144
-27.726086,-13.444367,11.135615
-22.883823,-12.854195,11.977978
-18.633781,-4.332255,9.267184
-22.549963,-15.522756,14.894033
-32.59544,-14.531083,13.161451
-36.293476,-13.175528,12.47097
-43.144356,-11.66349,8.996859
-31.771296,-14.203632,8.767294
-24.637434,-13.824768,7.774936
-23.269773,-8.883203,7.9040656
-25.228151,-13.158306,8.1551895
-21.225325,-17.242743,7.944293
-37.199963,-11.359534,2.373882
-44.15737,-9.446324,5.6080675
-39.694,-13.65489,5.133401
-27.91512,-10.942804,5.572923
-26.670513,-8.032329,6.213195
-24.826279,-10.143978,5.0530696
-24.947636,-13.731615,7.1311755
-40.56327,-13.088554,7.12449
-44.131317,-10.368913,3.0798728
-36.173576,-12.161021,5.646426
-27.498384,-13.969638,4.825776
-29.673218,-10.779743,3.918934
-27.322758,-11.24008,5.986094
