yaw,pitch,roll
-6.321322,-10.636121,-0.5242175
-8.93222,-11.1066885,-0.4893155
-10.044427,-12.01513,2.669538
-6.63031,-10.942108,0.9335288
-7.9156423,-11.627073,0.7321688
-4.7780714,-11.867202,1.2373166
-6.924848,-13.172043,2.0136738
-8.014306,-14.736208,2.5643842
-3.4541447,-15.386133,2.5053623
-3.6588595,-13.09193,1.7545352
-5.7458005,-16.654678,4.166671
-3.321295,-15.686201,5.6512704
-1.1942291,-16.041988,3.6645868
-0.7809148,-17.73236,4.1389327
-4.3396473,-16.171497,3.6516988
-0.22520256,-15.7079525,2.0719018
-3.2417364,-11.698564,2.3418577
-0.13275194,-11.902305,1.2111597
-5.2614,-10.307819,-1.0170628
-4.777421,-9.457791,0.107551455
-10.293151,-13.619808,-5.8159037
-23.623905,-3.4930308,-9.499924
-23.771938,-1.0152622,-11.463723
-14.246969,-3.9801512,-8.892187
-19.904463,-4.3226395,-12.953257
-8.930458,-21.226002,-10.3508415
0.6404485,-20.23618,-5.5203886
7.940254,-12.947755,-4.9777374
-3.2293313,-12.1125965,-3.8094785
-10.337572,-20.072708,3.064137
-24.39921,-17.188442,1.9634683
-32.804684,-9.859092,-3.4381812
-24.664373,-11.175362,-6.8866363
-13.471925,-12.21421,-2.9447162
-3.562375,-12.11969,-0.21175122
-0.40143847,-8.211277,-1.150754
4.5339146,-13.839973,1.7151141
0.049494028,-11.100636,0.72428465
-2.4100113,-8.656228,-0.061347663
-2.705592,-11.809338,1.5111122
-5.949172,-10.139752,0.5049341
-1.2890887,-10.336298,-0.18267775
0.013678789,-10.590473,-0.3159969
1.6467245,-11.956734,-0.089476585
6.297516,-14.833031,2.0136423
4.582386,-12.355998,0.36001724
6.815774,-15.31631,0.9921342
3.1199753,-13.894801,0.6157427
5.313016,-16.246964,0.4576637
3.483578,-17.989534,2.6269765
5.0057745,-16.867949,1.4811274
2.8806481,-19.53727,3.1322434
8.898365,-19.54154,2.372043
7.4555883,-15.191126,1.9688948
2.92079,-15.515007,0.84699947
5.6108985,-14.94887,2.7540345
6.3951206,-14.914151,0.9269273
7.002625,-16.924473,1.4821135
2.9127169,-14.290173,-0.660087
6.6230726,-15.291348,-0.7390146
4.6701174,-14.329603,-1.3357446
5.27588,-15.676153,0.7522883
5.3514233,-14.457258,-0.94279015
5.831488,-15.040064,-1.3309819
7.9072313,-15.486711,-0.99967206
5.593537,-14.633613,0.9721105
5.306432,-16.536377,0.8616312
8.509951,-16.650415,1.2471836
7.316328,-16.571085,1.8188039
7.460125,-14.920642,0.03610325
9.613159,-14.429825,-1.7843772
3.504517,-13.934226,-1.0864714
4.203661,-14.449803,0.09468275
6.0542016,-13.629885,1.3051525
3.9083335,-16.886703,5.372242
6.510689,-14.664188,0.3857817
2.964122,-12.460633,-1.6638249
4.473436,-13.890806,-0.3093154
2.9562864,-16.043428,0.8191587
3.478219,-16.681393,1.1386735
-1.0108597,-14.285965,-1.4614923
2.305325,-13.557476,1.2290615
-3.5214186,-14.15377,1.3651475
-4.3157153,-16.454432,0.73799884
-9.491141,-14.853043,1.5555117
-10.748234,-13.230652,3.1244113
-13.520849,-14.251905,6.1343927
-8.006483,-13.328218,3.292039
-12.519395,-14.017889,4.911808
-10.359925,-13.651619,7.084435
