yaw,pitch,roll
-1.8924246,-5.113415,-9.86461
-1.2586975,-4.112268,-10.712285
-2.875627,-4.447008,-10.12466
-3.744791,-3.5603452,-10.734763
-0.06140232,-4.8156195,-12.463875
-0.090652466,-5.236499,-12.030333
0.041059017,-4.9690614,-11.97263
0.07545614,-3.833903,-12.69647
-1.2222104,-5.6354737,-10.37645
-3.8686283,-8.335751,-9.218501
-3.1662245,-9.331997,-7.088049
3.0213153,-5.794449,-9.938398
-0.53610563,-6.038367,-7.936366
-24.25221,-11.585417,-14.6373415
-52.86004,4.2123456,-22.70618
-54.28096,-2.9485106,-17.480108
-38.120724,-6.9435062,-16.029114
-8.695799,-11.157736,-13.515973
-26.048038,-10.147809,-15.5065975
-38.408474,-1.630393,-21.763805
-36.662643,-0.84466887,-20.953789
-18.32172,-2.836485,-14.359669
-46.55346,1.1471627,-11.745392
-40.37433,-3.576375,-14.444565
-0.43067122,-6.9068594,-9.132252
0.61061716,-8.106312,-12.76203
-12.111283,-11.386358,-14.298829
-45.225178,-8.833854,-11.1423855
-4.5302334,-16.092106,-5.4063544
-29.271656,-15.818973,-13.6359415
-24.735245,-9.400986,-15.514644
-18.217354,-9.898494,-14.284236
-4.267565,-8.425563,-12.519271
-9.933345,-7.4789743,-16.60714
1.3271003,-9.270403,-8.954651
-14.987312,-7.2776732,-13.714378
-16.452723,-10.202626,-16.180721
-11.525039,-10.290729,-12.842574
-9.579268,-9.431755,-14.124247
-5.767514,-6.017289,-14.603387
-7.080514,-6.149338,-16.056503
-6.000701,-4.576618,-14.627655
-8.683819,-2.8342505,-13.858871
-4.091524,-5.829743,-14.123369
-9.780983,-4.846032,-13.294834
-3.803022,-3.7474813,-14.473223
-4.222971,-4.7532225,-12.959758
-1.8833499,-3.002516,-13.885597
-2.7620006,-6.1476755,-14.696452
-5.7389317,-5.1026196,-13.267455
-2.7241602,-5.2820287,-14.424532
2.180324,-5.6251235,-12.874585
-2.2672815,-5.347524,-11.039974
-3.2017756,-5.8033466,-7.6497445
-3.8671288,-8.119505,-8.397265
-8.1157,-6.6872606,-11.444595
-4.051613,-4.2973704,-10.513218
-3.6198034,-5.005493,-9.003835
-6.3900647,-7.124256,-14.133575
-9.593483,-5.374836,-15.655119
-10.485719,-7.4268513,-11.203899
-5.881953,-8.988123,-14.135595
-4.1653414,-7.668055,-13.33095
-5.1795807,-4.184613,-13.771185
-2.6232774,-3.2648964,-12.895239
-3.2024112,-2.9951534,-15.143206
-3.2176719,-4.0987763,-12.823819
-7.3327193,-4.131379,-7.7875223
-5.2057652,-3.3830113,-8.073211
-8.093427,-4.5844817,-10.928173
-2.1532207,-3.2736344,-8.779099
-5.966672,-3.3696885,-11.123863
-3.2141657,-0.8873209,-9.766905
-1.67715,-2.4537327,-9.071303
-4.4298263,0.01251173,-8.291578
-5.224905,0.47624636,-8.233828
-5.826667,0.7050655,-9.419921
-8.805245,-1.25892,-9.823069
-3.9015346,-2.3932166,-6.3005056
-5.5933547,-5.1275578,-7.845108
-5.1770964,-4.4240813,-8.965868
-6.1551285,-3.3608942,-9.152363
-5.337904,-2.8144667,-8.207417
-4.635624,-3.733673,-9.111406
-6.7524204,-3.939574,-8.048849
-3.4280238,-2.512721,-7.4085884
-3.7639117,-3.2711523,-8.526992
-5.2077284,-3.5315797,-8.915775
-4.2681684,-3.2557483,-8.097132
-0.033311844,-2.1798723,-6.964419
