yaw,pitch,roll
8.79984,-9.676836,-5.902998
8.261012,-8.564623,-6.544264
7.380872,-8.188435,-7.6281023
8.80736,-7.3090215,-7.055904
7.221883,-6.3829226,-8.347546
8.37368,-7.0376735,-6.1078625
6.97019,-7.724203,-7.7811127
7.7594223,-9.915697,-7.044785
8.350241,-9.986824,-5.154714
9.425831,-6.5890455,-4.4522204
8.183727,-4.0099807,-4.030978
7.3102555,-2.7882636,-8.752986
6.1047926,-3.0712843,-9.64442
6.7987137,-1.9743568,-8.339235
6.186917,-2.9229498,-8.156568
6.123456,-1.4346795,-7.345466
5.970352,-0.6214802,-6.3649206
8.262773,-1.6886663,-5.1245694
3.458107,-1.1213058,-6.5233765
0.90516925,2.7741418,-11.445952
4.213435,3.8837514,-7.1366105
-2.2703567,1.1974366,-10.255409
-19.720106,-2.652001,-16.037449
-30.660822,1.266674,-14.750816
-29.12502,9.902943,-14.473808
-20.927277,8.582639,-6.4543858
-11.588285,9.353437,-9.553394
2.5224574,6.8702655,-1.4745556
-4.686821,4.4494376,-11.498807
-20.16626,6.231029,-5.995373
-27.236725,6.8353667,-5.9308586
-29.001312,9.840146,-10.829634
-19.674738,11.229079,-8.759499
-11.055079,7.2543974,-12.810717
5.7225313,8.87382,1.7515223
-7.076354,11.272421,-4.3444643
-21.673912,4.3046546,4.904814
-27.891094,13.752478,-9.266735
-14.91772,11.775549,-5.720851
-10.401416,8.588377,-3.518251
-1.7164936,8.705444,-0.053042922
-2.811482,6.1091666,-0.57497764
-10.148203,4.3946104,0.13489985
-3.2801213,7.190419,-7.852644
-9.150814,3.7764566,-3.8506305
-5.2416315,2.7022052,-2.9875097
1.5787024,6.081128,1.0588919
6.946152,7.1024437,5.2820835
-4.0815983,5.4088297,5.146207
-2.2905302,5.4074144,1.9330946
1.2604036,7.303623,-0.2694558
0.2696085,7.515073,2.895245
-4.607712,-0.12285185,2.13593
1.1905379,2.8012047,5.5643635
-3.6341176,0.1027267,5.8967056
-2.1390197,-3.55996,6.6231933
-4.013377,-1.8412178,3.8162897
-5.3237877,-1.5786679,3.6683273
-4.1765337,-1.5194572,3.6260908
-2.2451212,-0.9437729,1.7786915
-1.777596,-0.90951324,2.0594304
0.4594307,-1.4344093,1.9404929
-0.6420131,-3.1051757,3.4022324
0.7648835,-1.9912808,4.456687
2.0012186,-2.4585853,4.4026904
0.8799696,-2.1634874,2.689056
0.72625494,-1.1553634,2.9972358
0.25433493,-1.9994853,-0.020214796
-2.7086983,-2.5759478,2.537228
-2.6567867,-2.8477697,2.458333
-1.4699378,-2.3632512,0.36001074
-1.077136,-1.9644918,1.1609669
-1.7148652,-2.0284002,3.3276632
0.3133669,-3.6822875,4.4498577
-0.37566137,-4.859617,4.8800554
1.2712579,-4.415016,5.694873
0.6455431,-3.0188844,4.6723146
-0.05599928,-4.0467005,4.1117716
-1.1597514,-4.286157,6.5566196
-1.9547441,-3.8267312,5.3598146
0.21094179,-3.7501142,6.0822115
-0.42384338,-3.8784347,5.2315016
-0.22292614,-3.856366,5.062918
-3.4362817,-5.341413,5.2802677
0.352818,-4.224612,5.703648
-0.22024488,-4.137475,5.8772697
3.0983858,-4.7500143,6.8651657
2.2026625,-4.4601946,5.745055
-1.1781797,-5.205734,6.141362
-0.7503605,-4.8778644,4.823516
