yaw,pitch,roll
5.997012,-13.526094,-5.7422757
7.4301176,-13.048175,-4.710356
7.3519673,-12.704094,-6.800698
7.4406695,-13.430229,-6.094555
7.780616,-12.053882,-6.673536
7.4043283,-12.919664,-6.501937
7.495413,-12.819468,-7.2927074
7.1800575,-13.000616,-4.976242
7.8828063,-15.385445,-6.325435
8.546702,-17.778812,-4.728673
8.057001,-19.029148,-5.6451273
8.402922,-17.850267,-6.69643
7.393088,-18.285053,-7.3734703
7.3236055,-17.50817,-8.855513
7.1455865,-17.00507,-6.978481
7.6058364,-15.42465,-5.9072065
6.738193,-15.952143,-4.4145007
6.8936377,-12.293703,-5.247152
6.019162,-13.43573,-7.7654324
7.069071,-13.250608,-6.7596364
7.997042,-10.790667,-8.100855
0.028237343,-16.065393,-13.385857
-18.828873,-9.589222,-16.427475
-25.35957,-1.4042177,-19.280083
-27.81413,-3.7548878,-19.392971
-20.077961,-7.377656,-18.29293
-15.478677,-17.231068,-16.816444
-2.0085254,-22.819092,-12.657156
5.482006,-15.406187,-6.876149
6.073182,-14.861867,-8.596129
-4.047898,-17.136108,-13.812702
-21.746078,-6.809388,-14.830171
-21.49419,-2.9537673,-15.662174
-6.433775,-18.206495,-12.477819
1.2752542,-19.04613,-5.5547543
2.470414,-19.224432,-9.144452
1.5598242,-15.071049,-9.879829
-22.69879,-9.09911,-13.333124
-25.313831,-2.7089071,-11.4246235
-22.730827,-9.876616,-12.386645
-15.915848,-13.915817,-13.599688
3.2823548,-12.613852,-12.143768
6.756234,-9.289501,-8.955145
4.93933,-13.99258,-7.849023
-3.853383,-8.927436,-13.898403
-4.1967916,-10.81349,-8.858622
-4.326484,-10.017872,-8.545742
3.22829,-8.886728,-13.023327
2.0211434,-8.115586,-14.769803
1.3578889,-9.564785,-14.797028
3.7016478,-8.188573,-14.013102
0.21716857,-8.896276,-14.4179535
3.1739924,-8.405239,-12.823465
4.202821,-7.7743683,-14.122363
6.1423492,-6.965376,-15.291633
5.321628,-4.8645906,-13.326841
3.1965656,-7.331109,-11.704899
5.341047,-6.8212957,-12.8828125
4.1475515,-7.3500395,-12.256203
7.164737,-7.19256,-12.118607
3.716084,-8.335322,-12.523014
5.6833715,-7.9303246,-12.9148445
3.6993806,-7.9405327,-11.532074
4.989891,-7.693248,-12.7043705
5.728654,-6.035806,-13.342023
3.4638984,-7.4494314,-13.683315
5.176099,-6.9043517,-12.618463
5.08117,-6.851132,-11.202379
1.4015725,-12.9197445,-13.061096
1.8288991,-12.796163,-13.979725
2.7018988,-12.427545,-11.653584
5.5540414,-10.205739,-12.873371
5.0987916,-9.394944,-13.324968
2.4495432,-9.837233,-13.842686
4.3208466,-7.061265,-11.959837
4.021431,-7.108674,-11.781488
3.4566152,-6.130466,-12.033535
1.868808,-7.70722,-14.936201
3.7726197,-7.332858,-14.199605
3.0254984,-7.612035,-13.368908
1.6419437,-8.557356,-12.5931225
3.8658507,-7.7780266,-14.032837
2.676116,-8.1197815,-13.574593
5.5568714,-6.263526,-11.621865
4.281991,-7.814183,-13.323813
3.2284212,-10.184711,-12.413862
-1.1955172,-12.63817,-14.0349045
-3.3172066,-12.244129,-12.496076
0.24312401,-11.276487,-12.729555
1.5885501,-10.208252,-13.091492
