yaw,pitch,roll
-13.82122,-0.08451295,32.104034
-21.945488,0.35414267,35.64344
-16.196112,2.1955938,33.705715
-14.075605,0.7340741,36.07267
-16.471127,2.8817039,34.226673
-19.689148,3.978028,34.40425
-22.060764,4.6072307,35.45962
-23.675869,1.1133051,35.649803
-23.455942,-0.63767314,30.4875
-17.275938,4.60919,32.55191
-16.070992,3.2965302,31.763887
-18.675056,2.414481,30.87682
-21.162424,-2.4094474,28.10194
-30.431068,-4.4412518,29.400787
-19.635878,-9.612191,22.35041
-13.830509,-7.2210264,24.09007
-13.5374365,-9.476424,26.845114
-14.556933,-5.639156,27.837507
-23.75985,-5.401941,24.186293
-29.856428,-9.578191,28.3082
-30.996758,-16.147734,21.583883
-23.888195,-16.345102,24.159286
-12.6294,-22.286167,21.680717
-10.891805,-20.778942,25.405643
-12.876578,-16.606218,19.078896
-29.073309,-14.311071,22.602854
-31.755463,-14.495848,25.052315
-25.100023,-16.108578,25.406025
-16.32653,-16.302275,23.257902
-14.901247,-21.32797,22.409264
-17.443062,-13.675501,22.277786
-28.217724,-16.668285,22.516617
-31.389378,-14.989026,25.237267
-29.133144,-16.362692,21.130913
-22.092896,-13.382598,23.580812
-16.083967,-21.156818,21.84359
