yaw,pitch,roll
10.3129425,-1.3172678,2.9460583
8.350802,-1.0134537,2.8239784
5.7586775,-2.5652127,3.5300226
10.877107,-2.401001,2.5897188
7.574005,-3.5716934,2.04127
10.01428,-4.4640594,2.2577093
6.1732826,-3.6489377,3.5670967
10.984023,-4.656103,5.792163
11.264462,-1.5945091,9.65213
14.009996,1.2245101,9.174625
7.022046,-1.8052349,4.2503986
4.170019,-1.9911852,4.8373585
3.479637,-0.6233411,3.869641
8.8294525,-2.1249213,7.0973644
5.396508,-2.8119853,5.0937057
3.837162,-7.7733984,-1.5622935
-10.853363,-11.556978,-1.2513292
-9.655519,-14.151503,0.4330914
1.7522305,-8.687567,-2.7936683
5.2817073,-6.7770014,1.8673973
-11.264646,-14.291653,1.6067148
-15.795031,-7.903102,0.39921194
-6.8132505,-10.8314,-1.4327035
6.079418,-8.350889,3.2825415
-8.401901,-12.685909,-1.6362958
-9.586052,-8.366358,-0.15567496
-4.0131216,-7.964138,-4.426753
4.220012,-0.4533409,-0.10610235
2.0428965,-3.0927963,1.0888288
-1.0753839,-4.945182,-0.7176013
-4.5812483,-2.620317,1.9013946
-1.4557838,-4.1957436,3.5921865
-0.534271,-4.7569036,3.30518
3.4820218,-3.6227336,4.3008165
4.962414,-5.2343884,3.427084
3.2624054,-3.7468765,2.1625967
