yaw,pitch,roll
-0.07543826,-6.3152924,8.584597
2.3660905,-5.88844,6.6018467
-1.4131908,-3.683589,4.0415125
0.80321026,-4.7730165,3.4372952
-5.1370854,-4.9475718,6.2644067
-13.232014,-4.577743,6.1641808
-9.731149,-8.349098,9.227589
-19.572168,-8.694525,8.541286
-25.885126,-8.329659,4.9937525
-31.611303,-10.022091,4.0762005
-32.883896,-5.7336006,5.753523
-36.200726,-11.269087,5.480729
-28.539768,-15.444605,1.1013665
-19.98737,-8.001545,2.8011823
-11.30752,-5.993927,7.054825
-20.924274,-9.671749,4.948723
-31.923018,-12.058113,5.4687033
-39.823547,-12.208797,10.63432
-40.235126,-9.840681,9.535879
-36.21548,-13.250886,8.320181
-36.878334,-16.253716,5.8176217
-16.53487,-14.562891,3.8407075
-15.835587,-5.290005,5.337903
-15.966031,-9.422934,5.7859674
-18.615208,-14.891498,1.1730919
-30.323914,-11.569584,9.78905
-36.544525,-5.8672905,11.096151
-35.718056,-7.678361,11.154106
-32.400337,-14.559671,7.7476387
-19.7504,-17.008589,-0.77636194
-17.622595,-10.969332,3.5472746
-12.001986,-5.9999743,5.288028
-13.600811,-8.393145,6.178042
-21.986092,-15.190869,3.0683892
-34.285454,-14.250935,10.665796
-39.227886,-14.704065,14.457685
