yaw,pitch,roll
0.77951956,-9.221331,-2.959459
0.9572325,-10.949283,-1.5776852
-1.2833455,-10.884323,-1.4586625
2.1302862,-10.282042,-1.8629539
0.34076834,-11.169952,-1.2547133
-1.1234546,-11.378788,-0.9397428
-1.7465348,-8.272629,-5.948474
1.5321383,-4.063939,-4.247529
0.7485838,-5.761194,-7.4256253
1.8159213,-5.260431,-7.8132033
0.7191293,-5.609985,-8.949873
3.5052428,-4.788781,-7.1021094
-1.1557822,-5.846341,-7.773146
-22.404243,-7.9440417,-13.661591
-34.538452,0.015753627,-11.361177
-0.83857536,-7.5009584,-7.2852488
-6.4919486,-5.9041257,-1.7067235
-9.923517,0.15879393,-1.100955
-17.62363,2.7594414,-1.1405656
-26.470116,-0.5070789,-9.7606125
-20.733112,-5.386281,-6.7025995
1.3372962,-3.9828568,1.056477
-16.282585,0.8318355,1.5015395
-24.93758,-0.3529849,0.8851913
-30.838247,-2.0394716,-10.177067
-26.529623,-1.5711997,-11.009586
-14.530297,-4.31634,-9.685554
-4.639309,-0.56705314,-1.7089372
-18.482407,-4.2817874,-1.5578505
-25.702995,-6.7236767,-7.5521374
-21.272549,-9.963219,-9.357225
-5.8765016,-5.2308426,-0.9598433
-10.512495,-8.784054,-1.7096097
-20.188435,-9.349648,-4.116073
-22.861237,-8.173396,-5.6199446
-21.59592,-7.0302105,-7.2132564
-10.881588,-8.593714,-4.737124
0.27246523,-3.164469,-5.1125336
-3.8750675,-3.6352973,-5.006076
-10.128603,-6.305047,-5.4280047
-10.58026,-7.269142,-8.252682
-6.0599675,-6.3361835,-7.9687543
-5.2910633,-6.617428,-6.3843794
0.46053314,-5.7556534,-9.058421
-4.2858305,-4.7837796,-7.770295
-6.111871,-6.308811,-9.9212475
-2.2069638,-5.567439,-9.460735
-1.7251563,-5.672331,-9.600192
-6.5195603,-4.078746,-9.558261
-1.5606194,-5.864716,-9.003799
-0.4845643,-2.727346,-8.683436
-2.8690908,-2.8814626,-9.299957
1.2767992,-4.073388,-9.727915
-0.13159227,-3.093102,-8.478293
-0.39270544,-4.8352966,-9.310818
-0.568851,-4.813484,-9.838867
-0.57090807,-3.6816745,-7.8366356
-1.3207703,-5.027923,-9.287605
-3.0202918,-5.0478554,-9.739917
-3.0890713,-5.352421,-8.993296
-2.3671684,-3.7667217,-9.525947
-3.3937392,-4.324185,-9.842346
-2.7267432,-4.1301656,-9.437082
0.9299798,-4.5442104,-10.636013
0.66709137,-4.7523828,-9.527751
0.5294113,-5.529726,-10.415543
-0.038845062,-4.138503,-9.961288
-0.7559166,-3.9666343,-9.532693
-1.3395205,-5.122879,-9.671349
-0.76266146,-3.6271136,-9.27207
-2.0284438,-3.5667505,-10.698188
-0.65834856,-2.7332544,-9.931665
-0.10105419,-4.047559,-9.929052
-2.8287365,-4.3077464,-10.536972
-1.0356817,-4.242766,-7.1482034
-2.070418,-3.7451859,-6.9913406
-8.242161,-4.1241093,-5.5612006
-2.7269428,-3.885728,-5.850753
-6.8383636,-4.4409733,-4.843018
-9.405578,-7.0908594,-3.5809917
-13.984224,-9.623796,-4.607972
-11.216004,-10.169632,-3.3871832
-12.284018,-11.561085,-1.3384836
-12.361479,-13.0037365,-1.6848899
-8.301803,-8.292746,1.1990014
-7.6757174,-10.368649,-1.4526263
-8.164215,-8.124563,-1.9409329
-2.6408577,-6.207527,0.5508871
-4.9500966,-4.476847,-1.5666409
-12.490532,-4.9101777,0.36519253
