yaw,pitch,roll
3.7513752,-2.4799638,6.5958157
2.709468,-3.6020885,5.0641656
1.764008,-4.227672,6.7729917
1.4053128,-3.5543962,5.3058248
1.6609282,-2.3025765,5.797345
3.2603877,-2.4393713,4.581623
2.2301762,-2.3847702,6.1043434
5.277247,-0.5161728,6.2933435
1.6775889,0.7463943,7.52952
4.977467,1.3444291,8.018362
6.3816586,3.980488,8.570315
6.191959,1.7114366,8.841805
7.032818,5.5039434,10.196907
11.4028225,11.337149,11.832655
21.683262,4.5486774,14.6563225
23.443478,1.3462753,12.247452
19.640383,6.0313883,10.564712
5.942616,6.2317615,9.967016
-1.1727359,-0.6712934,11.734707
-7.17615,-1.4468707,6.700685
-7.9145174,-1.709661,8.346282
6.371898,5.3818817,12.445118
16.126575,4.8519645,11.592283
6.396343,4.679371,11.505541
0.533443,3.222591,11.61352
-0.659765,0.648424,7.6417894
-1.2653613,-1.8295112,6.2787795
-0.89706755,1.3649725,8.82888
7.612202,1.0660026,11.937199
17.379513,-1.8366201,11.221519
17.503033,1.0929633,10.704171
0.83087015,-0.82992744,10.518882
-0.5767665,-2.3578856,4.881221
-2.3494174,-4.0727983,7.1477957
4.748684,1.9136939,10.956159
11.049593,-0.4798857,7.163286
14.2985935,2.4473064,9.133581
10.876093,1.5344201,10.59351
3.7066574,1.603158,10.398402
2.4131207,-2.3431723,8.064045
3.0350115,0.06024909,8.321934
2.8955522,1.0261583,8.953148
4.8088074,1.5301416,9.086451
13.188107,0.45552075,8.228737
8.938684,2.1615934,9.85693
3.3012137,-0.020113349,8.012079
2.61304,0.4660288,7.988858
4.090486,-1.6628544,6.5133295
-0.19959545,-2.92138,7.089465
3.6759646,1.3711901,8.382703
8.299761,2.3177724,8.507381
6.790656,2.0364227,7.883361
4.1287107,-0.008208275,6.3971086
5.447873,3.3257272,6.9661646
9.0336685,3.1847107,6.791128
7.4621367,3.8561625,7.554631
10.017072,3.7390947,7.669278
7.392418,2.73056,7.0171556
5.0603695,2.4367132,6.8635397
6.05165,2.892806,8.20261
3.6761239,0.24404883,5.2999134
5.753589,1.3303173,5.246497
4.0851593,0.60174274,7.172826
2.7850933,-0.13105321,6.5861735
6.1450977,-0.4836135,7.1596293
4.0711417,-0.16170573,7.562357
5.43853,0.07186723,7.8256183
5.2661543,-0.14653444,6.8277187
5.093339,-1.526548,6.708459
5.632736,2.0788965,7.781417
4.489491,1.3692067,7.125736
6.124191,0.18529487,6.710223
3.7553327,-0.023051262,6.632349
4.851303,0.21957564,6.962775
5.1819634,0.30385017,6.264603
5.7495646,0.5828618,6.986677
6.0977664,1.6523538,7.6927953
9.659144,3.283237,9.277644
7.795847,3.2260752,8.608588
5.5591726,1.3238777,7.7474885
7.862101,2.258864,9.681961
8.007838,3.4370513,10.789864
6.918393,2.716486,9.758138
7.277449,0.26204932,10.218496
8.740656,2.3559275,11.798679
8.98947,2.3758712,9.924119
7.6848707,2.349526,10.432138
8.996094,1.068189,8.592647
11.2965,2.476901,9.059954
10.164877,3.2299874,8.802914
