yaw,pitch,roll
-24.114119,-11.439682,0.044288397
-32.26245,-12.239462,2.5019636
-29.98986,-9.408991,1.1757916
-27.430927,-10.192441,2.583354
-29.607811,-11.421485,2.1612084
-26.4126,-6.299598,1.974726
-25.87006,-7.6219215,5.1336107
-22.646585,-14.556606,6.5853744
-13.407219,-15.643457,11.391493
-7.7880354,-12.270723,11.169826
-16.851002,-2.9098878,17.761177
-15.898171,-1.3763131,16.049284
-22.260849,-7.0585814,18.048616
-23.28177,-8.33861,15.4079685
-18.792421,-14.212029,13.478741
-9.11824,-13.014378,17.205387
-23.395363,-9.138876,17.259926
-14.5982065,-9.726721,16.13995
-20.07862,-10.889236,17.10816
-22.476181,-15.348953,16.621838
-17.150394,-10.175876,14.552262
-19.801023,-11.856125,18.010706
-22.349833,-10.025031,17.812948
-19.656105,-8.661072,14.0175495
-14.440632,-15.614187,9.762779
-18.474474,-9.775282,13.281467
-15.829116,-12.665756,14.908609
-20.711441,-9.425239,17.522314
-18.448935,-11.327604,15.740318
-20.683361,-7.758506,16.301826
-20.867872,-17.072811,12.599684
-19.94247,-18.084707,10.379789
-20.62186,-17.51041,12.508974
-20.078518,-7.9232764,15.053814
-19.12113,-9.794535,15.865778
-23.498898,-5.7062864,15.903313
