yaw,pitch,roll
-3.2641778,-13.930761,-7.261693
-2.1793785,-13.556147,-8.878822
-7.41387,-12.420175,-7.932679
-7.627163,-11.27466,-8.273126
-12.4890175,-13.824333,-9.106635
-17.542704,-13.644442,-11.609058
-23.160109,-8.548173,-12.120282
-22.711946,-6.8327427,-14.437242
-19.526669,-12.110739,-10.083105
-10.17854,-12.436178,-6.5949125
7.3585463,-14.578022,-2.8887541
6.4802914,-7.320492,-4.5301595
7.305771,-11.526476,-1.7779267
-12.032619,-12.329773,-4.4452653
-21.889849,-10.357253,-8.482315
-19.124943,-5.974246,-15.505143
-25.357334,-12.371073,-10.937359
-7.831485,-16.612694,-6.402581
5.044711,-13.616093,-6.5486593
9.932328,-12.551672,-2.4638696
11.764716,-11.867502,-0.59113485
7.5231066,-15.155611,-3.6670194
3.4414458,-17.376461,-7.6137238
-15.4503975,-16.278194,-9.916893
-15.379368,-14.050352,-11.715454
-16.283278,-18.90878,-11.212076
-5.823492,-15.273775,-9.513485
4.2985005,-13.628125,-8.194838
10.988538,-13.564154,-7.4016237
10.92425,-10.170691,-4.2824
7.1736407,-15.72383,-5.572968
5.906462,-19.008188,-7.797074
-5.0696783,-16.632622,-8.620401
-14.753092,-16.482662,-13.177519
-15.192913,-17.070187,-10.171494
-9.414736,-18.828203,-10.637917
