yaw,pitch,roll
-7.623731,-6.8602977,-2.7138007
-5.5310526,-7.136668,-5.4564495
-11.16556,-10.841791,-7.0586653
-6.8247156,-8.623915,-7.39517
-9.417518,-10.887341,-4.681895
-5.445579,-4.1943917,-5.2497096
-5.670371,-9.1283455,-4.7274175
-19.831778,-7.6101904,-11.541698
-26.172783,-4.428271,-17.82357
-22.191368,-0.97155535,-16.304213
-15.69641,-3.4073153,-11.382103
-6.632779,-5.1167607,-5.3699493
-1.253834,-1.8447572,-9.2635145
-6.921062,-5.281954,-10.732464
-7.315596,-8.140707,-14.110897
-16.161057,0.17008436,-15.563526
-14.675823,-4.6705065,-15.042452
-0.9784045,-6.0156794,-11.620129
-1.4205654,-4.2148542,-4.1085944
-5.357136,-5.7972097,-11.469173
-8.77965,-5.8877425,-9.754189
-14.868965,-1.2554168,-11.634747
-23.038551,-3.0586886,-12.205846
-16.894411,-6.254578,-13.889921
-18.512684,-1.932283,-8.792285
-6.9553466,-8.002872,-8.678724
-10.669484,-9.045729,-5.866907
-2.712031,-7.9010954,-7.8279867
-8.618069,-6.331925,-12.338198
-4.9387054,-4.3024635,-11.054384
-3.8126137,-6.668403,-9.614494
-4.661622,-6.6376476,-11.447743
-6.225318,-8.092833,-11.580603
-7.8559723,-4.7696176,-10.407555
-10.45985,-6.445838,-9.445606
-4.8419704,-5.2367926,-9.400795
