yaw,pitch,roll
-9.017622,-16.444263,1.5735533
-9.970498,-16.61703,1.8490798
-9.973081,-18.557507,3.3974807
-9.487397,-16.873165,1.5596642
-10.282618,-17.03078,2.4576886
-9.928255,-16.682644,1.7967963
-11.680554,-17.915443,2.3745062
-10.983971,-17.905354,3.7796607
-13.179142,-19.036985,3.182339
-14.963735,-17.769457,1.3825698
-11.314118,-16.797333,0.8396168
-14.201881,-17.90539,1.6988144
-19.627373,-16.212624,1.188566
-22.761948,-17.320211,-0.7134328
-25.275911,-13.972454,-4.652688
-28.245407,-14.05094,-3.5132093
-30.21069,-8.238168,-5.7861357
-29.495289,-9.137719,-13.9956875
-27.124239,-12.158652,-11.577278
-22.324007,-15.593021,-7.7432837
-11.461611,-18.596428,-10.420467
-18.160688,-22.656004,-5.010475
-19.899864,-12.798339,-9.556369
-18.82543,-16.688885,-8.657399
-16.026985,-20.290709,-3.5799243
-19.53696,-18.07965,-3.4644396
-14.870878,-20.010534,-3.5441482
-24.95772,-13.0961895,-8.622955
-28.774483,-18.799171,-6.2500057
-18.74571,-24.094429,-3.9400442
-20.882418,-18.829412,-3.2416365
-18.404856,-21.685627,-4.060835
-24.43247,-15.268295,-7.0057006
-29.72173,-12.508007,-2.9686673
-20.269043,-21.553783,-6.2698364
-20.840448,-22.003176,0.9835546
-21.546278,-20.255089,0.14780664
-19.322271,-17.23899,-6.2284408
-27.451305,-11.881426,-5.2667704
-35.148594,-12.768272,-3.2293208
-17.455883,-22.126198,-2.225564
-19.17109,-18.748093,0.00095129013
-19.603497,-21.0188,0.18868923
-20.20782,-19.673395,-3.1105878
-25.503643,-16.84878,0.2857368
-22.680408,-16.774,-3.2143764
-22.575186,-18.634386,-0.060993314
-22.41624,-18.717693,-3.0605447
-21.277245,-19.107574,-2.235939
-18.675411,-19.837534,-3.7289457
-20.950565,-16.12269,-2.247868
-22.627838,-18.474361,-2.055948
-22.728851,-17.698822,-3.0080366
-21.805965,-16.189482,-4.8592715
-19.0849,-19.203814,-2.7425442
-19.753258,-16.756708,-4.9458323
-21.937532,-17.525349,-2.6359508
-21.885403,-17.683352,-3.4569974
-23.16793,-17.662113,-2.0591502
-23.031582,-18.310366,-3.2069721
-20.961807,-16.816994,-4.6225605
-19.097204,-18.556795,-4.5753436
-18.035984,-19.432728,-2.8054037
-18.073858,-18.122831,-4.549791
-22.776613,-18.09314,-2.7927604
-20.182295,-17.883324,-3.8365803
-18.43982,-19.227337,-5.5862
-18.358904,-18.126478,-4.0480638
-18.578793,-18.160227,-4.1463137
-19.511185,-20.395786,-3.5286508
-19.657824,-17.00001,-3.8902907
-18.675005,-16.632668,-4.538397
-20.296398,-16.643143,-2.9577026
-19.450844,-16.594833,-5.2642064
-17.334784,-18.451555,-4.909657
-21.349777,-17.565136,-2.3074536
-21.548494,-18.76175,-3.577506
-25.779373,-20.754032,-2.1442628
-23.147423,-21.273901,-3.5642004
-25.099113,-20.583652,-4.279532
-23.87599,-21.02108,-3.8212574
-22.779942,-23.061756,-2.4857526
-22.02721,-20.66816,-6.950395
-17.109388,-20.324932,-5.4948936
-14.235834,-20.813583,-5.6962953
-20.848263,-20.396152,-3.4369435
-19.686857,-20.876925,-2.4364738
-21.292309,-22.77075,-2.3369074
-18.987028,-20.545973,-1.6981761
-16.761238,-21.188625,-2.889407
