yaw,pitch,roll
2.878135,-9.563015,-12.142853
3.6258862,-10.308262,-11.576233
2.6838427,-11.185043,-12.156071
1.2507155,-9.285711,-12.954168
3.196475,-12.14888,-11.627687
1.958561,-14.596672,-9.47821
2.3307247,-19.77271,-8.544853
-0.53104925,-18.493149,-8.736286
-8.180965,-17.830326,-14.0869255
-25.388805,-16.9595,-14.333175
-28.884619,-6.3717556,-15.286625
-23.911285,-2.2065213,-13.596718
-7.24669,-2.9488986,-13.040239
-12.927707,-6.3205385,-13.49524
-28.062527,1.1108241,-12.60426
-31.510342,-2.1197383,-13.332508
-0.6394632,1.8081307,-11.3346195
-19.950333,-7.4214087,-8.098741
-27.163483,-0.84248894,-9.538838
-30.966183,3.238527,-10.657953
-9.8605,-10.198086,-4.6713104
-3.7546287,-8.900787,-7.7014017
-26.067657,-4.7837486,-13.381697
-26.994675,-5.5671425,-13.824049
-5.6788383,-7.4653006,-9.875319
-12.419123,-8.120889,-7.4712543
-8.77241,-11.818207,-9.76036
-7.2475023,-11.275982,-12.463177
-4.400617,-9.905668,-10.544631
-2.9679441,-9.6100235,-12.45459
0.35058618,-8.545269,-12.247781
-2.8985963,-9.545416,-10.82235
-3.5777388,-9.030482,-11.258684
-2.9884877,-9.457049,-11.657799
-1.403681,-7.223523,-12.229034
-1.15821,-7.4283,-13.618017
-5.083877,-6.27983,-10.551113
-7.251735,-4.879959,-6.9893026
-2.3968709,-6.7847824,-8.03076
-2.9722588,-7.7794757,-6.217897
-1.6463671,-5.834254,-7.8529954
-6.901479,-8.319403,-4.62507
-2.72938,-8.454069,-4.2427683
-4.864867,-7.6628046,-3.406864
-0.096544266,-9.290684,-4.714243
3.5945544,-7.792095,-4.515704
0.79997563,-7.7926745,-4.8164635
1.7131116,-6.910982,-8.219623
-0.11168432,-6.091993,-4.797584
-5.089224,-11.608162,-1.9947612
-16.412422,-9.850289,-5.3583236
-16.139446,-12.633955,-3.5946064
-14.037749,-13.718487,-6.2784824
-6.5630875,-10.935595,-4.1544466
-1.4625473,-8.223076,-6.2699895
-4.6227264,-8.975059,-3.657014
-3.4377124,-8.630393,-7.3119755
-6.9133945,-5.6771784,-4.4192896
-4.8985243,-7.1903567,-0.09512897
-2.4270635,-6.658334,-0.8051531
-6.3950777,-6.933852,-1.1173229
-5.2939157,-4.4254827,3.4635818
-7.545953,-5.44105,2.9523902
-8.283283,-6.0363646,3.2043378
-8.511068,-6.000768,3.9405668
-8.569673,-5.998564,2.925018
-8.281873,-6.6016254,4.2053776
-9.4082985,-8.125545,3.744416
-8.708247,-5.525094,3.6204083
-7.5339794,-4.2013774,3.8814082
-6.3555994,-5.52199,5.485438
-5.4113293,-5.9140663,5.091385
-5.7988815,-3.4378984,4.3062105
-11.056029,-6.576851,4.178825
-4.7016573,-5.1651115,3.9572673
-2.633205,-4.6904774,5.5252786
-7.230964,-5.677765,4.311769
-6.152368,-6.5704927,3.9515371
-7.6678176,-6.047106,3.3195722
-6.6285663,-6.2195115,6.863228
-7.1544065,-6.8536897,4.766182
-2.5603201,-4.4948735,5.3771105
-4.3803563,-7.4125786,6.1569242
-6.7575645,-7.206894,7.3764076
-7.831345,-6.717557,7.0306635
-5.3731036,-6.2390947,6.572591
-5.1714716,-6.6032705,5.888195
-8.406954,-7.3231287,4.3049183
-7.5895686,-7.0476785,6.5290217
-6.4746537,-7.444353,6.1232624
