yaw,pitch,roll
-6.801564,-9.006904,5.324131
-8.307341,-7.0456,4.009783
-6.4151793,-8.2064905,3.4093034
-6.7868986,-10.852776,3.994567
-4.4172277,-8.899349,2.6258812
-8.507174,-12.832716,3.4088469
-8.752577,-11.791467,2.0934303
-12.119541,-10.329439,0.9877447
-10.502881,-14.308842,1.076998
-10.400107,-12.836645,-0.09975839
-2.158467,-6.937505,-0.45904666
6.180459,-2.0765586,-1.8306967
11.48867,-2.2396293,-1.0979939
-7.062009,-5.2585278,4.88697
-13.047208,-11.347069,7.073016
-14.092037,-12.128891,7.088351
-9.873606,-12.459241,4.9354625
-5.982488,-8.962767,0.8777356
-2.7125869,-8.432364,5.353427
10.321598,-3.2787824,4.6718955
1.6318741,-1.3020192,1.8493865
-3.8196454,-5.534379,2.9460843
-8.5163145,-12.710838,4.3215466
-12.150607,-11.632271,6.256533
-16.809412,-12.929306,2.5945723
-12.492796,-16.125889,2.3629904
-6.420875,-5.51717,3.7000577
-2.7314591,-5.5609827,3.0426266
-2.035155,-3.8839626,5.993766
-3.0235353,-3.9666624,2.6548588
-3.2855358,-7.533138,0.10316668
-4.6678014,-5.4750767,-0.7581535
-8.48879,-10.309273,2.1329916
-8.302177,-12.217098,1.7132936
-10.118298,-14.635096,2.130676
-5.9113836,-14.41622,-0.0733034
