yaw,pitch,roll
-49.884148,1.6562827,-20.98258
-42.341515,-1.2723184,-21.262972
-40.956753,3.3962536,-19.086601
-41.37697,2.6761918,-16.133108
-51.292015,-2.3458843,-14.10761
-49.18648,-5.9455214,-19.246222
-36.625343,2.1478643,-17.84662
-15.445083,-9.883442,-16.87056
-9.903641,-9.933658,-16.097258
-12.192675,1.6853383,-19.08319
-22.935678,-4.276601,-17.378777
-22.799767,-8.2922535,-15.208826
-2.6457486,-4.7615013,-14.408841
-11.631285,-5.217457,-15.05884
-20.002935,-5.164891,-16.403685
-16.261087,-6.7350216,-19.504486
7.1132984,-4.9090514,-12.565631
-0.45237923,-6.375292,-16.205254
-11.243481,-7.707548,-13.851227
-9.697481,-6.568967,-15.599291
-1.1581292,-6.037446,-18.116966
7.873803,0.11383867,-13.145358
-3.672726,-4.100569,-18.78032
-2.6370707,-1.7502468,-17.675138
-6.668307,-8.46466,-17.690504
-0.5155124,-6.690676,-19.91336
2.4767315,-2.9945855,-15.692938
-4.8444757,-4.534748,-20.471886
-2.5468793,-5.494762,-17.445591
-4.644159,-7.7567735,-14.956426
-0.47518933,-5.623064,-16.436306
-3.8013144,-4.9205217,-14.144009
-9.0865135,-7.7722654,-13.072759
-4.593558,-4.882924,-16.55438
-2.297108,-7.3952875,-13.512598
-5.8246527,-6.420968,-15.697766
