yaw,pitch,roll
-15.446274,-11.022654,3.8894224
-15.613823,-10.354342,3.49925
-18.59153,-10.887396,4.5287647
-19.80364,-9.446487,6.375643
-20.011864,-11.877689,6.3599987
-22.135708,-7.371399,5.0933146
-17.50927,-7.0441623,4.08276
-16.902706,-8.806034,5.1860423
-21.60965,-11.09235,5.2285724
-22.599928,-16.97588,-1.7844791
-39.676674,-19.057606,2.562378
-42.78514,-13.757069,0.20070171
-53.954224,-17.535965,0.3497107
-29.715988,-19.670078,-1.8615565
-21.62837,-14.241102,1.5423994
-26.86689,-7.8914165,2.1492226
-28.306618,-16.372435,-0.8178363
-54.992195,-18.208538,7.7267184
-56.591988,-21.585619,6.4508834
-64.10141,-20.61007,7.1440344
-47.88624,-21.841572,3.2728176
-26.451153,-16.246887,-1.4340935
-22.971912,-11.500916,1.1363161
-17.926405,-21.396042,1.196132
-58.234207,-14.882079,4.3810987
-57.211754,-20.290564,4.3271146
-54.2526,-23.796957,7.370448
-23.395418,-16.304813,0.9567914
-24.760736,-18.965279,4.7728124
-40.212044,-13.705116,-2.8954778
-54.777416,-20.303894,6.1592484
-35.231438,-19.518028,3.345478
-22.279844,-15.558326,2.3325949
-20.617867,-16.708862,1.2532449
-26.517681,-21.37534,6.0118566
-44.961807,-22.99886,10.63192
