yaw,pitch,roll
-0.48830652,-4.9034686,-22.768915
-2.3154168,-3.7918043,-23.203867
3.7058892,-2.8905554,-23.017616
2.6229424,-5.889064,-19.547419
0.50196743,-5.1318994,-19.989765
4.606518,-6.005861,-20.844875
-5.3341227,-6.2554092,-21.927074
-2.8585124,-3.8071117,-22.447231
-2.2170603,-8.444207,-21.376118
2.3520179,-9.8515415,-19.690641
-24.384071,-15.154322,-16.814856
-24.513477,-14.129447,-15.606138
-25.778557,-3.5287673,-19.046074
-24.8643,-9.257432,-22.010265
-24.614153,-12.984228,-18.808445
-4.7026486,-15.362645,-20.64058
-4.6223173,-20.771826,-17.912832
8.997322,-12.8979435,-13.472509
8.591757,-8.64833,-12.816871
-0.395743,-15.930637,-11.287674
-5.0350695,-14.7350025,-20.680342
-19.022285,-13.413965,-15.530466
-21.154316,-13.927929,-14.424311
-22.401142,-13.050954,-18.1971
-19.572983,-13.546788,-15.846519
-6.1866803,-14.717799,-19.54721
-8.291531,-12.744545,-16.181124
8.365768,-13.16946,-9.929909
6.209491,-13.313776,-15.776043
1.3639058,-15.914895,-14.575722
-4.601679,-14.364085,-13.271669
-15.018929,-15.369362,-14.3197155
-12.174427,-9.400553,-11.505072
-17.780182,-10.19391,-14.41342
-13.939501,-12.30768,-15.772871
-3.0689478,-18.231527,-11.805473
