yaw,pitch,roll
5.635997,1.8602498,-23.89325
5.181892,1.8831584,-24.143322
4.880896,2.2487252,-24.138622
3.6654155,2.2317595,-25.051706
3.5579686,0.18500984,-23.61467
4.8907676,-1.4616686,-23.924667
7.4354086,-3.7602572,-22.766964
8.273959,-2.281671,-23.669418
1.3854146,-4.082554,-29.589996
-25.961811,-1.5724034,-21.418695
-34.802868,0.3823595,-22.725254
-30.254791,-1.2354193,-19.303225
-13.7177,-8.012882,-21.857655
3.922134,-8.581926,-29.276272
19.138897,-7.634773,-31.2552
13.500162,-6.6540375,-30.32577
7.701105,-8.630424,-29.238073
1.1225063,-6.252924,-26.642849
2.9087136,-12.969771,-26.333076
17.329327,-7.7638435,-30.381678
17.660189,-8.822556,-32.229645
8.593568,-15.159285,-27.830235
-1.4653711,-13.765106,-25.793049
-9.465142,-14.11532,-25.872902
4.2996607,-17.079845,-28.223743
16.831139,-13.203002,-33.996155
11.076662,-14.635054,-33.97322
8.153552,-17.906393,-25.85059
2.6736157,-13.873821,-31.078411
-2.099355,-20.50954,-26.724453
8.801572,-13.427229,-29.37162
9.144066,-16.878963,-28.985447
9.626541,-11.32227,-28.36443
7.103938,-13.740672,-28.308355
11.899351,-14.301074,-27.08168
10.70768,-12.76479,-31.086937
