yaw,pitch,roll
-6.279603,-4.3556457,8.877824
-4.360402,-5.374895,10.042364
-6.8672585,-6.965453,9.958111
-5.9786034,-7.2713823,10.196939
-9.50202,-6.3079166,9.918997
-10.682167,-9.1611395,9.204881
-9.689868,-8.616598,8.309771
-10.021263,-8.263309,8.757198
-10.058144,-9.959492,9.031219
-16.762333,-12.034598,5.618799
-18.447126,-11.2743225,5.392421
-11.605296,-9.18212,8.364456
-7.413775,-8.575432,7.453635
-5.2703056,-6.6960955,8.84645
-7.4932957,-9.262225,8.805034
-14.997876,-8.867958,5.26089
-18.87273,-9.678396,5.066019
-18.039625,-10.133362,3.570047
-14.497465,-7.9847107,5.274632
-0.37010258,-5.373944,7.283845
-8.555494,-9.335063,7.2682714
-15.522854,-9.696644,4.2730937
-18.490135,-7.158949,2.8997025
-14.384094,-9.182852,6.271044
-6.0088754,-6.2533493,6.0532207
-1.5667105,-8.683894,6.722912
-5.552927,-7.801358,7.035482
-11.904458,-8.930383,7.690869
-15.536631,-9.96999,6.284422
-14.206338,-8.682009,7.0045466
-7.894945,-8.546065,7.5007267
-5.7947145,-4.35507,10.210629
-2.7762396,-7.355948,8.79122
-1.892259,-7.6800103,7.747739
-0.550496,-5.3367357,8.503153
-3.1314507,-5.202449,8.434082
0.8576447,-5.356566,8.377301
2.2937758,-5.233119,7.4651995
0.87826777,-4.884248,6.7534432
-1.7919207,-6.393406,6.836391
-8.012657,-6.686251,7.005049
-1.7324712,-6.728502,5.7730703
-3.7912135,-5.5358105,7.669058
-2.3551102,-5.7875276,7.686193
-0.17119122,-7.8347807,6.5400877
-5.7000017,-5.7653904,7.8633356
-6.647964,-5.8400025,8.577686
-2.6646338,-5.6458826,8.048565
-8.247536,-5.350547,6.8260717
-4.301973,-5.1632934,8.875146
-6.8065457,-5.6945267,7.8965206
-5.1719737,-8.307063,7.6236997
-5.5540886,-7.4331436,9.0607195
-5.8173676,-6.944835,8.746771
-5.4973974,-7.0627813,8.828919
-5.364158,-6.3785133,8.515009
-5.383773,-7.299424,8.266098
-7.577853,-7.688757,7.874349
-4.2132154,-5.4556074,8.075485
-6.8689566,-7.4522333,8.464224
-7.2244363,-8.240836,7.8342686
-7.8413076,-6.083851,7.8349943
-4.9614286,-7.737503,8.870634
-6.7848415,-6.7218876,7.6738596
-5.415665,-8.146616,7.402932
-4.3762765,-6.4477324,8.141508
-6.0370193,-7.0583353,8.782235
-3.510019,-7.5659876,9.288543
-5.38601,-6.720887,9.220285
-4.5590463,-6.4376383,8.12486
-5.1732435,-6.1684895,8.743451
-6.100883,-7.045944,9.36307
-5.6584787,-5.925005,9.942901
-7.73337,-6.6728845,8.438486
-6.1054244,-5.8952174,8.2817545
-4.330616,-5.110014,9.297687
-4.9002395,-6.681664,9.109444
-4.1941633,-6.7150135,9.850229
-5.3844404,-6.312198,9.193249
-5.397104,-7.4403386,10.462023
-7.56176,-6.919588,8.997469
-6.2054615,-7.293673,9.889724
-3.477366,-6.2428913,9.484329
-5.4411473,-6.3177557,9.205502
-5.6576095,-7.2438803,8.82694
-4.9759,-6.815923,8.702178
-3.5853324,-6.076377,9.197386
-8.357232,-6.19048,8.757799
-4.212165,-6.164513,8.379866
-6.2789297,-5.4925385,8.813515
