yaw,pitch,roll
-3.8027322,-11.619244,4.1557226
-3.9890828,-12.864458,2.2227879
-4.25585,-14.194732,4.3642693
-5.796722,-15.07456,2.6678307
-5.1812725,-16.359373,3.5489326
-4.0884132,-14.392075,1.8140752
-4.715244,-15.352371,0.75580287
-3.7403872,-15.021861,1.4443896
-2.5839896,-14.043118,1.052329
-4.531453,-15.632555,-2.1447663
-1.3182766,-18.489735,0.7406249
0.43472582,-16.458605,1.017671
-0.723843,-14.155931,2.384015
-3.4601626,-14.931912,3.4186778
-1.9951624,-14.357248,2.6579845
-3.9671195,-15.125001,0.97578275
-3.3091772,-16.621294,-0.048548937
0.7482148,-16.633509,4.6370726
-1.3552682,-15.1554,2.734583
-0.51196,-15.37357,3.2938275
-3.2619576,-14.866861,1.0893594
-3.0871491,-16.977058,-0.009585261
-3.1032126,-20.95256,2.367862
-0.7161614,-16.527584,7.032286
-1.1306928,-14.9503,6.809161
-2.6133456,-15.430195,3.043438
-1.8201731,-13.927252,4.2054615
-3.8869457,-14.527887,0.2521808
-3.0995252,-17.020706,0.44785237
-5.4083676,-15.2685375,4.1581287
-1.7401711,-12.704533,6.0769672
-3.0150878,-12.647862,3.7126217
-2.611187,-11.593367,2.252141
-2.465155,-14.005363,6.3210783
-1.8741513,-13.908382,4.0128474
-1.7217891,-14.137946,5.338519
