yaw,pitch,roll
6.5753264,10.991632,-3.2293077
-3.519905,10.786282,-2.8368564
0.9569254,7.337281,-0.41163158
-11.7042265,5.911489,2.1152024
-14.755878,9.630236,-3.1473162
-25.262077,4.0918193,-6.460081
-5.055575,2.437347,-2.547787
2.5076046,-3.3163447,-3.0720081
17.13073,-1.3225794,0.46845737
3.7379482,0.20785768,-0.35554123
-10.1563015,0.48973757,1.8614453
-18.827639,8.026352,-5.4219685
-18.7985,8.9094925,-3.4483626
-19.137718,4.8650875,-3.97663
12.337704,3.1612062,0.17866087
2.4343467,-1.3375198,-1.474438
-10.626358,0.37500864,-0.91502905
-24.709433,2.8884513,-0.9658154
-31.26946,0.9111153,-2.6332254
-29.72039,1.374481,-0.580915
-10.763335,4.579217,-2.389251
13.452633,1.3255657,-1.4448912
15.933026,0.5476155,0.5610418
5.3633738,3.7909884,0.74353135
-28.39455,1.2618557,-1.6633478
-35.969467,4.447781,-6.1430182
-30.36717,1.4060489,-3.209617
-15.063246,3.06169,-4.347013
7.339919,4.4932323,-3.724385
7.2151785,6.5242934,-1.8168452
3.5148768,2.7098513,-1.9828994
-27.325317,0.50745296,-2.8079927
-33.561283,3.5876205,-6.6740246
-27.182678,0.986747,-4.8158684
-9.556156,3.7201,-3.638124
8.465688,3.8542073,-4.9311814
