yaw,pitch,roll
1.5912805,-12.093441,10.537381
2.0362844,-11.216999,10.815016
3.1653976,-9.811922,10.003368
2.4580493,-10.742367,11.547459
2.269699,-11.056681,10.772032
0.7789222,-13.677776,9.757823
1.2855705,-10.677919,9.923603
1.3683484,-11.999098,9.491068
-0.3648901,-12.324063,10.1634865
-5.2325535,-13.597158,9.505472
-4.3111115,-11.654829,10.181908
-3.0842676,-10.248079,11.436615
2.4749138,-8.785,11.447918
1.6370333,-5.4772453,9.144401
-0.69921327,-8.02087,10.14262
-0.0011973381,-7.746089,10.845065
-2.0976315,-9.660153,9.892324
1.9704846,-6.4068594,12.933248
1.5898864,-7.012538,11.451231
2.5239286,-8.208545,9.667267
0.20136881,-9.406079,13.3166275
-4.356624,-9.296606,11.373967
-2.7378724,-10.065192,12.312134
3.07719,-9.146112,10.465515
2.3959234,-8.561721,9.744012
1.9087498,-9.936999,11.961124
-2.5456114,-8.767454,12.835346
-0.59751546,-11.14772,11.297518
-0.4110984,-12.676466,11.361444
2.1959846,-10.522842,9.893862
2.4835346,-9.711913,10.5873165
1.2832593,-9.242759,11.025844
-1.3825742,-11.501768,11.292167
0.6900608,-13.423244,11.029203
1.5084254,-11.328711,11.013843
2.4495893,-13.105083,10.395763
