yaw,pitch,roll
3.3898604,-12.473686,-6.631333
5.284774,-13.673185,-8.661588
4.099449,-11.081898,-7.2782245
4.0405293,-13.828896,-5.4409256
3.4977381,-10.453405,-5.7872252
-8.957477,-13.84373,-1.923494
-27.062649,-7.4221964,-3.2511253
-31.091467,-0.20445132,-3.246506
-19.935396,-8.542991,-2.0917377
-1.6908143,-5.472262,2.4927573
7.367693,-6.762124,6.6608715
17.127693,-1.7811475,8.731316
7.253071,2.2390642,9.183514
-3.0075107,-3.0747955,6.5501857
-15.084283,-4.6672125,3.339494
-22.720797,-4.860897,4.684973
-5.3877096,-3.161791,6.9019723
20.326988,-3.7728672,8.185408
19.520767,0.031060219,8.5215225
7.018647,-2.1676607,7.99862
-5.93481,-3.9243145,3.6102488
-12.566999,-3.8869123,4.0061784
-10.8364525,-6.7239857,2.206838
-4.8627653,-5.2250624,4.398904
1.160253,1.247593,4.1602607
-0.2602818,-1.3109349,3.7584977
2.3680582,-0.9077749,4.9420238
-0.123607874,-2.9644837,4.9683895
-2.91694,-1.4472864,5.6361027
-7.9934273,-2.6462312,2.7730918
-7.112253,-2.905845,3.1134233
-9.94301,-0.6380683,2.9132478
-6.970072,-0.06935263,0.833699
-11.450149,-3.3171706,-0.047461152
-4.374468,-2.128329,1.1680759
-8.691934,-0.28573787,0.88159585
