yaw,pitch,roll
-46.397453,10.590673,2.9525747
-47.673058,13.470984,3.6075227
-54.26676,9.176387,6.3086357
-50.346222,15.071632,3.5057468
-57.286606,14.300909,6.802426
-52.350243,8.098437,3.8694952
-31.725517,21.671284,-0.40916395
-27.344334,24.225163,1.8693382
-36.533108,22.852097,-4.029949
-52.01802,7.855674,4.794574
-55.565742,8.816821,8.042706
-51.63025,9.929797,-1.3647771
-27.201492,16.896675,1.9793454
-14.155008,12.199644,4.1319494
-27.854954,13.42025,3.8804882
-44.082558,11.3339405,-1.317858
-46.294357,9.063107,0.45057142
-43.31891,14.580487,0.5884458
-37.318058,14.799751,2.1280856
-38.678825,17.189812,3.306098
-36.26088,17.286911,2.2919588
-38.45764,21.892422,2.4570632
-40.277946,17.464825,3.9426324
-42.005466,17.799242,3.9071364
-43.53468,14.250721,6.2406254
-42.114033,15.943434,2.7746096
-41.956223,16.719477,2.4732654
-42.789024,18.113781,1.7328962
-41.72852,18.547232,0.8761892
-41.47697,18.777275,-1.4693915
-42.12742,16.924206,1.2705395
-42.074493,15.999346,-2.7006223
-42.423653,16.183027,-1.9241439
-42.70539,14.43962,-2.4442034
-43.98101,11.080383,-1.7714044
-45.951366,9.814131,-0.7931186
