yaw,pitch,roll
-29.66853,-4.0904303,7.581697
-35.912766,-3.707828,12.546241
-38.389732,-2.4995055,10.95586
-42.288666,2.8359733,2.8755891
-52.524082,13.099791,-3.7943864
-56.24401,17.206226,-10.078189
-46.478252,11.0483055,-12.782933
-27.751255,-2.1352236,-15.098888
4.770343,-4.860803,-11.291525
5.77042,-2.3232431,-11.615807
-11.061135,-5.9293413,-13.130892
-31.98116,-0.37403107,-15.450533
-37.903732,-1.3275371,-11.823368
-16.242071,-4.2215157,-16.977665
-0.9430903,-9.943724,-14.074572
-2.9275167,-10.289402,-15.517201
-12.729885,-5.3548627,-19.581482
-34.9322,0.25115666,-19.398378
-25.223011,-1.1201278,-21.259846
-3.9195156,-9.2999,-21.855755
0.10428798,-13.375397,-16.747904
-1.0153313,-6.7772484,-18.385948
-14.131334,-1.1651103,-21.781126
-24.844494,2.3877425,-27.743113
-13.272135,-8.196091,-20.404179
6.417421,-8.423531,-16.46746
4.570071,-4.9010153,-19.330883
-1.9928384,-7.0504565,-18.226946
-17.110794,-2.369109,-24.864246
-21.133343,-3.4668183,-24.50263
-6.53651,-12.444785,-18.29944
0.27622628,-7.6579742,-16.797312
1.6197181,-9.153088,-18.380508
-12.010473,-10.829368,-19.569723
-20.470596,0.9296756,-26.985325
-24.27929,-0.019263983,-25.862492
