yaw,pitch,roll
0.14536166,-0.6211717,6.708393
0.14067125,-2.1264777,6.028694
0.7514951,-4.201106,6.937558
-0.19116974,-1.8630441,8.216579
-1.3186324,-3.002468,8.113211
1.0570624,-1.0576117,8.1272545
-2.5130787,-2.0008817,9.347385
-0.78336763,-3.043645,7.9907236
0.6944678,-1.3291897,8.525098
0.8456329,-1.6950763,7.6545534
1.0578203,-1.844045,8.402586
0.18895364,-3.759788,7.6778364
-0.5862522,-3.8438613,5.3578844
0.47756624,-3.8862965,1.9322181
-17.983402,-7.2935066,-0.9550829
-24.504166,-5.0090637,-0.16240808
-25.084549,-7.45492,-1.6367441
-24.625847,-9.875517,-1.0529122
-17.303207,-16.19966,-4.338517
-9.471746,-15.079147,-6.0601997
5.05912,-6.613418,1.3644233
0.93007046,-5.979388,3.5929089
-9.930017,-16.108107,-2.851479
-21.287807,-14.001047,-10.36153
-24.284693,-11.537818,-6.059984
-19.94687,-10.462873,-9.902
-10.063639,-16.505789,-5.4178095
-2.0171673,-10.387087,4.0861726
5.682689,-5.049513,4.088353
2.1289444,-7.358307,4.7621903
-3.695665,-12.613697,1.0798703
-5.461486,-15.618469,-5.5324707
-12.484206,-10.295568,-7.8611145
-13.323282,-11.67084,-7.662344
-8.454618,-13.859282,-5.2909575
-4.04011,-10.138969,-0.94665015
-0.37655926,-9.492377,2.657959
-4.308918,-7.522915,-0.21386726
-3.2825713,-15.112762,1.3194385
-5.4389095,-14.710299,-3.359335
-7.316912,-12.899643,-2.4383016
-3.4072337,-10.484018,-6.228667
-0.16244316,-7.953632,-3.1845183
1.6533401,-7.935022,-6.0060177
0.08211565,-9.002543,-7.8773947
1.2264011,-9.467169,-4.944321
-0.5302372,-8.426886,-5.0192604
1.4373097,-8.443076,-5.070661
0.49650812,-9.333667,-4.1612597
-0.44051552,-9.210869,-3.2922726
2.0340161,-8.60608,-3.5088716
-0.44960976,-10.141474,-4.7825184
0.32154512,-9.743787,-2.4311416
2.1988711,-8.17467,-7.2362814
0.5094199,-8.585095,-5.116943
1.5265193,-7.1214952,-4.098737
3.4485734,-6.328107,-5.0399933
0.48318958,-9.606747,-3.9541135
-2.419439,-9.444836,-3.2768893
1.7141409,-8.662751,-5.1989727
0.6695509,-7.983368,-5.3288164
0.38895798,-8.928232,-3.9209886
2.4922318,-11.636084,1.5722351
1.8485599,-11.434879,2.7040052
1.6184087,-8.807551,-3.9429462
1.3712902,-6.808262,-7.274293
0.777853,-8.084875,-6.1281548
0.77357864,-9.445942,-6.772433
0.20488358,-8.909624,-6.5507736
1.5282674,-9.635684,-7.0029364
2.8721118,-8.387529,-5.483594
0.840363,-8.851016,-6.5780115
0.64887166,-8.703173,-6.8466735
-1.0482965,-8.990351,-6.81837
1.2355461,-9.038778,-5.701417
2.063746,-9.452753,-7.664537
0.74438524,-9.322457,-4.830377
0.45688057,-9.192423,-5.9027944
-0.43635416,-10.356355,-3.3259351
0.98597527,-10.449587,-0.040187597
3.5687957,-8.344328,-2.896727
1.4247699,-9.758896,-2.6559978
1.7654624,-7.632642,-5.6335444
1.6566038,-8.762144,-6.202806
2.4764876,-7.534387,-6.13531
0.7497792,-9.133672,-6.646181
1.5288744,-9.358362,-6.7616286
0.36958933,-9.738808,-5.836261
0.38139296,-8.913215,-5.2969084
1.67805,-9.595114,-5.424752
