yaw,pitch,roll
-7.9705033,-12.617186,-6.57591
-11.458357,-12.427153,-7.300338
-7.472929,-11.06879,-6.2120247
-18.676662,-9.312774,-13.2403755
-17.319408,-9.544347,-16.546915
-19.969345,-10.782463,-10.465263
-9.906854,-9.785264,-10.475088
-2.1397946,-10.720947,-7.167208
-0.10778952,-16.165215,-5.691931
-17.276297,-10.624224,-11.847469
-10.607571,-9.291184,-8.935544
-8.074468,-13.422538,-6.3606668
-0.66794705,-12.642559,-7.465389
-5.7244864,-11.197575,-10.176153
-16.634863,-10.09521,-15.716059
-4.6707764,-13.5871105,-9.992264
-3.2575588,-12.941828,-8.90161
-0.0029745102,-8.441407,-6.058724
-7.070453,-0.20533526,-3.0173852
-27.73859,3.6969557,-0.93177545
-34.70549,-12.0523,-1.8504634
-39.046257,-12.1654415,3.991681
-38.985764,-1.1920534,5.9456334
-33.069157,-10.557466,1.516401
26.440277,-5.230641,-0.82196903
1.3879795,-6.281866,0.47039127
7.201686,-5.7933946,-4.406786
11.569164,-1.4860303,-4.373227
12.969513,-1.436589,1.1503718
20.765255,-8.121146,4.7035046
-8.9525585,-4.600086,-2.885573
-5.1398563,2.2416646,-2.4245405
2.4602528,-14.0290985,2.5733747
17.918358,-6.286342,2.3187175
11.503571,-5.660098,-3.4853787
10.773802,0.26775527,-4.7456656
