yaw,pitch,roll
-15.860293,-15.3202915,19.326035
-14.931244,-16.234863,19.402508
-14.8115425,-17.648064,19.593649
-14.889027,-15.732647,21.12752
-18.09501,-14.413805,20.939564
-18.124199,-12.030505,23.170353
-20.639574,-13.6730175,24.610977
-13.483267,-13.219385,18.146435
-11.156639,-18.283018,18.332191
-11.18354,-15.006406,12.3605385
-12.22789,-14.527271,14.622588
-25.009052,-12.819104,26.35847
-19.7803,-11.521945,17.837955
-24.48883,-13.347166,22.920914
-20.666008,-21.797558,16.979603
-11.525585,-19.27936,11.8702135
-21.129347,-14.577796,18.30203
-21.112577,-10.537132,22.865461
-21.574139,-13.182223,21.806465
-25.594791,-16.313444,18.550552
-16.927078,-18.477543,14.482927
-17.285446,-19.354958,16.803448
-14.749204,-16.102345,19.025053
-20.808743,-13.924822,19.689556
-16.756922,-14.433904,19.671211
-32.874767,-9.801962,20.414797
-23.717049,-15.467714,19.272333
-16.538025,-22.11383,15.842173
-17.988377,-20.434496,12.202353
-18.767906,-20.397606,17.626339
-19.098763,-20.131615,16.585155
-27.462938,-12.194392,21.169353
-32.1955,-10.528481,16.047234
-29.267796,-13.154595,20.055355
-28.204704,-17.080719,19.95658
-24.079468,-19.894077,17.73733
