yaw,pitch,roll
3.8241339,-2.0674746,6.377412
0.8159199,-3.2231677,4.205086
-3.0912206,-3.2576432,4.4168415
-0.77690196,-2.0555904,4.6764355
0.9128206,-2.4365685,6.9360943
0.7243,-3.0162275,5.6447134
1.7732587,-1.8442156,5.917427
-4.946498,-0.8388498,6.711603
-6.478756,-1.8159462,0.95179605
-8.401854,-1.8790683,-1.1854236
-6.1581955,-1.2987523,-0.011613607
-21.71095,-6.9478564,-9.035353
-23.522478,-8.835446,-11.326763
-25.599289,-9.612113,-14.32258
-18.199535,-9.825624,-13.066249
-6.7321687,-18.9836,-3.4905286
0.44003534,-20.451313,2.9365602
3.9692945,-10.157587,-0.78590715
1.397999,-17.013332,3.260868
-16.424368,-13.886768,-14.573309
-24.801888,-6.477109,-17.179886
-24.922161,-3.955264,-18.004045
-5.3333817,-20.258759,0.7030957
-7.4038515,-18.705559,-4.275409
-21.021847,-6.0733604,-17.105682
-22.675568,-5.777936,-18.648266
-8.434165,-17.20148,-4.904798
-0.8143492,-7.5128593,-2.9884272
-2.6221879,-17.082577,-6.711179
-17.200941,-12.173552,-7.6355886
-14.74362,-16.806202,-13.465453
-10.307306,-19.13033,-6.494515
1.4510903,-9.500195,-1.5926359
-11.319157,-12.881027,-4.325925
-17.856083,-14.0328,-10.165836
-17.140497,-13.86911,-9.644548
-3.007566,-9.935051,-1.6023189
-4.097819,-15.128603,-0.5519913
-12.503576,-16.214775,-4.409697
-17.07669,-12.274043,-8.661577
-12.949006,-17.094376,-6.187889
-0.30402493,-9.862574,1.509824
-2.7774138,-11.664343,0.9502791
-16.730911,-13.404919,-6.375577
-10.57606,-15.384254,-6.8833556
-7.386371,-18.629425,-2.8575144
0.8790207,-7.8343215,2.9117796
-5.105676,-12.575556,1.7861644
-9.238859,-15.599318,-4.3755026
-11.761425,-10.055449,-8.823233
-9.239042,-11.324854,-7.1417465
-1.4299011,-15.237637,2.8065224
3.3017693,-9.065381,0.6133723
-3.80801,-11.497223,2.5805676
-14.628293,-12.5505905,-6.764383
-12.9787245,-11.545448,-9.407789
-10.599743,-17.001495,-7.7889795
0.60147977,-10.068998,3.7342045
1.9249685,-10.805418,4.8263106
-11.397195,-12.072843,-5.345382
-16.708632,-9.415451,-11.440008
-14.212488,-18.1199,-4.586372
0.7795152,-9.683511,2.8439107
0.0944809,-6.0367455,3.0027428
-5.692745,-15.616711,-2.3919384
-16.1467,-11.565313,-7.194817
-17.809856,-11.32815,-10.683292
-11.920808,-10.050493,-7.738965
-1.4525051,-13.262917,-2.0396898
3.0375075,-9.471184,0.55583566
-1.7034717,-12.743637,-3.7813258
0.47836018,-12.56407,-5.6559296
0.084546566,-11.793604,-4.8165474
0.49399996,-12.260031,-8.119365
-0.31881523,-11.655526,-8.151686
1.5406113,-12.329599,-7.188793
1.9062214,-10.010211,-6.5089483
2.8968716,-9.489498,-4.4141526
0.12989712,-10.960197,-3.0156178
2.1919231,-10.925992,-6.410649
-0.026583672,-11.609137,-6.0989103
1.2298498,-11.227337,-6.723259
1.2500253,-11.8405,-4.9949284
1.645021,-11.50819,-6.7420225
-0.41272497,-11.308388,-8.484494
-0.056900024,-9.454162,-5.9412193
-0.89809513,-10.286768,-5.921982
0.7883134,-10.967865,-4.6564775
-0.27795696,-9.476976,-4.2113113
3.0495172,-9.223394,-3.585765
