yaw,pitch,roll
-56.211002,-22.179089,1.9538713
-53.31176,-20.535168,0.31112933
-50.136505,-23.779343,0.617643
-53.65271,-22.78497,1.7566862
-63.41376,-17.277758,3.4130316
-55.158783,-13.177393,-7.512122
-50.08735,-13.507994,-4.126725
-29.83868,-22.228897,-8.57634
-26.22701,-20.580866,-6.748333
-37.77832,-15.14513,-7.1508446
-52.02359,-9.870735,-2.6043725
-53.05607,-6.3907137,-1.2170703
-22.607208,-16.782085,-7.47571
-18.934002,-14.448513,-14.356792
-33.6741,-14.7588825,-8.863332
-39.142,-10.905958,-10.959626
-50.14369,-7.136078,-3.8593311
-32.598606,-15.380268,-7.8327656
-31.892073,-15.140322,-7.381757
-31.72369,-18.156677,-8.00891
-50.577347,-14.348438,1.7291261
-47.097366,-13.054049,-8.956862
-56.486668,-9.682759,0.3369423
-34.866436,-14.189056,-6.1024423
-26.299873,-20.73608,-8.929561
-29.499037,-19.503088,-6.6504807
-43.008484,-19.298393,-4.4924636
-39.2005,-16.062292,-9.483631
-39.37468,-18.5481,-7.8833823
-41.44968,-18.883541,-5.7588463
-35.11531,-18.943707,-5.6237435
-36.909424,-17.493382,-3.4493215
-35.979107,-16.768856,-6.0637007
-42.411625,-21.33128,-5.778891
-39.483994,-16.278797,-5.4106236
-35.706436,-15.33465,-6.0896163
