yaw,pitch,roll
-2.6092932,-8.37245,-1.1685121
-3.8307745,-10.1222725,-2.6451707
-2.7289798,-9.510825,-1.838536
-2.5924306,-10.1118765,-2.2845678
-4.597603,-8.877181,-1.8442831
-7.3321867,-7.5900326,-1.2302469
-9.364613,-8.393578,-3.556723
-5.4768267,-8.461573,-2.770747
-6.7858653,-8.277795,-1.6014588
-6.4400935,-8.688925,-2.8537197
-4.8401203,-9.304822,-2.7536542
-5.6995225,-8.761612,-3.5616612
-5.380416,-8.287838,-2.1856816
-13.297991,-14.155739,-6.2290792
-11.126715,-12.076425,-8.766324
-15.404812,-9.791304,-12.212598
-15.373885,-11.63002,-9.697268
-18.868576,-14.848459,-7.568962
-8.678476,-14.961353,-0.323588
-0.45138025,-10.128522,-1.2103155
-5.86773,-10.176464,-0.7396083
-17.797567,-16.136986,-3.0940013
-10.199501,-12.84848,-8.670607
-13.973051,-10.610449,-11.95026
-15.643791,-13.917202,-10.467825
-7.5974307,-14.020969,-2.6871762
-5.1664524,-10.038087,-1.5262396
-10.618513,-13.912507,-1.5253454
-15.918558,-15.660836,-2.709716
-11.331905,-9.349334,-10.744271
-12.063736,-12.266264,-10.144498
-9.863939,-12.135452,-6.975829
-11.203456,-12.093095,-6.187566
-13.246412,-15.063934,-2.8001256
-14.251162,-14.259941,-4.374491
-10.690055,-12.868283,-5.705511
