yaw,pitch,roll
-35.051456,-1.7599857,-8.8711605
-34.262672,-5.7845993,-9.630666
-32.55435,0.48591232,-11.293854
-33.659508,-0.2066586,-12.935606
-33.989143,-2.0697365,-14.198094
-38.876266,-1.731556,-17.894613
-39.59266,5.245041,-16.920368
-45.170372,3.8208272,-17.265419
-34.584442,-4.199519,-22.528126
-24.154175,-4.1240478,-18.927742
-25.929123,-3.4465919,-17.492626
-32.25287,-4.98595,-18.414654
-47.23566,4.7647877,-16.13354
-34.444786,-3.1754477,-18.104204
-28.977146,-6.3843584,-15.793612
-30.734192,-6.7703247,-17.291843
-37.685314,-2.3885517,-17.274927
-48.93448,-0.45342135,-19.104229
-35.155014,-9.652663,-16.038055
-27.479462,-3.0970104,-13.848408
-31.477364,-6.478832,-12.7121105
-36.566017,0.07433663,-17.841515
-47.750546,-5.330995,-16.92486
-44.83196,-6.2654533,-19.054771
-27.833069,-5.1075516,-15.722452
-23.622498,-6.363765,-15.786367
-38.56826,-6.307984,-16.980461
-49.979603,-2.0587385,-15.084302
-49.302963,-1.7493358,-20.699574
-31.096928,-9.53931,-17.231544
-34.774216,-2.3738766,-18.217957
-35.919,-6.373533,-19.897928
-41.32052,-4.3087354,-18.11858
-49.72845,-1.945606,-15.483225
-47.19481,-3.8570735,-19.09471
-34.654167,-8.246574,-16.96725
