yaw,pitch,roll
8.679178,-6.020969,7.8697605
8.813281,-0.40214133,9.187275
-2.3019245,-7.510645,10.781841
-2.8872697,-13.934618,9.363471
-7.0363054,-13.031244,9.523996
-3.7014651,-13.603858,8.894458
-9.779295,-12.425777,9.672695
-6.3386097,-14.828532,13.514605
-5.6415014,-13.772537,11.219541
-9.98497,-12.819363,11.658384
-4.2119455,-12.736662,13.319418
1.9426409,-11.440966,10.22018
-1.8749173,-10.808556,7.6330976
-6.7693996,-14.18206,9.769551
-7.8359365,-15.533336,10.306535
-12.322861,-14.408567,9.246403
-8.74673,-10.993925,9.687589
-10.07227,-7.1242104,7.7639675
-10.664772,-7.2033596,6.8536425
-3.772059,-12.381752,6.197998
-3.7461221,-14.990618,8.019963
-3.504356,-16.823853,8.112042
-13.407028,-10.304063,8.721852
-11.955921,-8.4907875,7.492137
-14.095478,-11.516429,9.723349
-4.216651,-15.660657,2.550001
4.0727186,-11.871479,8.048879
4.5944767,-14.44985,7.154911
-10.892615,-11.628532,9.845514
-11.19611,-10.479381,7.7327433
-11.145052,-13.682103,6.9842196
-11.07424,-10.929721,8.323566
-12.572893,-11.852869,14.445463
-7.8366127,-14.889652,8.966431
-12.283554,-13.3928585,12.610207
-9.243482,-10.01424,10.136917
-8.707652,-11.844267,11.823339
-10.122364,-14.501242,12.399794
-12.019708,-12.732637,12.867128
-10.525753,-13.1463375,13.598913
-9.15337,-12.963869,11.246863
-10.503116,-12.81694,11.974937
-12.19788,-14.2633915,13.161676
-12.260461,-14.024883,11.701236
-13.552868,-15.162279,11.447993
-14.801657,-15.268124,13.263424
-12.028768,-15.907053,13.716404
-13.651516,-15.225813,12.421373
-11.690107,-14.441622,14.013584
-10.273396,-14.891132,14.026377
-11.663456,-16.750383,12.1889
-11.552036,-16.556293,12.491651
-8.984606,-16.737429,11.691243
-11.636897,-14.718754,14.068183
-10.769028,-15.1380005,14.388168
-10.813309,-16.081314,14.400211
-14.142905,-16.316175,13.692528
-11.813579,-15.72298,12.978309
-10.16645,-15.147236,12.785448
-10.833147,-16.499195,11.55302
-12.099924,-14.403074,14.542174
-12.252388,-13.980007,15.213215
-12.854015,-14.769442,14.74791
-12.5737705,-17.51088,15.769741
-14.293928,-14.562768,12.308268
-14.283212,-15.366464,14.315882
-13.722333,-14.890391,15.144058
-12.890519,-15.430244,14.26279
-13.524249,-18.047522,13.516912
-12.967751,-16.14806,9.417135
-15.508861,-18.801935,12.8322525
-12.191446,-17.39235,12.88795
-12.140482,-17.305027,12.732199
-11.0373535,-16.551208,11.595533
-13.322818,-15.585121,11.353557
-12.330334,-15.022694,10.275745
-7.54523,-13.426811,7.5363984
-12.125622,-17.01924,8.830742
-15.8731165,-13.526756,8.805009
-21.867477,-14.039215,9.893416
-9.817734,-10.607708,3.8002853
-3.5880294,-9.173357,6.2225113
-9.598568,-9.218767,8.402506
-6.08048,-3.8974767,5.543326
-7.0304284,-8.026194,4.03909
3.138906,-2.973577,5.632233
10.877062,-3.1159601,5.6870055
12.692999,-2.3454108,9.738543
9.764214,-3.4018598,8.860122
5.0343313,-2.295268,6.7959766
