yaw,pitch,roll
-60.017838,19.34383,-9.480528
-64.44445,16.403915,-7.7661095
-61.549767,12.423824,-6.0290337
-63.023495,14.729841,-7.7268915
-64.33676,16.528002,-8.189823
-62.69239,14.5484495,-6.943741
-62.406242,11.372437,-3.934381
-55.364647,17.185352,-11.082348
-52.789024,8.844255,-9.043866
-40.036877,9.358406,-6.1002016
-50.988197,10.543903,-6.483767
-65.98478,11.419836,-8.434361
-70.03456,9.549493,-0.4820249
-56.977757,13.157338,-9.317194
-49.508972,12.850565,-6.1712904
-47.622425,11.291427,-6.666857
-55.492134,9.636219,-7.450576
-65.562035,8.592245,-4.3428483
-67.268196,15.283238,-11.306669
-49.87384,11.568199,-10.771886
-37.74159,12.191302,-7.129396
-41.075546,12.224352,-7.728578
-50.738655,12.489968,-12.951572
-68.72832,10.121458,-5.8425283
-64.93988,14.575579,-7.121998
-48.116203,11.727495,-12.981068
-41.622696,12.816605,-8.3513565
-45.929436,15.278166,-6.862266
-56.476585,11.051367,-6.9057174
-68.608,11.093684,-3.6455224
-68.16176,10.889342,-4.8652086
-56.135296,13.422127,-8.228319
-44.486584,11.602337,-6.502121
-52.23799,14.139275,-5.597825
-53.34927,15.660273,-11.395604
-65.110565,14.502306,-4.54254
