yaw,pitch,roll
3.9542568,-7.319637,-9.207115
-0.17516148,-9.465059,-8.645784
7.8411756,-6.467312,-11.966864
8.839365,-6.278827,-9.933617
6.36203,-8.379173,-8.035712
4.041025,-7.513977,-9.214607
4.5038414,-7.0465183,-9.467156
4.7817883,-4.7003756,-11.61574
8.399661,-6.938901,-11.072781
3.3149195,-6.083291,-10.848688
-0.24627864,-8.598493,-11.595489
-1.3950963,-8.517676,-12.965595
1.8256838,-5.697167,-13.632311
4.02859,-3.5631301,-14.807538
1.5414805,-3.993115,-13.923025
11.233818,-3.4981155,-4.499483
2.6891294,-5.916376,-10.393688
-23.458748,-9.553598,-4.9008465
-30.98385,-7.3143187,-16.090605
-40.51268,-7.611883,-10.646606
-30.808105,-9.8698845,-14.394133
-22.847664,-8.398352,-12.143167
-14.057477,-5.2991123,-4.7618265
-14.179307,-8.099118,-2.9697614
-16.69566,-8.379801,-11.226394
-26.811504,-12.357296,-10.24764
-30.059092,-1.7661977,-20.117119
-36.227287,-3.313811,-17.46119
-28.408758,-9.1793375,-14.165104
-12.513352,-9.553786,-11.317622
-12.544405,-4.2174606,-9.416204
-12.145912,-6.265016,-12.609762
-15.583036,-3.0013177,-11.0242
-24.195408,-4.6211486,-12.450148
-33.857788,-5.4922605,-12.398399
-33.489082,-0.93113834,-14.602937
