yaw,pitch,roll
1.7088118,-8.383719,-0.8126901
4.671338,-6.3185053,-1.0077168
4.781622,-4.3165627,-3.2035995
4.986883,-4.3690443,-1.7337122
5.2398515,-2.9773498,-3.296493
3.3197796,-4.183031,-4.906992
4.327021,-4.286401,-3.904158
3.843235,-6.022107,-2.7008383
2.5882185,-6.9657426,-0.999351
-0.30403185,-6.588555,-4.5584793
-3.786228,-4.4066076,-2.0717964
-11.152429,-0.38244975,5.456418
-18.075783,-1.4368639,4.637125
-14.144999,-4.254506,2.9453657
-8.296104,-0.65942645,4.6230683
-0.73186016,-2.782763,9.624561
3.9602246,5.139427,13.071854
-7.5482664,8.078481,17.825935
-12.861476,8.67976,16.532213
-15.909799,4.06439,12.864828
-13.764688,-3.4981916,13.253048
-9.483961,0.99835587,18.431564
-0.16780901,6.0474806,20.187542
0.9169967,8.3136635,15.269838
-2.9432254,6.6628485,16.752518
-8.752317,2.1630344,15.282188
-13.79427,2.5430388,12.266338
-14.406497,0.4956472,11.131676
-10.932374,-0.23950386,14.07403
-3.9086676,-2.6525466,12.35057
-2.4653373,-0.584097,8.667416
0.37787127,-0.479219,9.311671
1.6122363,-1.1747,9.058459
0.2180891,-1.637713,9.945543
-0.5046513,-0.4944929,9.578069
-0.8965006,-1.6371143,8.987824
