yaw,pitch,roll
-27.704525,-12.583822,-17.296505
-30.746517,-16.115744,-20.04755
-30.396074,-13.405175,-17.085114
-29.879015,-15.974805,-17.444921
-32.504417,-16.210823,-20.05447
-23.574772,-16.84076,-20.388168
-13.755163,-19.147871,-21.305178
-20.605427,-12.984098,-16.495642
-33.352634,0.756176,-26.698795
-22.9851,1.3305798,-24.434797
-13.393139,0.053215504,-22.437077
-6.6551414,3.8287792,-22.148014
0.69488525,1.2439698,-17.206085
4.5913177,0.913949,-19.85278
-19.405708,1.7442245,-27.908287
-23.421635,-1.0573754,-25.651327
-18.584064,2.207366,-28.682459
-5.8926716,0.7635071,-24.609005
1.4187263,1.0449334,-19.35927
0.70730007,-0.031008005,-19.8334
-4.2484303,-3.4752798,-22.230537
-21.98324,1.0162344,-26.244457
-15.303435,0.78983593,-24.812897
-14.523844,-4.1581564,-22.005434
-0.8129884,-5.33533,-21.264069
-3.71668,2.129478,-23.410595
-0.96767974,-2.6074638,-18.874546
-8.323259,-3.1199703,-20.999527
-26.373499,-7.7833314,-18.63844
-24.7388,-4.166974,-23.61022
-18.519976,-9.388311,-20.611017
-15.369385,-6.758509,-19.078321
-11.501511,-15.551613,-20.752556
-7.3040533,-16.894936,-20.465303
-9.702492,-17.064024,-18.905602
-8.022261,-6.4498844,-20.242489
