yaw,pitch,roll
-18.372576,-4.487148,9.890084
-11.19072,-6.7488394,11.535475
-18.394424,-4.3873806,11.359923
-14.381683,-6.775846,11.356115
-15.41534,-5.282446,11.292618
-12.73261,-6.5806885,10.020954
-7.5418015,-9.765482,9.783829
-6.6098886,-8.299916,10.082338
-7.0830855,-8.719358,10.285671
-10.777451,-8.360283,9.417168
-7.5199823,-10.155685,10.084518
-8.399559,-9.738372,11.001141
-10.484276,-12.129984,8.779224
-9.490472,-11.491232,7.598318
-10.51823,-14.238012,7.611297
-11.428639,-13.301558,6.444638
-12.389898,-12.676924,7.5250235
-9.4981785,-14.701101,6.884033
-11.079302,-12.796432,6.694909
-12.065527,-12.380407,7.4911923
-10.711665,-12.016401,6.8950896
-10.916994,-15.372026,8.98917
-11.659624,-17.359058,9.668999
-14.855127,-10.23262,11.022714
-17.85279,-7.0662155,12.1923275
-9.790578,-4.589956,8.156488
18.299404,-9.060971,9.0574465
15.952994,-6.3823495,10.406808
4.0227942,-2.4754448,9.635701
-10.505911,-0.44539312,8.37676
-15.6322,-5.0295486,8.803318
-14.876951,-6.7153845,3.8585494
-16.910639,-3.531623,7.293972
-9.598871,-5.6414022,8.610428
3.3489017,-0.80106604,11.257853
1.3677691,-2.8206718,10.204102
-2.8575664,-1.7924855,8.247171
-5.677928,-6.0762744,8.178417
-12.081702,-7.174097,9.410566
-14.598255,-9.159092,9.850275
-8.685655,-2.6887245,7.2493105
-2.3680944,-2.650357,6.6848946
2.432129,-2.856904,7.3651247
1.2087029,-1.6221365,8.751169
-1.5123408,-4.176389,7.813311
-7.6637106,-7.1374187,9.0189905
-7.8138647,-8.010117,7.841913
-8.254593,-4.994266,7.529373
-4.4739275,-2.1885295,6.4973254
-1.4068103,-4.0591183,8.4029455
1.5762426,-2.6014147,7.9682026
-0.7963636,-1.5072426,9.91435
-6.066613,-6.182373,8.891423
-6.6934977,-6.825656,7.803837
-5.920426,-6.0239353,7.752678
-2.6128407,-5.4195404,10.0615225
0.03458643,-3.8475394,9.375532
1.864629,-3.0669246,10.678339
-1.1166816,-4.8179235,9.703004
0.65855074,-4.7354307,8.987072
-0.13528824,-4.904638,9.107718
-1.5677547,-4.3523493,10.183716
-1.0671334,-3.7994533,10.254957
0.1550684,-3.3939002,11.150631
0.5863037,-1.9876981,10.980688
-0.716043,-3.6582022,9.409737
-1.2178802,-4.0968533,9.823555
-2.1906314,-4.011243,9.217438
-1.6938477,-3.7830207,9.612333
-3.1465893,-3.119298,9.284566
-1.8090658,-3.4762635,9.822621
-2.2309167,-3.1166873,9.05764
-1.8521733,-2.6738336,10.4814415
-1.7154026,-2.2757347,10.712078
-1.300178,-3.8927336,9.771421
-1.9093494,-3.776338,10.382996
-2.4297318,-4.4997687,10.416063
-2.5534852,-3.3239646,10.455429
-2.2867157,-4.517356,10.521105
-1.2987452,-3.8133578,10.001248
-1.9133759,-4.097991,10.002846
-2.227164,-5.6297836,10.462464
-3.0126474,-5.2686996,10.091251
-3.1416354,-6.209804,10.502929
-4.8719215,-6.687685,9.039947
-6.5847387,-6.3182783,7.9197445
-4.5894895,-6.8954983,8.201628
-7.766396,-7.231799,9.224255
-6.8674836,-5.421263,9.767464
-4.4552374,-6.0064125,8.891611
