yaw,pitch,roll
-34.545227,-10.803696,-19.250431
-33.90508,-10.427308,-19.738098
-34.026367,-11.210493,-19.84116
-34.521496,-11.220608,-17.20963
-34.841427,-11.884255,-18.956627
-36.601013,-15.922409,-20.370714
-32.201454,-16.787468,-18.603329
-31.074661,-16.770454,-18.979568
-26.449123,-14.293991,-16.569204
-22.815357,-14.582709,-10.712003
-23.133886,-16.572262,-12.716347
-28.555073,-17.343758,-20.705387
-32.824493,-12.22295,-20.717648
-32.71608,-15.089119,-19.940422
-26.581898,-20.392853,-14.5299
-21.006939,-19.45191,-10.8249
-24.281578,-16.983135,-11.126644
-26.81913,-15.521465,-17.691414
-34.907284,-14.64596,-16.018791
-30.3142,-13.862608,-17.871252
-25.648672,-24.276253,-12.15819
-20.483118,-14.169353,-10.224538
-22.947573,-16.719658,-11.27792
-27.568703,-22.34143,-13.063961
-27.195139,-15.846972,-14.281484
-29.009518,-21.765022,-17.912172
-27.89706,-22.846533,-11.55959
-23.86018,-17.886433,-11.826555
-19.117428,-14.040693,-15.728655
-22.46959,-12.040306,-10.796601
-23.010252,-18.9926,-12.613921
-27.681469,-18.43762,-11.821001
-23.133196,-16.394056,-12.617546
-24.828587,-18.177956,-12.264618
-22.938677,-19.911434,-12.161373
-28.036175,-14.21088,-12.221368
