yaw,pitch,roll
5.641306,-8.428352,-5.0787935
7.9746637,-9.561731,-5.70422
6.778804,-8.4048195,-4.523205
7.4313736,-8.950425,-4.9814024
6.2605815,-11.129959,-4.6354747
6.1415453,-12.116947,-2.3204355
1.7716008,-11.649957,-3.3159142
-4.514969,-14.47611,-6.2390804
-10.263545,-17.278967,-8.355386
-12.612167,-18.70825,-8.718559
-8.222629,-17.379333,-8.10135
-7.1297607,-16.016586,-7.0317636
-8.540012,-15.456743,-7.8797703
-9.026986,-17.362846,-10.950352
-11.357377,-19.203106,-11.04804
-0.78016424,-17.0021,-13.329184
3.1298225,-18.214699,-10.708599
16.006264,-15.03353,-15.30545
2.8043933,-16.050014,-9.672619
3.5949874,-16.663527,-9.495839
-2.1923943,-21.437859,-12.884094
-4.986123,-15.788128,-13.2494335
-14.099947,-19.670044,-6.7905035
-17.043,-12.693535,-11.780823
-4.7359834,-15.035191,-11.00355
8.783909,-6.931447,-13.210012
5.6142464,-16.4944,-6.074014
8.396347,-17.621006,-10.293449
2.917463,-15.599625,-8.864415
-7.7568727,-12.53278,-7.0953
-2.5212934,-20.27891,-10.943634
-6.2557693,-18.24162,-10.290531
-0.6239238,-18.469988,-4.4332504
-0.9552306,-18.549454,-4.6876884
4.418577,-15.760586,-8.304682
3.069365,-11.766829,-7.850299
