yaw,pitch,roll
-11.923676,-12.11035,-2.4343379
-11.832928,-12.784174,-0.5178172
-9.9046755,-13.209393,-0.8105004
-11.7563715,-12.962827,-0.22778314
-11.314572,-12.073675,-1.7760962
-10.377361,-11.794609,-1.9941711
-11.084103,-9.057632,-2.739213
-15.44644,-12.475532,-2.1805713
-16.557465,-12.291117,-5.4927607
-19.126738,-8.915822,-5.356623
-13.575685,-8.78445,-2.1112761
-7.3499036,-10.444322,0.6722928
-6.222917,-10.607485,1.0848022
-11.4149885,-10.375685,1.5176623
-10.235121,-9.017275,0.54241526
-10.290785,-10.64358,2.438458
-11.470145,-10.648376,-2.4768233
-13.534193,-12.044296,-8.593979
-12.708271,-11.31068,-4.7569532
-5.2450356,-12.186399,-2.6346421
-7.029834,-11.366801,-2.4120207
-9.702144,-9.937624,-1.9159029
-8.429211,-12.242994,-0.8895983
-12.283146,-11.276953,-3.5009007
-13.011937,-10.70467,-5.0543966
-13.8675585,-12.702473,-6.6958466
-10.931946,-10.3097315,-3.7118115
-7.198525,-12.070302,-1.8052753
-12.731791,-12.508537,-3.9444814
-6.3327246,-11.220533,-0.7159526
-11.711821,-11.878867,-0.28018302
-13.40963,-10.826332,-3.9092917
-17.516777,-11.290285,-7.840955
-12.846666,-12.1245775,-5.681804
-7.2234306,-10.579166,-2.025439
-7.5816493,-12.17533,-2.0514553
