yaw,pitch,roll
-8.801095,-4.8050547,-26.103085
-10.645215,-6.029251,-25.671043
-14.067889,-8.116505,-22.212196
-10.159396,-6.423094,-22.77274
-12.284773,-7.749672,-26.257498
-12.598304,-4.9940376,-27.375748
-5.4115925,-6.4447174,-25.791367
-6.057183,-3.189881,-24.687016
-4.423068,-6.8846855,-24.848978
-14.527631,-7.0236797,-22.225153
-14.374816,-12.885672,-26.062435
-18.270092,-18.493912,-16.458664
-24.50728,-10.536542,-16.05484
-39.51397,-0.74463475,-14.466986
-50.776985,-1.4951394,-12.162525
-38.609917,-4.25414,-15.525922
-23.3313,-21.358683,-14.3354025
-4.723242,-10.612193,-19.899137
6.6200733,-7.6644897,-26.711414
4.2829795,-11.085809,-23.358356
-8.137568,-16.768501,-20.136272
-26.663097,-9.621103,-16.588652
-38.56877,-0.17899865,-15.3476715
-50.273838,2.386393,-9.185476
-39.234406,-3.8198402,-17.23167
-31.519444,-14.215018,-11.050203
-8.193671,-15.834024,-15.649143
6.5014997,-11.561714,-26.668694
3.992366,-6.2522545,-26.8886
0.104500175,-10.476793,-22.240688
-12.35796,-20.468594,-14.819518
-35.458813,-11.030899,-10.466164
-38.85643,-2.7456694,-15.105625
-44.016045,-3.1783242,-10.182562
-37.32325,-11.865648,-13.320381
-30.701916,-21.369461,-11.115945
