yaw,pitch,roll
5.282791,-4.258245,10.950184
4.937527,-4.951169,9.627958
6.2442265,-5.0192466,10.377893
5.4152985,-4.3566637,9.254459
4.0084586,-6.5819445,7.698498
0.14885879,-6.1759825,7.709158
-1.6266407,-3.862554,8.493874
-7.093805,-5.466184,9.129189
-13.914827,-9.759981,2.293968
-1.3310119,-2.3526616,9.194666
5.253671,0.8094343,9.850856
11.3553095,-1.8467944,6.8486376
6.9492617,-2.6795835,7.4329534
2.0133054,-3.9491024,5.438033
-2.7897868,-4.7946916,3.67673
3.5251405,0.89615154,6.3799906
12.988304,-0.13432288,7.038414
7.5168686,-2.8513207,8.356066
1.6322416,-1.3208765,7.1554594
-0.498837,-2.7924285,7.2752485
5.7137203,-3.0132778,8.756233
5.4374366,-4.099277,6.038175
4.922151,-1.9873446,6.1154304
2.243685,-4.8683734,4.3490067
2.440063,-5.416034,4.317002
2.4503226,-5.0215144,3.7699566
1.7408776,-5.631979,3.8105497
2.7587175,-4.950909,3.8398976
1.5205556,-5.723819,3.7451081
1.3548912,-5.6108317,4.6467295
2.653391,-6.200723,4.0541487
2.2632394,-5.1903214,3.5418353
2.5337586,-5.703312,3.5497181
1.4104086,-6.839746,3.865057
1.7800962,-5.3624125,4.562765
2.233376,-6.732131,4.7788506
