yaw,pitch,roll
-1.9148653,-7.998084,4.35912
-4.0217457,-6.4755974,3.4258065
0.031368494,-7.2536063,0.6157479
0.019940376,-7.561892,1.233228
-1.9789143,-8.317449,3.6370666
-0.57890093,-8.429987,3.0382915
-0.09958792,-7.4600635,2.0683162
-0.5362467,-6.9513993,2.2389643
1.3165927,-9.374451,3.9402199
-0.4111104,-9.801319,3.1494112
-1.7986863,-8.933579,2.969891
-1.4702541,-9.908838,3.7033706
1.2056268,-9.589218,3.9116611
-0.7084952,-10.844517,3.3438194
-4.708048,-13.918388,4.239796
-5.660221,-14.070742,3.3478665
5.9014053,-6.090826,0.93526614
2.1791043,-6.1715555,-2.4249632
4.619746,-6.27232,-3.0535898
3.9757755,-8.22357,-0.96398973
4.76441,-11.933256,6.386247
4.537418,-4.756552,3.7173176
1.9758339,-2.4048688,-4.012643
-15.331215,0.44450426,3.3022466
-24.635597,-7.3420296,1.7115405
-24.071714,-0.9074111,3.8921309
-8.732817,2.110223,1.6361189
19.829472,1.7745876,8.282597
22.66753,6.5602336,8.612543
1.9176111,-0.34828013,10.814693
-17.110062,-0.26820028,7.219174
-20.908848,2.4357738,1.6458871
-15.729903,7.1877303,5.19187
-5.4757466,7.828089,0.13570803
13.293779,12.489297,13.289619
36.99343,3.45434,6.2460623
19.187185,11.5703945,15.655334
3.722397,6.030752,6.234564
-2.0625877,5.7251697,2.007553
-9.60913,2.0464036,5.462742
9.265131,16.372272,6.686001
27.694202,13.21296,-0.50234604
26.696117,17.324863,3.931419
17.114681,16.24569,2.9644675
1.5339413,3.4995015,5.4732103
-15.271202,-0.16339803,0.79808855
-12.554012,0.4157673,-10.099329
-7.9174013,-0.17467451,-1.2130766
8.8338785,-4.687402,-3.1806252
16.3935,-4.530186,-3.8862925
0.15571809,-11.31801,-7.4586844
1.7250614,-0.69521725,-11.128559
4.760184,-7.145302,-12.946569
8.540705,-11.009274,-8.905154
12.494217,-11.157078,-9.272085
13.548672,-10.785135,-12.33875
18.547312,-7.8435187,-8.561303
10.333976,-12.98222,-9.437508
6.969761,-11.090547,-8.929138
9.852808,-11.12729,-10.224342
10.983748,-11.529343,-10.110368
15.285519,-9.730614,-10.383537
14.645649,-10.697046,-10.576555
12.921084,-12.303753,-9.627531
13.388552,-12.610258,-10.611009
15.4730425,-9.863434,-8.434564
10.512005,-13.611019,-6.6007853
9.324575,-20.088846,-15.519306
16.136562,-15.836828,-12.23022
-1.7483058,-18.020908,-6.185034
12.410152,-14.493956,-5.5911145
15.401391,-14.3272915,-5.237977
20.016396,-14.132395,-5.278053
18.028812,-13.277616,-7.4929543
14.292371,-13.625301,-4.155879
14.521689,-11.891373,-10.480357
12.306364,-13.076897,-7.8194265
20.329132,-8.318287,-9.6643715
16.325731,-11.2063875,-8.473418
19.10033,-11.7407055,-12.174664
20.011456,-10.114304,-10.266274
18.77028,-8.684914,-10.358495
24.170048,-8.900597,-9.553988
21.598967,-10.566251,-11.275953
24.753048,-8.9400835,-8.666371
19.799326,-12.549346,-13.003882
19.68074,-14.078489,-13.218704
18.492186,-12.825049,-12.8189535
16.713902,-14.270689,-12.864582
14.391879,-12.852566,-12.537326
