yaw,pitch,roll
-10.864267,-8.624668,0.5568718
-11.463856,-9.000511,-3.3450234
-11.069554,-9.045341,-2.9702463
-10.8075,-9.251273,-2.565719
-11.34311,-9.330189,-3.711926
-10.770843,-7.5693774,-0.48534298
-11.11364,-7.359025,-2.1886287
-9.206022,-8.70119,-3.2199464
-3.1064663,-8.464776,2.730125
-8.66388,-8.780105,-3.8245332
-2.3627903,-8.391321,-0.8390026
-8.094641,-10.045498,-4.6988916
-8.7972145,-9.327549,-4.0706005
-6.433847,-7.831541,-4.6906853
-6.253927,-6.813511,-5.3327737
-8.137646,-5.595012,-3.198429
-5.1765614,-6.1994123,-2.1712236
-12.706681,-5.32399,-5.3015738
-12.989374,-6.0836782,-4.837267
-12.702685,-6.7214394,-2.7125573
-6.920277,-3.4258623,-3.952763
-3.2449622,-9.47109,0.4460616
1.4877117,-4.352463,0.65429986
-2.9178822,-5.426433,1.816669
-7.003923,-8.049499,-1.253321
-8.699295,-6.159666,2.9512396
-10.808715,-9.099577,-0.26336485
-10.82276,-8.424931,3.1428998
-3.9180996,-8.024588,1.8276737
-0.44952106,-8.301783,-0.1107465
0.05091381,-7.2370687,3.919703
-6.9679728,-8.985977,2.5205097
-9.859726,-7.3376226,0.9405918
-9.535736,-7.9840593,-0.22736824
-7.8586974,-10.723562,-1.5936525
-4.628296,-6.8839755,0.09541249
-10.413496,-8.317771,1.6166096
-7.3671203,-5.931094,2.6990993
-10.519217,-7.5126233,1.5818105
-7.1587667,-8.251413,6.018296
-9.272474,-7.9113655,3.3842788
-3.852261,-8.30481,5.252299
-11.101491,-6.8286767,1.9751816
-10.5341,-8.471392,2.2222085
-10.081843,-5.0152874,4.4864106
-12.167058,-5.477005,0.63469934
-10.375744,-5.935276,3.2546282
-13.575584,-6.526255,1.4171867
-13.661006,-6.1181173,0.98358464
-14.002689,-6.42092,-0.64482
-11.250295,-5.6780624,0.42504314
-13.758419,-6.982147,4.640467
-12.745163,-7.202695,4.3516126
-12.533712,-6.385433,1.1999066
-12.857518,-7.552422,1.9558516
-13.487793,-6.8332577,2.04429
-13.103121,-6.42651,-0.22784446
-10.711715,-7.5794544,1.0745895
-12.46758,-6.9748154,1.8015949
-12.335991,-7.395727,0.7112858
-12.15294,-7.874694,1.0525233
-11.777674,-7.2374444,0.61432904
-14.311698,-8.909009,0.12722096
-11.505844,-8.338302,1.4227177
-12.900362,-8.518059,-0.05075173
-11.264983,-8.159062,1.1191114
-10.832579,-8.776583,2.3040361
-9.391791,-11.7145405,2.202146
-8.207072,-11.541749,2.1984894
-6.8748274,-12.182227,3.586452
-7.4573526,-10.915541,1.2536415
-7.7279606,-11.192011,-0.65938336
-8.55082,-11.671505,1.1657968
-7.7337065,-11.814504,1.0238509
-8.856498,-12.218759,-0.059828818
-6.474139,-10.953793,1.6848145
-9.450383,-11.662621,1.2445998
-10.563358,-12.2206745,1.6174221
-8.644054,-11.272676,1.432292
-6.590642,-11.542142,0.8769503
-5.074603,-9.76552,-0.71141285
-9.321236,-11.662527,1.1152098
-9.11038,-11.169422,2.611477
-12.607482,-7.2552323,-3.0183673
-11.9113245,-7.8177752,-3.1296825
-12.89686,-9.658498,-1.3693604
-14.849037,-10.06889,-4.241457
-13.842928,-9.31153,-1.74065
-15.471369,-8.540649,-2.0200648
-10.545306,-6.92632,-2.629272
