yaw,pitch,roll
6.7012,-3.0408268,8.513573
7.5373483,-5.354023,9.860991
7.1819806,-3.643864,9.058715
7.486095,-5.2255034,10.343087
-0.40316212,-7.364151,10.504483
3.1512375,-7.9258227,7.428567
5.3776083,-7.577383,8.5195265
3.710027,-3.253214,7.855491
22.018353,-1.6404285,2.7152987
14.542241,-6.0877857,6.7023892
4.586871,-11.623804,0.43671215
5.9398017,-8.585921,1.6576772
8.355827,-10.723634,0.2603045
17.836258,-5.331115,5.3701787
10.122638,-6.221891,4.5405383
6.2695036,-8.209648,0.6614219
6.5595007,-6.174428,1.7805591
3.2666185,-9.653858,1.9740086
16.274334,-2.1728263,5.4709435
13.514866,-7.2061014,4.4686794
8.9528475,-4.9403315,2.6754222
10.534996,-5.1155295,0.80725455
7.674756,-4.9720774,2.2437158
14.6127405,-3.52688,4.036204
22.6093,-4.546053,4.145235
10.430674,-4.9352236,7.5513034
9.072732,-3.0734348,4.6971006
10.0606,-4.0433865,3.8340302
6.629565,-6.212186,2.227952
5.5319614,-3.2078652,4.560796
8.225874,-2.7856193,8.058579
10.615831,-3.763361,7.932261
8.094708,-4.2531695,6.894034
5.1749744,-4.717165,5.862561
5.417645,-4.7928,4.914192
8.52121,-2.4668949,6.627078
