yaw,pitch,roll
-2.0486355,-13.011486,-3.5400372
-2.4007883,-11.994363,-0.7387233
-1.6276293,-10.424173,0.26480442
-4.2155304,-11.500082,0.78019065
-7.162988,-11.1953745,1.3105875
-1.9887753,-10.283467,4.8863096
-2.5512345,-14.008997,5.771924
0.13863969,-12.05471,3.6234615
1.8080955,-11.232266,5.1941357
1.9288003,-12.606552,4.245978
2.0919323,-11.7016945,4.9610724
0.3469926,-9.970975,6.9231367
-2.616429,-12.116759,7.7665777
-2.8230295,-11.910033,5.9169955
-3.3564765,-13.014711,5.6818037
2.7823186,-5.695788,2.3541036
19.40607,-6.2156386,5.0259266
16.549706,-8.268324,5.1976056
12.753127,-4.5185204,2.8421369
7.234003,-5.4056344,3.2221859
5.576539,-6.738741,6.4582005
6.0503263,-6.3778763,5.6416974
13.622021,-7.9214115,6.6889563
16.880104,-8.320774,8.273669
9.629797,-7.379934,6.356642
-0.3428598,-8.288005,3.7554715
1.3136798,-10.233182,4.2258663
-0.63409936,-9.308472,2.7385623
3.1049082,-10.133728,2.9268682
2.0343335,-8.065235,4.010006
6.7054176,-7.6766744,2.5997944
6.782519,-10.508407,2.0444338
1.4875622,-9.894877,2.6512144
3.0600195,-7.8931885,4.3423624
3.1037896,-9.845865,-0.6998066
6.268108,-8.087262,0.6001005
