yaw,pitch,roll
11.714879,-7.1405663,7.44975
13.931768,-7.8354034,7.301085
10.597145,-8.1724205,9.075061
10.589712,-7.983195,8.473903
12.504873,-8.4398575,9.028568
12.092842,-8.989506,8.7584095
10.981924,-8.331824,7.607611
15.58862,-9.441479,7.2717724
12.496281,-3.9123542,9.889101
6.750405,-3.5370927,5.7361097
6.4676743,-4.6344366,3.8255405
10.027354,-0.41158772,1.2613223
2.7030783,4.237953,4.1999693
1.3444233,8.4518585,2.8434646
-13.921326,6.53147,-13.399765
-31.475185,5.6658754,-15.860358
-57.545715,3.018806,-18.54607
-31.680927,-5.394863,-16.05265
-11.232061,-6.0764465,-14.282927
-7.8054776,-4.1273212,-12.710509
-40.079628,-5.9929705,-13.188053
-43.17971,10.35312,-12.532099
-46.207897,-0.9906492,-13.483209
-1.9026232,-0.8243995,-13.018842
-2.4955215,-8.811152,-14.723954
-5.2513976,-4.5694904,-17.330753
-36.3288,6.429386,-7.3179474
-25.63168,4.8403273,-18.519547
-15.118178,-3.4153776,-18.42887
1.5792626,-1.2518933,-16.199005
11.750471,-1.1680746,-16.790657
0.6960857,5.018655,-16.131912
-13.45923,-0.65487456,-18.480003
-22.745384,-0.6655357,-15.380772
-9.302134,-10.582824,-16.879356
1.5039985,-4.6618476,-12.290768
