yaw,pitch,roll
12.986353,-8.007346,-8.239709
10.843525,-7.4295163,-7.8456473
13.040916,-8.801282,-8.636832
9.503365,-8.551705,-6.1761117
9.667374,-6.4961715,-8.655582
10.305989,-8.880602,-7.6702614
11.515038,-15.003193,-5.1982017
1.1210452,-14.658421,-13.931723
2.801876,-11.455046,-15.882349
1.4873645,-11.60923,-18.586483
-1.5456601,-13.788111,-9.079713
-8.144832,-13.592986,-5.580958
-1.273551,-16.693453,-13.101028
-16.428482,-12.176663,-11.945932
-10.256327,-14.025264,-8.304428
-5.2140245,-15.312049,-5.9435883
-16.763079,-11.458567,-5.64359
-10.046562,-18.161526,-4.7414646
-15.370226,-7.476477,-11.796415
-8.116829,-14.349981,-10.368113
-11.486959,-19.312796,-5.3161755
-6.9862833,-5.5567427,-3.1272626
-10.282301,-18.773153,-5.610857
-10.4872675,-12.370404,-3.5434637
-16.75287,-7.6725016,-7.9586096
-5.4304414,-17.633873,-6.6881804
-9.531166,-10.445595,-4.1756434
-15.840343,-16.891008,-5.162963
-16.100267,-12.605358,-5.77137
-29.804987,-6.6918163,-6.7315774
-18.305477,-17.0517,-6.965008
-15.479851,-11.894358,-5.4472885
-26.795753,-7.5900035,-6.0013556
-19.257078,-13.320566,-2.4501338
-26.250998,-5.3699965,-10.313435
-21.37389,-13.899613,-3.9283385
