yaw,pitch,roll
-9.5622425,-15.314125,-6.6997995
-19.364897,-5.215845,-8.799909
-12.287942,-6.2197638,-5.32636
-19.808905,-5.7450385,-8.588534
-15.159069,-5.7807193,-9.13596
-11.003575,0.12990427,-10.548357
-8.121589,-2.364054,-6.0185733
-13.119946,-8.033312,-2.2703755
-14.156383,-9.7452545,-8.138679
-36.68535,-6.1531944,-6.255227
-44.964333,1.9704443,-4.482667
-49.70266,-1.2659736,-3.5677862
-22.200726,-10.844004,-12.20584
-28.636059,-9.939991,-1.0984082
-13.503101,-6.121978,-8.367057
-38.823826,-2.043538,-7.6558514
-46.01503,-7.2967615,-6.5638094
-14.897362,-7.022724,-7.2590714
-25.797525,-4.894676,-3.6863408
-34.750206,-8.793641,-5.1110697
-42.47838,-6.1032715,-6.881026
-42.15495,-13.107318,-3.5795753
-17.449413,-14.309793,-3.8762963
-17.799774,-11.261375,-1.846204
-34.197975,-6.8437233,-1.8501031
-38.177788,-1.6592264,-5.321745
-33.077477,-5.861235,-4.2510543
-10.192835,-3.4202292,-4.563094
2.962668,-2.2088466,-0.5605427
14.221582,-5.0289717,-10.344827
9.986151,-3.4348989,-11.369552
10.894325,-1.7081242,-10.247207
10.647131,-5.4874177,-9.758601
15.789772,-6.482326,-8.988545
7.5801296,-8.956955,-8.875937
12.876224,-9.1407995,-5.434319
