yaw,pitch,roll
0.15411997,-12.866983,-2.199009
-0.014169216,-11.8614025,-4.3374987
5.1953526,-12.773293,-6.047792
7.2670364,-10.907528,-4.9066997
7.6149974,-9.870792,-5.473045
6.773381,-10.052147,-4.311878
8.775534,-10.4709,-5.8454866
7.196421,-11.556174,-5.785963
7.584324,-12.028526,-8.076926
8.877739,-11.51457,-6.0171432
8.880464,-10.71759,-6.4469595
9.833439,-10.356398,-6.5147576
7.32197,-10.92244,-6.1836205
6.0828676,-11.081442,-5.500456
-0.43909955,-10.369065,-3.749422
-2.8748512,-14.066645,-3.4274378
5.0535736,-8.853236,-2.5405517
-10.308577,-13.682128,-1.7250288
-1.8951731,-12.6016865,-1.8477908
-7.690876,-15.658725,-2.7439303
0.54844457,-18.203375,-7.8657885
0.9483576,-13.365274,3.3150496
-8.551634,-13.559766,-5.165034
-10.903902,-17.686401,0.06589687
-6.39658,-22.72541,-2.8742752
-0.31092125,-13.45447,-0.43553063
-0.9778577,-17.141201,0.56166935
-1.8304325,-13.864764,-4.446483
-3.6231616,-12.169399,-1.681673
-1.1630025,-16.713154,-5.89228
3.3667846,-12.088557,-1.347944
-1.8743508,-13.492186,-2.9620385
-0.31044102,-11.75968,-3.8745484
2.1135464,-12.242196,0.12963974
1.2618334,-11.796306,-2.9182906
7.9771442,-7.267645,-0.5940115
7.1368265,-9.220928,0.053970143
7.2595067,-12.63107,-0.063651085
4.0043373,-11.929127,-1.4941789
5.189282,-9.663429,-0.70151216
5.6133184,-10.133854,-1.6656566
7.1818876,-10.27926,-1.5269831
8.457207,-11.625711,-1.8101162
6.4656925,-11.775291,-1.3757012
7.2566905,-11.243545,-2.610728
6.922324,-11.586196,-2.2925105
6.835903,-10.819757,-2.6078856
7.9791675,-10.769358,-3.8285432
5.8550262,-10.540718,-0.9663891
8.010049,-7.302842,-4.3865714
6.680901,-10.690643,-1.7667179
5.0386105,-10.775978,-2.6076097
6.357854,-11.99861,-2.825707
5.7867994,-12.030847,-1.1990728
5.257149,-9.195927,-4.1168065
4.486683,-11.01512,-3.2525642
5.0413055,-11.260111,-2.7951348
4.515359,-10.096668,-3.2242324
4.409741,-10.746936,-2.667768
5.473218,-11.864729,-2.4907076
4.717841,-11.041368,-3.472283
5.8505974,-10.529427,-2.823702
7.779246,-7.9765263,-2.1226532
6.2762437,-9.107866,-2.8082683
5.9773307,-11.303917,-1.7989933
3.7168846,-11.966806,-3.2250326
5.054613,-10.160621,-2.716278
2.7146707,-9.735819,-1.9814336
5.990228,-9.253483,0.07920706
6.973576,-9.580944,-3.8790774
10.010511,-9.603358,-2.8194275
8.420105,-12.332991,-1.6661128
7.686405,-13.143337,-2.0023067
5.9855824,-9.928326,-5.881941
8.469022,-13.014336,-2.0278137
14.882767,-11.219605,-4.0039515
8.365712,-13.066559,-2.4166293
7.177154,-14.146423,-4.405312
9.716867,-10.9699745,-2.7871418
9.458523,-10.227489,-2.7051706
11.080512,-10.238158,-4.6754503
7.793526,-11.015363,-2.1211286
6.8186264,-12.375128,-4.4164133
7.4272447,-10.284451,-3.676523
6.133202,-10.522202,-2.747898
9.482724,-10.823136,-4.7943945
10.8888645,-9.7348385,-2.9331138
6.4012003,-11.822079,-5.180235
7.369752,-11.837107,-3.2684884
6.5150805,-10.488081,-3.6855116
