yaw,pitch,roll
-10.081338,1.1018611,-19.835428
-14.048954,1.0314496,-20.244593
-12.775356,-0.24919808,-19.451963
-10.345831,1.0508208,-20.324764
-18.336605,-0.3873154,-20.121635
-18.06195,0.2230035,-20.943047
-17.575272,-0.8613285,-21.280226
-15.24084,-2.7321842,-17.753065
-8.4723425,-3.7887053,-19.305256
-4.08571,-5.9013386,-18.854424
3.8908243,-6.578607,-18.02026
6.4214735,-11.30681,-14.350378
7.2126255,-6.544821,-15.061367
9.409375,-4.8918605,-5.7439075
13.720736,-2.751281,-7.9600134
14.242146,-3.7154646,-7.2022915
14.551293,-6.7659464,-7.2596064
13.94347,-5.6794477,-9.975687
4.694512,-10.062426,-14.771865
-3.4638245,-10.856227,-14.008037
-15.138535,-7.37282,-16.900925
-39.589287,1.2406104,-12.802921
-40.924805,2.6755917,-17.97223
-47.328403,7.5518246,-19.569487
-55.51744,12.1799965,-18.438099
-46.143585,10.67697,-19.98309
-43.959595,6.635394,-16.560507
-38.95234,-4.09762,-14.456744
-32.63017,-6.4971304,-18.956404
-15.865704,-17.27979,-15.200603
-2.055934,-16.768412,-16.772614
0.560219,-13.816643,-12.411432
8.680202,-9.232426,-14.716399
14.464075,-12.060752,-11.536603
19.436756,-10.0707855,-10.966349
10.761616,-9.835318,-10.042062
