yaw,pitch,roll
-34.855446,-4.131395,-19.512896
-58.054016,1.091141,-5.2780023
-56.994156,-0.8621502,-10.392887
-63.363937,-11.449048,-3.5256374
-55.834183,-15.791824,-10.921858
-53.086163,-16.911602,-4.227474
-28.410414,-22.346298,-11.59862
-0.68170214,-17.129824,-20.943546
3.9887552,-16.372452,-18.069174
-6.713516,-16.231113,-21.930756
-20.7696,-14.714358,-18.744804
-24.690338,-7.268284,-20.218287
-34.301327,-1.5623006,-21.457523
-35.59246,-2.3305938,-19.676855
-34.173744,-8.873512,-15.740502
-21.190655,-11.284547,-16.238174
0.16995645,-13.555653,-16.693146
13.513718,-1.6766635,-17.258944
25.463757,-0.83742905,-14.160358
22.716957,-0.6648359,-16.642475
1.7942343,-8.385286,-22.76138
-10.366074,-9.193644,-15.389256
-23.845028,-6.803609,-19.246552
-28.654806,-1.7451504,-18.181082
-28.58152,-0.42208216,-17.904663
-20.998379,-5.2336464,-17.942303
-14.152454,-5.089202,-17.832607
2.1821997,-1.2119431,-20.63079
7.0049677,-3.5010688,-15.388628
9.666782,-1.4404511,-7.4636903
3.9113572,-3.1216655,-9.2521305
-2.2604873,-5.402789,-11.76433
-17.260487,-9.490071,-14.079114
-29.166914,-3.7570307,-16.666653
-35.170784,-4.035467,-14.399773
-28.923336,-6.2752438,-13.5394745
