yaw,pitch,roll
-11.565496,4.58577,-22.96915
-19.311441,5.0904527,-25.702885
-26.88514,0.6986843,-26.756264
-26.949623,0.043602586,-26.69
-41.48118,6.91337,-29.21221
-53.55478,11.113773,-26.400122
-52.90389,12.977667,-23.330818
-29.887571,-2.6697996,-29.707123
-14.634273,-12.686909,-25.85927
5.2839823,-10.168218,-23.470436
10.353089,-7.455059,-24.002693
7.7670617,-9.871129,-27.51413
-35.90253,-2.9425368,-27.000284
-49.938118,9.125281,-27.420895
-45.93202,6.766408,-26.444004
-22.43275,-12.019651,-25.813408
3.5083523,-9.607468,-24.906723
5.4421725,-8.894928,-29.020031
-13.809594,-11.507024,-26.527876
-39.646614,-5.2602973,-20.071968
-34.73752,6.6073346,-29.437119
-41.752087,5.7715034,-26.31559
-31.934994,5.761306,-25.51963
-21.180561,-10.57793,-25.72775
-0.21478128,-9.572633,-23.609112
0.71731097,-10.069967,-24.68568
2.951922,-6.4609337,-26.657581
-0.44108844,-5.6526814,-26.666395
-16.29137,-2.6267822,-22.528807
-21.918549,-0.6708696,-24.104542
-27.343136,4.5047154,-27.268494
-28.581938,4.1707063,-26.000292
-23.109856,-0.38441122,-22.12835
-15.054855,-1.2648699,-22.685928
-2.6503758,-3.9362087,-22.455334
-2.4858944,-4.9815493,-21.593792
