yaw,pitch,roll
12.802889,-5.7767687,-3.1210666
16.047245,-3.9632854,-7.1360846
14.383423,0.076916575,-5.741296
10.238123,0.3327322,-7.6627035
12.26143,-2.1009984,-6.7023206
8.444706,-3.6591651,-1.4410132
10.053506,-5.096327,-3.1156049
10.908543,-3.4638166,-3.400372
11.039274,-3.9392192,-2.4831905
9.744554,-5.1437597,0.8480896
10.790434,-7.328598,0.16124356
8.378535,-9.654073,-1.8822119
8.5076275,-5.3578496,-1.8014277
7.764353,-5.816886,-3.4333146
9.496494,-5.1267924,-3.6818328
-9.559422,-5.5269237,2.1918585
-5.4550214,-3.2540205,-2.6080122
-0.14231086,-5.552127,-2.7313218
-5.1129885,-9.023371,2.1865833
-1.6324178,-4.4408464,-1.4804169
10.760266,-5.9993677,2.8696795
-3.1172688,-4.4852343,4.514966
-10.466784,-8.601656,7.58553
2.2909422,-7.8967853,3.987657
-2.1079116,-7.8570065,3.4009054
-5.500882,-4.0084996,6.10174
5.030687,-4.8700247,2.5782647
7.9220877,-7.378991,3.830505
-0.92727995,-2.6213417,5.040933
-4.095905,-6.484437,2.2668202
4.5092564,-0.8744506,0.117356084
-1.0796899,-4.9533014,5.766105
1.7393584,-2.981631,3.0561132
9.465598,-3.551441,2.8578444
0.060526133,-3.4762204,2.6876686
-1.5915728,-3.9366636,3.1306722
3.3758564,-4.1949716,2.6065586
3.2596722,-3.1110988,1.4210346
0.9508828,-3.0454025,2.9984047
2.221962,-2.109182,2.2256336
3.2946424,-1.1026208,1.8386832
1.8826444,0.9761671,1.61815
2.7705586,-1.3736947,3.2161002
4.2797723,0.45185345,5.1719007
3.8019507,-1.0805697,5.1960077
6.479831,0.6331558,4.9511957
5.0113688,0.23397957,4.774883
5.9225197,-0.6777364,3.9328697
5.750195,-1.960608,3.614286
2.6345687,-2.5471983,3.2824478
1.134305,-0.7769191,5.64141
0.09507215,-2.6699145,3.671651
4.00546,-1.2231597,4.0069537
2.522828,0.3082102,4.902132
1.9236436,0.88151157,3.1671088
4.323498,-1.1260424,3.440302
0.65779614,-3.367014,1.6408384
0.3709923,-2.6934655,2.001446
1.0521171,-5.0290556,3.3846228
3.228631,-4.9941397,5.4724145
0.2952897,-3.7605162,5.0020247
-0.83678854,-2.3440547,2.9514275
0.23011279,-1.7192128,2.4893222
-1.4808533,-1.3165494,2.933053
-0.7178016,-4.0326247,1.644425
-1.2446066,-2.4465616,4.844463
-0.82865834,-1.42922,4.279786
1.917277,-3.3790123,1.6828736
-0.98095983,-4.1228666,2.4667995
2.1541445,-2.1179042,1.5535717
4.294658,-0.526741,-1.5484433
-2.0887024,-1.8726064,2.5656738
7.4038143,1.198542,3.0187814
4.3995423,-0.21577528,5.9021916
3.4497771,-3.3690665,3.9946148
3.8229587,0.7160009,0.088694766
3.259111,3.0399475,-3.1497273
2.1025782,-0.10122895,-0.6533648
-0.08436495,-1.7138736,1.4379393
3.0498133,0.06527126,-0.401301
4.1391187,2.8814754,2.7426789
8.072047,-1.1720892,-1.1593745
9.430282,-6.50985,-7.3304987
12.961145,-10.012342,-5.9612017
9.199771,-7.591948,-5.486992
10.936648,-5.047218,-5.997341
11.492403,-5.661017,-2.93219
10.733271,-4.643972,1.5992725
10.102317,-5.939139,-1.3388424
13.512705,-7.8186445,-2.5259814
