yaw,pitch,roll
17.625994,-0.96752214,3.268762
17.793922,-3.1502163,2.4458327
21.956308,-5.36547,1.1887963
19.26171,-4.1600065,5.9983263
20.26796,-5.676245,5.270162
19.385893,-4.923355,4.55651
6.638712,-4.8971133,-2.6744034
9.596772,-8.013043,-3.4859467
12.889198,-5.917204,-3.5949209
13.820492,-3.3779213,2.1863294
17.210915,-3.3174596,2.6057181
10.173564,-5.0509224,3.6729345
10.696987,-7.858562,-2.481761
-0.23335028,-8.069328,-2.5277338
12.033521,-5.193079,-4.708074
15.535683,-5.634947,2.3248453
10.845428,-2.2324004,1.4103513
8.311809,-6.07383,1.7314577
6.750516,-5.6758432,-2.761877
6.9491267,-1.7170918,0.8381164
2.131877,-5.6440187,-0.7244457
10.828002,-5.537825,1.6473358
14.504375,-3.2334023,5.2352333
14.725738,-7.3460283,3.6050754
14.274062,-4.9706864,0.8567615
10.933619,-9.074512,-1.2570479
14.746717,-1.291769,2.9050074
13.179325,-3.1409178,3.9956238
9.472491,-3.8745165,1.0721694
4.9994054,-8.928129,1.2272711
-7.531043,-4.957985,0.3279249
1.4201931,-0.3768568,-1.376198
10.147488,-3.3613958,0.56736803
13.080278,-1.5391607,1.2771243
12.097297,1.1030574,5.05933
7.1766214,-2.5088816,2.9483423
