yaw,pitch,roll
-11.909996,-11.034763,9.800562
-13.345122,-8.64344,13.3376465
-13.559456,-7.142992,11.32826
-14.632845,-5.2394857,10.416563
-13.200687,-8.114632,8.202338
-15.632231,-6.2491875,4.094448
-8.581818,-8.603717,2.9915268
-14.402026,-11.844313,3.1253736
-17.689878,-14.406164,-1.906815
-33.89307,-4.6351213,-1.1568925
-33.301643,-0.39757615,-9.863719
-50.682343,3.0211418,-7.5829473
-64.95676,-0.50470424,-7.133679
-32.12644,-13.116499,-9.680077
-26.728962,-15.883891,-12.405726
-57.828133,-21.211033,-0.9815581
-56.923485,-14.443091,-6.1059756
-49.070145,-15.285207,-10.262428
-38.05912,-13.957185,-6.928536
-58.35027,-13.877783,-3.3950171
-56.69541,-12.62829,-13.351063
-57.077194,-5.5943837,-16.385538
-43.717834,-15.267468,-8.529718
-38.134216,-14.327869,-11.759533
-58.840775,-15.753557,-4.7253056
-55.79401,-11.357285,-8.714558
-54.160015,-12.937723,-14.245017
-38.07518,-18.041662,-8.138321
-34.54134,-18.039352,-9.155729
-44.893562,-16.565361,-7.845066
-48.42695,-5.599373,-11.416067
-42.443916,-14.959742,-11.230852
-38.273743,-15.530611,-6.3024
-33.72643,-15.535949,-4.5737243
-33.42463,-17.126003,-4.1071906
-32.527916,-18.060696,-6.839151
