yaw,pitch,roll
-0.17548501,-5.7888165,2.3553567
2.4214048,-4.477508,3.6136718
0.05867803,-2.5631223,3.4057245
1.8182113,-2.807148,3.3629088
-0.5340755,-4.3587894,4.588805
-1.2693907,-5.1937523,2.8381371
-3.1219954,-4.357436,1.4578607
-5.7303286,-5.2565165,0.28308547
-4.777507,-3.9956443,0.6056903
-2.452482,-3.6078358,-0.099065125
-1.3241793,-3.6677895,3.2454321
-1.9612215,-4.6200137,1.6096275
-7.4981623,-6.6520753,3.7522383
-12.752102,-10.539622,-2.646245
-8.200222,-5.898078,-5.917184
-0.2824421,-11.5355,-0.9224174
-1.5201643,-6.847327,4.333434
-16.839478,-5.0774593,-3.2396877
-14.568626,-6.0823565,-9.123123
-14.147434,-10.100397,-6.7348704
-8.515971,-15.074377,-1.341325
1.5450063,-7.21085,5.216716
-7.443387,-11.972164,4.048439
-9.274096,-8.297077,-1.675439
-4.62136,-7.3823833,-3.7937503
-7.014847,-8.595282,-3.9212117
-5.2350636,-11.08865,-0.45336628
-1.7642953,-8.579618,3.2708037
2.6745014,-4.900401,2.1702597
-4.236204,-5.4256897,4.1406384
-8.749997,-11.755024,1.1963725
-8.942456,-6.016823,-3.394505
-2.7380805,-5.6405015,-3.5807118
-8.44634,-8.137398,-2.3440669
-5.47827,-9.027288,-2.7068255
0.46765447,-5.181607,4.303252
3.0864499,-3.959039,3.1500564
3.3339875,-2.5109494,1.522447
4.020968,-3.5209427,1.837611
0.87067556,-5.8501816,-1.7724618
3.007547,-8.32652,-4.038802
0.90301085,-8.708558,-4.175535
0.7259183,-9.115145,-2.357808
-1.057764,-8.226464,-2.2708867
-1.5054159,-8.672324,-4.447158
2.1160183,-6.314494,-4.1685867
1.2333713,-8.387721,-4.338583
1.8920016,-6.550847,-3.893085
1.0039258,-9.428669,-3.3240128
1.439282,-9.265203,-3.4598687
1.0703382,-8.721313,-5.203092
2.5387998,-9.033133,-4.0427666
-0.2444973,-8.398649,-1.5883766
0.22285223,-8.303361,-3.8016467
1.4676118,-8.319454,-4.598727
3.319921,-7.0746107,-2.9034162
1.8251233,-8.316902,-2.307855
2.7393317,-9.226309,-2.931385
0.71928406,-8.534441,-4.748941
1.6316772,-7.4922547,-3.709464
1.6877751,-7.1758614,-4.509473
3.0466728,-7.7408075,-4.569958
2.8912115,-8.060187,-4.9284787
1.1014795,-7.272114,-4.675902
3.025806,-7.5936594,-4.0732675
2.4355068,-8.03742,-5.8645964
3.405857,-8.522579,-4.3176413
0.72174025,-8.563225,-3.0170543
2.4979815,-6.9750338,-5.3057866
3.2273312,-7.5899,-4.7757792
0.6061349,-8.399483,-5.268557
0.23362732,-8.091923,-4.985055
0.9068279,-8.179167,-5.8975296
0.0009856224,-7.618596,-6.003443
0.69649124,-9.204853,-4.92836
1.1954632,-6.717515,-1.6296122
1.0364423,-7.799395,-0.19768928
1.357717,-8.639893,-0.7041911
0.9194555,-8.117243,-2.2344878
1.7601876,-8.06654,-3.8598247
2.503356,-7.704854,-4.1632814
1.1472225,-7.4202595,-3.3010793
1.7613966,-6.6025534,-1.6746409
0.7346959,-7.078152,0.38058668
-0.52072144,-8.667378,-0.40705907
0.67274046,-7.960644,-2.4717884
1.0610204,-6.5750637,-2.1003902
0.83463097,-8.745768,-2.5381868
0.9056902,-7.8214235,-1.4892839
1.9522824,-7.5240755,-1.5054594
