yaw,pitch,roll
-10.228087,-9.282842,-8.488561
-20.724358,-11.34945,-10.874374
-21.577917,-7.9405913,-9.894033
-31.060154,-1.4232082,-10.754083
-23.377663,-6.4325113,-10.597978
-8.615904,-5.8910093,-13.043146
1.9368176,-6.901862,-9.776724
3.6089787,-7.0404053,-5.6245155
-4.3787565,-9.395536,-6.178787
-19.243488,-8.228836,-6.8725996
-42.0304,-1.768726,-4.4678216
-27.161724,-8.479827,-8.66062
-9.36219,-11.498287,-8.032976
0.71095276,-9.890612,-6.150984
2.5790663,-7.4208045,-3.0743008
-7.133329,-7.243984,-3.3835146
-9.480198,-11.147184,-5.993662
-26.037758,-7.570265,-7.0549808
-42.732666,-3.4657269,-10.400918
-31.182907,-9.497982,-8.204823
-13.669134,-16.157368,-11.436838
1.9595752,-8.593273,-3.9278932
-1.464961,-8.30193,-4.9534698
-7.648863,-9.324488,-6.854348
-16.596235,-17.244442,-7.76184
-28.422272,-10.354706,-9.962448
-31.85129,-8.358461,-10.266882
-25.77171,-10.375631,-10.030382
-15.295563,-13.672887,-10.203986
-15.055582,-13.197619,-9.521947
-8.298655,-11.31135,-6.8550944
-5.282999,-8.02719,-6.6177998
-6.2538986,-10.129695,-6.3634634
-14.703442,-13.630009,-8.443516
-14.830497,-13.745145,-11.799803
-23.943438,-9.433052,-10.359213
