yaw,pitch,roll
-20.581257,-12.086815,-9.49316
-21.350245,-13.244303,-10.043386
-18.25415,-17.659054,-10.100496
-21.344795,-15.491409,-10.218449
-21.527098,-17.333698,-7.7718034
-24.164612,-19.092716,-7.316334
-21.529518,-11.851854,-11.190762
-27.567623,-13.703758,-9.530462
-31.700108,-9.155478,-10.15093
-29.210258,-9.724862,-12.010668
-27.18892,-9.076139,-13.078019
-26.268925,-13.656595,-10.553751
-17.067547,-9.785156,-12.341347
-0.20663011,-6.3029785,-13.143728
-17.46144,-5.734276,-15.719059
-22.809181,-2.559689,-15.0698595
-30.076004,-4.022435,-15.648287
-22.184448,-4.111434,-15.41272
-15.8282585,-10.488081,-12.721174
-1.4240814,-5.3740687,-10.493675
0.4964233,-6.8071537,-13.340668
-21.34048,-2.833199,-13.031651
-21.396648,0.8407433,-16.083176
-26.343163,-6.2149005,-15.443377
-21.825832,-5.8412604,-13.577812
-1.4387219,-4.7789316,-13.0216255
-8.767693,-4.315069,-8.718254
-13.893705,-7.0399647,-6.277003
-14.159695,-2.0615523,-13.715151
-24.070538,-3.0818634,-14.490059
-23.956085,-6.7346754,-14.670705
-7.5800276,-6.995908,-11.431158
-2.8807604,-6.563087,-10.734797
-7.3346443,-10.36562,-9.612918
-3.019636,-7.492261,-10.967024
-12.499643,-8.954052,-7.482864
