yaw,pitch,roll
1.4652534,-7.830487,-3.6915927
-0.27190232,-8.118652,-3.9860826
1.1155733,-10.303751,-4.4436893
0.046706915,-8.701854,-5.6243105
3.7194948,-7.4353495,-5.184667
2.5342197,-11.948728,-3.7384257
4.3960285,-8.334549,-3.8355827
4.669157,-10.442213,-4.576188
5.849863,-9.861185,-5.1894994
4.8414683,-10.382191,-3.4328666
5.818359,-10.656218,-3.7111719
2.048478,-8.732724,-4.749386
1.55431,-9.596526,-5.0085106
4.6540747,-9.795794,-7.065184
3.951896,-8.2539625,-0.8737955
4.7913504,-12.933902,-0.7119441
10.55233,-19.269407,-3.633752
-23.64398,-18.029083,-1.0675212
-17.580135,-17.801346,-13.393009
-6.593642,-14.661938,-6.877276
0.7663471,-7.2582536,1.4379526
-3.6406515,-10.099968,-0.928509
-1.2784662,-15.822781,-10.512699
-17.201904,-14.453121,-8.127624
-19.77338,-14.526783,-9.89775
-5.9185677,-15.162792,-8.62015
0.0958361,-8.556793,-1.1280594
-6.9038143,-3.8319304,-0.8210399
-2.5890486,-14.28993,-3.6068773
-22.387573,-16.16809,3.9631748
-20.111874,-15.395651,-9.207821
-16.235945,-11.301273,-3.1353989
-2.5566628,-11.437407,-2.3641808
-7.720628,-8.309916,1.591897
3.7461674,-6.004847,0.44546986
-1.7239051,-8.15753,-4.440568
-21.971521,-14.578188,1.8860861
-20.447153,-15.698386,-1.0522854
-18.826086,-10.872431,2.8502507
-13.199434,-9.803048,4.9184265
-14.209419,-9.389633,6.731108
-11.466511,-6.350715,4.9426084
-14.284857,-11.121162,5.5490847
-13.410269,-15.2162285,1.971039
-19.96605,-16.685741,1.0243295
-16.968798,-15.198954,3.0561872
-13.353464,-12.1816,3.224277
-13.307838,-11.483713,3.8950884
-17.14401,-13.032007,4.4194136
-12.802704,-12.096655,2.39112
-16.905407,-13.578726,1.5917329
-18.04538,-13.983311,2.6757627
-15.6314335,-13.777069,3.2251189
-14.192391,-10.531669,3.2534645
-14.024809,-11.515212,4.381654
-15.063158,-12.123969,3.5374656
-13.87803,-12.963284,4.1867914
-21.911247,-16.07956,1.1471537
-19.03404,-15.089106,3.0007534
-15.922358,-13.226519,3.208735
-20.206787,-12.088898,3.8017113
-15.602314,-12.571608,2.3634925
-18.517021,-15.301611,1.7280651
-15.424015,-11.9831505,2.808249
-17.757828,-12.685478,2.4514434
-15.714678,-11.97925,1.2580473
-13.5416355,-12.052795,1.717456
-13.610212,-12.540444,-0.21378422
-13.602953,-12.319761,2.081565
-15.234036,-11.359032,2.9226146
-12.060188,-12.825581,1.5332773
-14.71525,-11.386927,1.0579267
-13.673977,-12.480601,2.0358133
-16.079271,-14.12291,2.6192563
-14.533933,-13.500496,1.5030274
-17.755028,-12.815708,2.0433657
-15.353287,-11.138706,1.4622843
-14.246308,-13.549883,0.26857603
-15.1045,-11.759964,1.7025956
-15.038645,-12.6278105,1.5114037
-14.227671,-13.351673,1.9178046
-12.194774,-12.076917,1.1378487
-13.663509,-11.515075,1.0105703
-15.649954,-12.118431,-0.11573629
-15.46133,-11.342335,0.9111104
-16.16077,-11.807157,1.1447147
-15.108063,-13.687828,0.9149096
-15.398104,-13.250557,1.6431009
-15.398861,-11.887329,1.6534393
-14.099192,-9.460778,2.4802217
