yaw,pitch,roll
1.1302317,-13.253277,1.9705127
2.2340944,-11.204597,1.0749525
2.4641223,-10.694754,-0.48576552
4.1525636,-10.279614,1.8918837
2.7909508,-10.719934,1.8208662
3.0171487,-10.288153,0.54131913
3.5205483,-10.329068,0.7136708
1.2990016,-11.8748455,3.2542086
-2.8347576,-12.82588,1.1420712
-0.597589,-12.718458,0.5527307
2.3980303,-12.654488,1.5770506
-3.1865816,-10.3691635,2.9831293
-1.0492752,-10.255108,2.76611
-3.0388196,-9.869366,2.2695227
-3.2013416,-10.543386,2.9949007
-1.8409024,-11.646906,3.5105786
-3.190831,-12.218813,2.6680253
-2.4836469,-11.197343,3.7151737
-1.0177537,-13.8158865,4.5959063
-2.4720638,-11.061817,4.288922
1.2902452,-11.500088,2.7648337
-2.6512372,-13.718315,7.043911
-1.5096768,-10.974502,5.5558367
0.4758196,-11.179415,6.379245
-1.4679382,-11.990017,5.262642
-2.0251849,-12.180115,6.4527483
-1.1184249,-12.633854,5.352216
-2.1269574,-12.08662,5.173222
0.1267649,-13.281393,6.1953487
-1.7725339,-12.224797,2.651147
-1.3359445,-11.127398,5.762338
2.023511,-12.21946,5.545293
-2.5912352,-8.202886,6.2568746
-1.6016176,-9.862961,7.852777
-0.99003536,-11.828661,6.2168684
2.1330018,-10.108468,6.4787464
2.7080474,-10.773419,6.2720375
1.4867496,-14.045065,6.583776
0.7877747,-16.386818,3.14986
1.0638261,-11.797634,3.3657167
2.0945668,-11.44916,5.7993946
2.4556534,-13.561331,5.3795333
1.9066582,-12.884453,5.611809
0.5555668,-12.80591,4.397088
0.20631683,-12.838474,4.2256303
1.7808385,-12.653139,6.108774
0.99326575,-11.018663,3.7816734
1.1276355,-12.625014,5.525111
4.16879,-12.188973,6.598298
1.1024612,-13.562935,4.178198
2.634788,-12.383333,4.355055
1.038897,-11.947565,5.726544
1.3798215,-13.528531,4.0812635
2.3154137,-12.515303,5.4297705
-0.92627674,-12.771633,4.710794
1.4716477,-12.436349,5.061432
0.8950941,-10.785997,5.4058666
3.0652392,-12.046751,6.739664
2.4194517,-12.616291,4.907055
1.8881677,-12.062897,3.2571194
-0.3152094,-12.084526,4.1942406
0.85846,-12.630306,5.073286
0.0060055256,-12.306506,4.327225
0.30766845,-12.449169,3.0567813
2.1493998,-12.897898,2.4991727
-0.121693015,-14.854618,2.5600498
-3.453969,-14.701611,4.334034
-3.4847293,-12.889853,5.096612
-2.7126675,-12.855209,3.3395588
-2.7425013,-10.666701,4.844982
0.27767706,-10.927678,5.4862447
2.0126848,-12.367184,4.5816994
1.5671222,-10.692479,3.8369517
2.004509,-11.083847,6.1623735
2.022208,-10.31351,4.9315295
1.0343363,-10.499876,4.7687798
0.34891737,-11.9164715,4.9558363
-0.3281368,-11.253366,4.219531
1.5931699,-11.716757,6.851759
0.2013005,-9.775101,5.7929688
0.4180069,-10.250239,4.7800674
-0.0124543905,-9.570595,5.3658085
1.0712411,-9.857599,4.830705
0.79461527,-10.054393,5.751711
0.21251857,-11.080202,5.886921
-0.8945409,-10.055141,5.6405087
-1.1028187,-9.891079,5.6601963
-0.3933125,-10.695808,5.11343
1.1873384,-10.745367,5.255983
-1.2196277,-11.230339,5.5153527
