yaw,pitch,roll
-4.8055544,1.2271361,-9.024216
-10.315146,-2.9612699,-16.250605
-12.704216,-6.0202365,-12.10154
-8.839663,-2.4868534,-19.057022
-16.939518,-4.613856,-15.463168
-6.935825,-6.021147,-17.827173
-30.84539,-7.0112057,-13.89749
-42.392654,1.7318954,-19.81816
-59.777676,5.009802,-16.540268
-40.585857,-0.2804656,-17.020313
-23.89671,-13.998422,-19.925003
1.761775,-4.52229,-18.710613
-9.07713,-7.7830434,-18.451
-25.614079,-8.666913,-16.436037
-26.489527,-9.423334,-16.611305
-32.564667,-9.5726795,-14.911232
-27.264256,-9.681814,-16.046572
-5.6239314,-10.982326,-19.796534
2.2092419,-4.10566,-16.897593
-5.370655,-10.601092,-18.567213
-36.870888,-6.609551,-15.279421
-25.49578,-8.227746,-16.311426
-27.680702,-7.6562867,-14.456429
-27.939957,-9.537793,-13.601025
-5.575918,-11.051803,-16.703547
-4.207251,-6.4322114,-13.955957
-29.80114,-11.288066,-13.323422
-29.132553,-10.4112,-14.8743305
-27.818565,-7.4128003,-16.49401
-24.364525,-15.976551,-17.799423
-8.118315,-12.8102455,-14.425564
1.642542,-8.402936,-15.340181
-1.8195498,-12.525437,-14.621204
-11.052286,-16.077972,-17.127974
-26.832035,-10.017245,-13.733976
-27.741272,-10.213903,-14.018704
