yaw,pitch,roll
-2.9352002,-4.025646,7.024022
-3.250475,-3.644006,6.661559
1.3993855,-2.6939297,6.927282
-0.61703753,-1.7284093,6.354052
0.88426805,-3.9458065,7.125755
0.21329021,-4.399126,8.02879
-0.47914863,-3.1634538,5.7905545
0.23899436,-5.131432,6.1228385
1.7198056,-3.0869105,8.147493
2.7088337,-3.9782715,9.408743
-1.4342095,-4.535321,8.466314
12.892454,-6.101953,4.5933666
8.648795,-6.4155884,4.4436097
-0.93459487,1.1184311,7.1556387
-16.49255,-1.2043886,11.748487
-14.858562,-3.8475883,7.966061
-8.728896,1.3743815,9.427372
0.92891276,-1.3106394,7.0724516
-8.590038,-0.5143315,13.145277
-14.798379,-3.027084,9.833473
-14.743044,-3.1290631,6.571377
-9.655848,2.1018765,10.648039
5.7073364,0.44895852,7.531092
10.186636,-5.1839046,5.647602
-3.537365,3.6683207,10.202044
-7.731041,-1.9108028,11.8615265
-5.9601507,-1.8528388,10.799408
-5.770086,3.809754,11.592865
8.220166,-1.3362207,7.4738393
5.0589447,-0.54368365,9.814209
-3.0229278,-0.48233348,11.597375
-0.08086038,-1.9471183,7.3623147
-3.3346996,-2.6763735,10.543928
-0.37795377,0.56445247,10.082437
-0.15334344,0.04699135,8.614963
-1.1021038,-0.57055646,10.551643
0.5921949,-0.14994374,9.905544
-1.204941,0.1977438,9.8573265
1.2028618,0.4914698,8.865092
2.5560536,1.2695761,12.061681
6.0405755,1.8839626,10.249777
2.3775234,-1.2177408,9.13133
1.6622849,-1.681582,9.187877
-0.24337974,-2.2848928,8.349754
1.574013,-2.2402306,8.147089
1.9206593,-1.0447772,8.155867
2.2518067,-0.39638108,8.771473
1.8409095,-1.7808108,7.038478
-3.288388,-1.9125181,5.4194365
-3.7472057,-4.716782,4.734986
-2.5944629,-1.3803422,5.394583
-2.584047,-1.0693413,4.0943913
-1.5592508,-2.291687,4.2300863
-1.7582774,-2.3230495,4.6888075
-2.4853108,0.03474912,5.0021367
2.2841194,0.42877093,5.978921
3.2842865,1.8633382,6.9204206
-1.6314082,2.8321936,3.626057
-0.5586808,-0.7697666,5.490164
-1.3670409,0.35570496,6.2476573
-2.3227966,-1.2523085,4.8416257
-4.1397195,-3.3244448,3.4523497
1.8621901,1.5451454,3.8273964
-1.275213,-2.3639178,4.642071
0.900764,-1.6277592,2.1637352
0.06367016,-1.0946509,2.1671371
0.9305093,1.6779709,3.2458344
1.4255552,-2.444592,0.70614326
-1.6824949,-2.5400648,2.1943154
2.632083,-0.472641,3.4995809
1.4468153,-1.2761095,1.2297797
0.7488718,-1.4432712,-0.017729104
-2.008196,-2.203365,-0.31785938
-0.4994073,0.9204799,-3.2398233
-1.2292767,-2.4873497,-0.02282828
-1.642819,-1.0038915,-0.78014123
0.78379416,-0.70162606,-1.0671952
1.9501607,0.9568367,-1.0331519
0.5446806,-0.9283658,-0.74171746
0.17283356,-2.2667108,3.4446156
0.49938345,-1.1159432,-1.5194935
1.4515567,-1.0209596,2.3139844
0.6519141,-2.5807784,0.21924648
1.0236661,-2.8887658,-0.095285505
-3.0818553,-2.2611585,0.3714255
-4.5260267,-0.06820023,1.0717542
0.37700486,-3.5315175,4.6214495
1.5604194,-2.4262638,1.7297876
-1.186269,-2.2148526,4.142906
-1.9685131,-2.7427237,2.3151026
