yaw,pitch,roll
-6.071578,3.1302412,-23.827755
-6.3348236,-3.8352768,-27.75074
-21.352003,-15.497814,-19.040462
-24.73132,-14.644254,-15.853759
-31.56886,-4.842884,-18.444458
-41.301407,-5.056615,-17.30533
-37.392746,-5.8416195,-17.755663
-34.81822,-9.515937,-18.240952
-22.260138,-9.379503,-15.256866
-9.4698,-10.123814,-15.940241
4.6231384,-10.601753,-15.165403
8.083886,-5.379093,3.068967
7.962871,4.669097,5.76059
6.7521296,-0.038573742,8.584978
9.334555,3.4310155,15.493477
7.3211603,4.972252,15.075209
-0.7148814,5.7066226,13.431328
-8.827654,4.440976,10.572255
-35.377132,-7.1690445,11.811804
-41.308113,-7.3414197,9.68965
-41.35907,-5.990307,8.683624
-37.385334,-8.358158,3.1029692
-15.701461,-4.0774307,4.720533
-6.0851145,2.9863532,4.9848027
7.058236,-0.52413785,6.8940477
14.86608,-2.803084,6.7224083
20.935268,-2.5127912,10.636091
16.390959,0.058656216,8.7360325
2.6884909,-0.51416814,5.994703
-2.5258312,5.5204864,4.2070704
-14.067835,3.5725088,2.9056609
-20.37088,-1.794317,5.118821
-18.635277,-0.7812047,5.194371
-12.374348,0.29603934,2.983646
-6.5776596,4.3825674,4.160557
3.68521,3.717526,7.105132
