yaw,pitch,roll
-3.67706,-11.422567,1.4832547
-6.3926744,-13.822575,1.5544512
-0.5184481,-11.710249,1.0872374
-2.0994165,-11.929909,0.9669986
-4.4189034,-11.139222,1.943608
-9.169892,-11.073742,4.433077
2.9978938,-9.654552,3.44937
2.6660736,-10.28013,1.6955361
2.8260472,-12.999746,1.570845
-0.8852571,-12.165033,4.426475
-2.627736,-13.648369,3.7733085
3.8755422,-15.642088,-1.0305355
5.8222647,-15.385786,-8.313253
-0.7151022,-15.175888,-3.4155962
3.2397556,-16.045126,-10.338933
7.636314,-15.684262,-12.859228
6.994734,-16.275932,-17.62478
0.19280577,-22.71822,-17.384369
-5.2387624,-23.982403,-15.33487
-5.0814457,-22.658947,-15.8540325
-0.70581645,-24.216106,-18.781223
-8.15305,-27.755653,-11.7611
-1.3766868,-23.104626,-16.701572
9.079235,-16.589827,-17.916954
10.511213,-10.638562,-19.3182
5.0789833,-16.996368,-21.979044
-9.904189,-30.636696,-20.123447
-4.6478558,-20.027056,-10.818539
-11.607988,-24.444033,-14.533756
-6.9709015,-27.553837,-19.186163
7.4096313,-16.740582,-14.641558
12.982422,-9.326677,-10.914205
3.8619642,-16.82528,-14.700602
-9.813879,-30.728378,-16.106916
-12.880959,-20.298777,-12.621729
-3.810781,-14.015568,-13.807898
1.7359602,-18.931124,-12.774516
6.1764145,-13.543871,-12.035253
10.694604,-6.078505,-10.639104
1.5829962,-16.378517,-12.008282
-3.5489013,-12.40511,-11.96408
-3.7028337,-11.824709,-13.438133
-4.562759,-14.003697,-15.044362
0.26495993,-13.875978,-14.261412
6.842391,-6.1771946,-11.463392
1.5627635,-12.058519,-10.219876
0.47232026,-8.612789,-11.927603
-5.3276577,-7.657425,-12.770546
-2.9852595,-12.494879,-13.4871645
-3.8591893,-9.724353,-12.304255
5.97143,-8.827063,-7.319777
6.955205,-2.2975035,-9.7628
1.7019001,-8.60934,-5.463894
1.7191639,-8.283588,-9.914474
5.1058,-7.498954,-12.580326
3.650642,-8.236158,-9.835383
5.0834594,-10.272289,-10.0197315
5.3691244,-9.8653965,-11.89064
5.3655233,-9.290757,-13.779874
6.3705635,-8.79104,-12.222439
3.3719788,-9.46052,-7.0983386
7.0568743,-8.996706,-10.167315
7.824337,-12.70393,-13.388536
8.101413,-11.795099,-11.28528
5.5381165,-12.025719,-10.769905
4.757048,-13.746446,-11.740353
5.3670774,-12.101929,-10.694137
6.1110044,-11.974988,-12.356618
7.243201,-11.253316,-11.555916
6.5693803,-9.55276,-12.635753
6.1372504,-13.238579,-10.669552
6.6239834,-14.558662,-11.046683
5.3440046,-11.915434,-12.61439
6.343413,-10.771561,-13.52309
7.9244623,-10.335789,-13.834282
5.0601015,-11.668951,-13.313229
5.792472,-11.886721,-12.340299
6.371877,-11.487825,-15.674114
6.375858,-11.57736,-12.958351
5.692993,-13.3455515,-12.376383
7.5220184,-11.639286,-13.20672
7.557967,-11.208202,-11.475228
6.023865,-13.148194,-11.847595
4.877144,-13.179394,-12.520351
5.446845,-10.803692,-14.563956
6.626013,-10.972005,-14.224762
7.3890963,-12.57114,-12.543865
5.9137597,-12.063138,-12.84531
6.3475266,-12.7130165,-12.666125
6.129612,-12.571003,-12.291763
