yaw,pitch,roll
3.773591,-6.94166,5.5174584
5.427633,-7.932311,5.993048
5.340157,-4.360797,5.625772
3.933274,-7.0141935,6.393796
2.952611,-4.5411067,7.3536367
5.028322,-6.5127,2.9550226
9.174642,-3.4421518,1.597708
6.477971,3.5366178,2.3695898
10.110997,3.122008,3.682099
5.0571203,-1.4539936,2.063092
1.9808385,-1.5625377,1.3154415
-6.0189214,0.700233,4.103087
-7.1671534,1.7535841,5.028344
-2.3677425,0.42485884,6.8999815
0.9739518,2.7371755,9.573319
10.3281975,5.376317,6.079248
-3.673973,6.3092136,9.560221
-12.30688,1.2609029,4.9416313
-6.8639884,4.547327,5.269815
5.5599976,0.78668165,7.060005
11.4663725,4.6196146,6.7148504
7.295782,1.0773273,10.172952
-3.6656146,6.6443214,8.8961115
-13.355642,6.543316,4.411642
-11.124301,4.901766,6.9095383
4.166402,1.7672446,6.396452
9.473766,0.45434904,11.342827
0.8672321,3.032364,7.3925757
-6.622185,3.1264505,4.492484
-5.3842263,3.506804,5.3796053
-5.319377,2.5590281,1.311369
1.542516,2.9305341,5.451188
6.454545,2.0192342,6.019374
10.12426,3.6538386,6.8307495
6.9055047,3.8748803,7.774086
4.10641,2.4322197,4.9946413
