yaw,pitch,roll
9.831721,-6.597227,2.3992462
5.7584033,-7.652166,1.4258393
3.3206935,-7.9292116,-3.7048402
4.693958,-1.2292212,-0.9107069
5.8898606,-3.1845846,2.7467206
3.4505808,1.777333,2.6772373
2.8646927,2.5871706,0.8780712
2.6959667,0.47146875,6.5578423
-10.144125,3.3301358,7.890637
-14.538683,-1.4102532,3.431344
-1.6015246,1.0482538,5.3131247
6.1776667,-1.6683743,10.756517
-0.8972924,2.5280852,10.620235
-10.630191,-3.6318414,3.7764719
-5.0055685,-1.3344535,7.038369
5.694398,-4.5585117,6.989152
2.0365531,1.5432928,5.15575
-8.9622135,-1.5203727,3.484701
-11.988377,-2.8122241,6.187118
3.6263638,-0.24027371,8.561781
7.8893814,-2.85937,7.37817
3.6799898,1.4941833,8.856799
-1.7794902,-3.0057988,3.8360703
-6.2482514,-5.1140623,6.583039
0.7355039,-3.2546957,3.5131035
3.4633293,2.1200588,5.259875
2.4734209,-3.4058144,4.161802
-3.8802404,-6.342243,5.407954
-6.164783,-4.786733,5.366081
-4.903166,-3.5194564,5.1222067
-2.2160623,-2.522338,3.2352583
-4.7111673,-4.2947607,2.529326
-0.9081687,-5.523309,4.0786157
0.051321983,-2.403744,5.2615776
0.73234165,-5.240432,5.6084456
-1.2880409,-4.8780932,4.8666053
