yaw,pitch,roll
6.8776965,-13.1664295,-3.836733
6.4051228,-9.71814,-4.168795
6.5372305,-9.860786,-1.100166
3.3792803,-8.020009,-3.3224607
4.0924597,-7.875152,-5.466901
3.3233318,-4.0119243,-4.4028955
3.833977,-4.842288,-5.775372
0.22949839,-8.509477,-0.40234113
4.0540867,-9.020331,3.8211272
5.945809,-7.6934576,2.8904753
4.5160017,-4.997679,0.09290729
5.3228054,-5.948648,-4.471955
2.7132878,-5.03609,-0.39266548
5.9741564,-7.3000164,1.7742686
2.2380736,-6.243725,2.3588023
5.723701,-5.5850616,-1.3760865
4.3807344,-5.949642,-3.1018388
7.9425263,-10.579641,-0.39494276
10.084757,-6.8985453,-5.3100014
9.403931,-6.3644767,-6.7094164
10.634812,-2.941797,-7.0626783
8.21299,-9.888916,-6.9793663
3.474098,-15.174925,-8.776812
-4.558727,-18.800085,-12.680502
-11.725847,-14.1515045,-15.824301
-14.426427,-7.330144,-14.3942585
-12.256905,-12.530242,-18.45013
2.9787722,-20.346905,-15.911974
10.191238,-10.004951,-16.558674
12.850456,-5.52243,-9.310869
4.194746,-11.607822,-14.882378
-4.5610285,-19.675533,-7.9430895
-13.222231,-8.102852,-12.239372
-14.610327,-15.830742,-14.013178
-4.9340925,-17.780201,-9.7726755
5.42638,-12.070776,-10.505695
11.7424555,-3.8341694,-2.9556108
11.074877,-9.195332,-3.3139825
2.133007,-13.691034,-4.383541
-11.475776,-16.495028,-7.475953
-17.183846,-7.141958,-8.202371
-22.125927,-9.147036,-8.616531
-6.4496574,-13.432543,-11.227072
3.922254,-7.5915604,-5.7560534
4.623855,-6.7007914,-1.0491898
7.324138,-6.9042406,-2.5430105
4.27169,-7.2125707,0.039817154
5.9367003,-7.8786526,-0.5776863
4.849868,-6.851248,-3.7518768
6.3740473,-6.113092,-3.3267984
6.9923725,-5.314022,-2.7128358
5.334122,-7.1528807,-2.782147
8.492439,-8.950174,-2.1729827
3.1476028,-12.223888,-1.4290111
1.238925,-12.0126705,-1.8186573
3.2041702,-9.474631,-2.7480946
6.4440765,-8.01261,-2.571047
9.264852,-5.3750916,-2.6269584
5.9277477,-4.0567846,-2.6002407
6.726243,-6.10688,-2.598713
7.3020935,-6.296031,-3.9942718
6.545389,-4.083196,-4.2645645
8.763643,-4.339555,-1.7747648
7.395925,-3.7380753,-5.4401712
5.391483,-4.666999,-3.5899258
5.9981875,-4.8371043,-4.089985
4.9351735,-5.300334,-5.755637
5.2781353,-4.804545,-5.5045075
6.3201137,-5.380329,-4.9295073
6.739204,-5.6016636,-5.180977
5.536219,-7.253718,-5.17801
6.0596895,-7.5252914,-4.1124763
8.409738,-8.340717,-4.7191463
7.004166,-8.001471,-4.920041
7.117068,-7.4816856,-6.5786963
6.1381526,-7.227097,-6.265871
6.0475607,-8.380214,-6.330919
6.63548,-8.511259,-7.7677374
7.2419624,-9.645588,-7.2257543
6.988702,-10.448214,-7.2542744
5.794381,-10.01507,-4.844364
6.967592,-10.228906,-5.859746
6.5989122,-9.594518,-6.858796
8.1217985,-10.226593,-6.850716
7.277128,-9.509002,-6.278514
7.2014403,-9.565317,-5.6599913
7.4444923,-10.003482,-6.2759404
6.0356545,-9.279298,-5.9439316
6.9811854,-9.916806,-4.5476947
7.6269946,-10.061017,-4.8349
