yaw,pitch,roll
-14.525782,-16.014755,-1.8843653
-12.73914,-17.017292,-2.6914806
-10.213862,-15.681374,-4.325243
-8.55433,-14.423965,-3.4002075
-3.2360866,-13.982249,-3.2771785
-10.341362,-15.512204,-2.497284
-17.211988,-19.887585,1.4343559
-9.578374,-19.975454,0.038930178
-1.632422,-10.774395,-0.69317734
-1.8857989,-8.966977,-3.750587
-1.7124958,-9.650194,-6.7124
-0.2825532,-11.004303,-5.5250263
-1.9538136,-12.003138,-6.9930716
-1.5421605,-10.286215,-6.0096183
-1.3861814,-10.14728,-6.1163554
-3.0992184,-10.288257,-6.5854516
-7.485072,-9.944965,-5.4884367
-9.822624,-14.812319,-7.794324
-12.257054,-10.17325,-5.4058037
-12.738552,-12.2307205,-4.8909926
-7.30157,-7.265653,-4.9122343
1.7074493,-6.267527,-0.6228334
9.144911,-1.0568849,2.3517027
12.193496,-1.9374673,0.41184068
0.5772573,-0.970258,3.3658721
-2.1889534,-10.462496,-0.1965828
-15.606916,-14.173836,-5.571291
-16.355143,-12.30423,-8.040833
-10.757697,-11.8969755,-6.4034157
-3.3721814,-11.088226,-0.99255264
1.1624533,-8.003782,1.7428864
13.219536,-1.3855189,-0.8817858
4.8497567,-3.386574,5.7636614
-3.7618074,-9.056133,1.712059
-8.495873,-13.34721,-4.506839
-17.543602,-16.147015,-6.340932
-17.498611,-12.971636,-6.040961
-13.040911,-15.997659,-6.481761
-4.177435,-15.594189,-1.4581463
1.9327955,-8.491768,2.1793098
4.0310993,-8.76943,6.422257
0.2936542,-13.5497,4.354218
-1.6278462,-16.60011,2.8991845
-12.697699,-15.295215,-3.0145664
-12.5947485,-13.684315,-4.4405217
-9.873907,-12.794997,-6.506222
-4.352238,-13.042741,-7.224798
-1.4563322,-11.409148,-8.121969
-0.1403575,-9.316431,-5.8062325
-3.1460211,-11.999512,-5.4167395
1.4843025,-9.303419,-5.1580486
-2.3945124,-12.52368,-7.521257
0.45370483,-12.027161,-5.906703
-3.2310123,-12.177179,-6.4867334
-0.647079,-10.513786,-6.7890983
1.555305,-9.662152,-7.531237
1.4053924,-7.5630083,-6.3912315
1.3391085,-9.398241,-6.9785175
1.6459231,-7.8134356,-5.3773704
2.0508282,-8.862017,-6.4570246
-0.637887,-8.206005,-6.2470655
2.297444,-9.909558,-8.8685875
1.0496001,-9.97179,-8.387772
-2.7581792,-12.928677,-5.3528314
0.20477533,-9.435777,-7.974119
-0.8870349,-9.0185795,-5.9765406
-1.4980378,-7.0498657,-4.378019
-2.3106923,-8.2292795,-5.1661987
0.033088684,-8.71667,-6.8605404
-2.023806,-7.9843707,-4.830707
0.7565527,-7.758174,-5.758359
-0.0025935173,-10.298519,-3.6987393
1.7223382,-8.539795,-4.519748
-2.8665464,-9.293309,-3.7292566
-1.4640522,-6.920936,-5.484617
-3.0775146,-8.925957,-4.5227833
-1.4762897,-7.196678,-6.1655746
0.4927907,-7.970543,-4.880728
-2.281194,-6.2501097,-4.2611494
-2.0881286,-6.350441,-5.9287715
-1.1456828,-7.4815187,-5.951209
-3.0853415,-9.204891,-5.4965615
-0.97762346,-8.798304,-6.3931007
-3.421006,-8.447221,-5.586895
-0.6061406,-8.02383,-5.707819
-0.34470654,-7.957015,-5.7452393
-0.9761033,-8.435328,-5.9637127
-2.4721177,-7.685027,-5.9725547
-4.28211,-9.040165,-5.417452
-0.21997929,-8.56762,-4.8419685
