yaw,pitch,roll
13.624886,-8.5916815,10.714402
8.552814,-6.0885477,9.713098
11.274024,-7.1599936,10.236788
9.005953,-7.3316693,9.634482
9.6329775,-6.6202593,7.6076627
14.024667,-9.085683,8.535456
13.662195,-10.80006,8.686574
12.057054,-11.976725,9.243562
-6.7125854,-6.551299,9.12967
-6.2129097,-10.351454,6.584773
-11.834862,-14.81871,8.139072
-9.832486,-9.834511,7.422645
10.716754,-9.624966,12.150242
2.6909535,-7.0256286,17.042849
-6.495526,-11.387058,7.8307967
-10.2076435,-13.549814,9.413204
8.548571,-10.852786,8.20871
15.802639,-10.4858265,15.147982
7.5228205,-10.660704,13.0565815
-12.285761,-17.33349,10.60026
-22.015192,-13.086179,8.840624
-9.669127,-14.896463,8.119619
3.6437497,-11.867986,10.16839
10.61618,-11.888953,11.2722435
-4.892514,-10.979346,8.945614
-16.827984,-15.785332,11.385468
-27.260448,-17.290243,11.697332
-15.605356,-16.585356,11.522718
-7.4329653,-15.868019,9.120544
-2.4479394,-14.524336,6.3748765
-3.7054377,-16.396084,6.827592
-8.720306,-21.547894,9.160673
-14.577036,-18.854702,7.077974
-17.511395,-18.234215,8.538509
-16.279644,-20.174086,7.7706814
-7.8023376,-22.406357,7.8077273
-13.19655,-19.931015,6.8703523
-8.988433,-20.153831,8.784091
-13.363682,-19.534834,8.076465
-19.118862,-19.683146,8.400813
-17.682596,-17.982866,8.496174
-11.098187,-22.105536,11.583745
-8.933736,-19.036419,9.84268
-7.8503785,-19.885517,7.624312
-11.784836,-18.873405,10.245829
-13.10561,-18.32634,10.053991
-14.7878,-18.1217,9.476467
-12.061222,-24.062374,5.076214
-10.933771,-24.386105,6.7154846
-12.030331,-21.91744,5.819137
-15.303806,-21.585732,6.9868836
-14.517818,-19.60132,7.9849815
-13.0781555,-20.779285,6.4789095
-15.416989,-21.585773,5.790924
-13.190351,-26.083004,5.239878
-14.677225,-20.863594,7.7644596
-14.76865,-19.895737,6.799912
-13.885986,-21.365911,7.0577173
-14.634552,-20.2667,6.9098344
-13.227222,-19.18153,6.9756527
-14.377256,-19.151716,5.252738
-15.438055,-18.263702,7.7363224
-15.204346,-19.201347,6.52536
-14.086012,-18.82978,6.697457
-14.946123,-19.291378,7.3489313
-12.422279,-19.765903,8.329972
-12.248619,-18.874863,7.222995
-11.1337185,-18.0876,8.830249
-10.6032715,-19.333258,7.938036
-11.139572,-20.163694,8.001837
-10.237964,-18.399294,7.212492
-8.864796,-19.688995,6.5868526
-10.429529,-20.350163,6.6532507
-8.829991,-20.054298,7.4712048
-10.613308,-20.189796,8.741319
-10.512121,-15.889076,8.574436
-10.512796,-19.511497,8.920595
-11.563749,-18.774288,7.3830175
-11.349218,-21.3059,6.649028
-10.106428,-19.766912,7.2656736
-11.318989,-20.98121,6.837245
-9.637308,-19.605156,8.386791
-11.325569,-16.156998,9.595493
-10.355391,-19.885769,9.318087
-9.9185,-18.627037,8.480305
-10.394827,-18.447065,8.251858
-11.513853,-16.78403,8.262959
-11.665417,-16.000816,8.27979
-10.811552,-17.005722,9.055773
-10.455898,-15.905342,9.788601
