yaw,pitch,roll
-33.931946,-3.3372407,-3.7021568
-29.223808,-3.092045,-6.355055
-36.323875,-3.9013124,-3.488171
-36.063896,-0.9893861,-3.189535
-44.044693,1.4760603,-2.857562
-53.726067,1.2183576,-0.6830077
-52.4905,-4.6484957,1.1190078
-40.848274,-5.47061,-0.49260712
-42.827873,-5.3482056,2.25636
-51.144714,-4.308271,-0.72100604
-54.31207,-3.5962753,-0.62509733
-46.956055,-5.3019443,2.8490016
-36.95189,-5.252912,0.17054844
-43.118805,-6.6383095,-1.9464548
-51.759277,-8.541598,-0.046775788
-53.713867,-7.5897765,-0.5920799
-59.327965,-5.4803524,-0.49962485
-47.705685,-8.319254,-0.45727003
-44.0419,-7.795022,-5.207514
-43.72374,-7.528854,-1.3762796
-51.991512,-7.3180194,3.0021214
-54.427635,-6.596277,0.924725
-55.01248,-6.963582,1.711336
-45.494904,-8.241909,-1.5752888
-49.35297,-8.404408,-0.9777577
-45.722393,-11.142181,-1.7713543
-50.657177,-8.41951,2.1736534
-53.69152,-4.5148664,-0.13646999
-50.56523,-8.288223,1.2691712
-44.331547,-12.641637,1.4872729
-47.958584,-10.850828,2.3421745
-43.791035,-16.50319,5.615162
-52.232677,-9.376516,4.669642
-51.106205,-6.64554,2.1502788
-49.3648,-10.5207,4.247057
-49.457153,-11.656462,3.8230395
