yaw,pitch,roll
-1.630133,-13.365641,-12.301254
-1.7307549,-7.244065,-11.804935
-1.0290432,-6.3775635,-11.829645
8.943008,-6.8616314,-18.340675
2.6028483,-13.513996,-6.429393
4.832174,-6.72093,-13.800239
3.8304243,-4.0886116,-8.617392
12.055327,-5.414548,-11.923952
-9.244093,-8.716852,-1.471415
5.3535113,-8.861296,-4.1173506
8.733311,-11.245199,-5.1940694
9.629072,-7.9688816,-6.2412453
10.267616,-6.4366016,-12.035952
4.8936596,-10.63191,-2.628776
3.8393006,-10.136865,-6.7407713
20.334034,-2.165418,-7.149462
7.1513014,-11.247694,-9.916468
13.642595,-9.156456,-8.299355
3.525424,-12.777198,3.7160115
5.2655945,-10.120894,-4.68003
9.359927,-6.0020247,-6.4695663
11.749199,-4.519397,-7.6021852
6.3301744,-3.907415,-3.343806
2.4958282,-6.801972,-2.2609458
2.2537143,-6.288494,-2.1191835
5.425062,-5.7446012,-7.1051373
5.1493425,-7.261652,-5.3653274
5.946461,-6.054735,-3.273281
6.1297503,-6.422513,-4.1379337
7.433816,-4.238674,-3.6429794
8.149893,-6.650793,-5.063352
6.1047564,-6.924548,-5.2324977
6.927127,-6.631259,-4.8976855
7.632808,-3.4737482,-4.3060913
4.4894514,-6.6274233,-5.8277483
9.252002,-5.6780024,-4.0249395
