yaw,pitch,roll
-0.8431678,-4.5337157,14.101614
-2.254567,-6.4474716,14.865027
-1.1943086,-5.982568,13.588337
-4.552371,-4.125612,12.031405
-11.449039,-1.8161483,13.460661
-15.580322,-2.5869734,11.637495
-19.676193,-2.39276,8.580567
-13.751877,-4.8778462,9.004008
-10.961342,-1.2334299,12.767958
0.5899224,-3.264125,13.476137
19.237322,-7.6015205,12.812269
20.278824,-4.657255,16.824965
7.5020185,-4.3962393,12.814615
-4.7811127,-4.3959837,14.493286
-19.47638,-5.017011,13.041399
-18.268679,-5.3582506,11.425709
-8.263607,-3.5030766,11.943354
-0.49879777,-5.306804,12.812016
10.0647,-8.708914,11.426916
-3.3615909,-4.6604114,13.216412
-8.988826,-3.2768624,11.454445
-17.56538,-4.8897915,10.730619
-13.570226,-5.1693983,9.770455
-8.97426,-5.924405,11.974804
-8.067826,-4.963787,13.285957
-4.949903,-7.546036,13.712896
-7.5759654,-4.690112,12.919681
-10.149703,-3.9287138,10.241362
-11.1032715,-3.73143,8.110933
-11.073649,-4.0737333,5.909605
-9.698986,-4.825398,8.105022
-7.8365917,-6.0661535,10.312507
-9.250132,-5.515205,9.658072
-7.8555794,-2.842629,5.8854265
-12.474697,-3.7309089,6.5131817
-10.803911,-2.6996841,6.501604
