yaw,pitch,roll
-6.4576826,-15.2214985,10.530712
-6.642068,-15.589038,10.08
-7.644994,-13.879559,8.086142
-6.698079,-13.719874,8.803882
-5.392803,-12.4326515,7.8877134
-7.0181427,-14.158263,7.753525
-5.204406,-14.087917,9.022027
-3.529209,-13.524824,10.365574
-3.2995949,-14.138405,13.051804
-7.951829,-12.511652,11.313907
-3.9915147,-12.64076,12.934393
-4.890787,-13.995171,12.277706
-7.8085513,-11.431279,13.996399
-3.1477933,-10.427973,13.717068
-1.0270847,-9.422403,12.231428
-3.6025567,-7.4513383,14.638283
-5.5277123,-13.623827,13.1905365
-6.2111535,-9.613955,12.903627
-3.457787,-8.481262,11.830388
2.9002001,-8.399312,10.956181
-0.13764632,-6.168055,17.34415
-6.7701397,-10.875952,15.632879
-2.6176095,-10.041922,13.629994
-3.3971534,-8.888348,12.23318
-0.15540618,-8.758234,11.092467
-0.49154258,-8.3554325,12.577401
-5.1447315,-6.5147176,15.943901
-5.634164,-11.545288,11.606812
-3.1081443,-10.870957,12.877941
-4.4270716,-11.530538,11.120573
1.6814696,-10.036897,13.847772
3.236523,-7.617944,10.656864
-3.6354585,-10.772109,14.470476
-6.704184,-13.2289715,13.449234
-6.194549,-14.100843,12.027391
-7.4732647,-8.425114,12.013733
-2.6953697,-10.954969,10.23027
2.4079223,-9.049113,11.438198
-0.97565293,-5.9778214,14.584215
-4.772205,-10.741341,14.232967
-4.5719347,-10.968996,10.195284
-5.1811295,-14.766453,10.159445
-4.1758833,-10.017448,11.043028
-3.8630579,-9.063352,12.110758
-0.966542,-9.874947,10.827358
-4.1638193,-8.6203165,11.131782
-6.3646393,-11.608352,11.775144
-5.8427396,-12.7351,11.547426
-4.58924,-13.06624,10.103
-3.8571563,-12.19397,10.929714
-5.468415,-9.494191,10.859871
-5.1812983,-11.585329,11.099427
-4.508549,-11.689165,10.391979
-4.722063,-11.05552,12.12825
-4.377206,-9.187395,11.526398
-4.425068,-11.34136,9.597271
-5.66434,-8.573929,11.109835
-5.382885,-11.516861,11.425955
-4.0414066,-11.631775,10.663553
-4.7679443,-10.432053,12.050943
-5.598665,-12.311817,11.3333
-5.91053,-9.929155,12.553657
-4.3786216,-10.037136,10.052265
-4.5889173,-8.334956,10.09067
-4.8457613,-11.127535,11.424915
-4.066926,-13.102364,12.044151
-4.882267,-12.081278,12.306743
-5.823147,-10.204365,11.886192
-5.5184255,-13.045172,11.534449
-6.203724,-7.5757732,11.504927
-6.6139755,-9.726012,10.8779545
-4.882526,-12.299646,9.258509
-4.7388372,-11.860758,11.024058
-5.396059,-11.914207,11.036763
-4.3668857,-12.176323,10.141684
-5.1902595,-10.91414,10.809187
-4.8471613,-11.274532,10.657219
-4.7159824,-12.145601,10.224291
-3.7127895,-10.287956,11.458894
-3.5177746,-12.505196,10.435903
-3.2653053,-11.323711,11.242189
-4.050991,-11.521473,12.004375
-4.1573,-10.802227,11.126902
-5.2895155,-11.269725,11.907347
-3.7605,-11.128883,12.086063
-4.3031354,-14.089666,11.5041895
-2.3575294,-13.258057,10.609312
-2.2069728,-11.376571,11.180432
-3.9491315,-12.150601,11.362842
-3.175332,-12.376322,10.787827
