yaw,pitch,roll
0.23780733,-12.890413,-0.08909953
1.6058859,-11.703636,2.0168452
0.8060559,-11.316163,-0.041967362
0.8326329,-10.336435,3.0025773
1.0050213,-12.29273,1.046499
1.282619,-12.579091,0.74231434
1.6301844,-11.795235,1.2162774
1.7467537,-11.99313,-1.2235229
-3.347206,-11.879276,0.13791268
-6.3124523,-14.323843,2.2491097
-1.9627551,-9.363739,8.180395
-4.121093,-10.074915,3.412521
-1.9791853,-16.779076,-0.29113632
-2.4801972,-16.218288,-3.0532637
-3.0037837,-17.299164,-2.3397744
-0.36717117,-12.823927,1.7913424
5.560036,-9.698338,4.5468564
-0.051166177,-6.7502847,4.3944616
-1.7118912,-12.893843,0.8883599
-2.9639287,-12.612631,-3.0074415
-4.097998,-12.504669,-0.93558425
2.3030825,-12.346449,3.6425319
2.0021334,-5.6144986,4.8291187
3.697207,-7.1776495,4.565291
1.2544869,-8.784979,5.1629515
-2.043978,-16.260998,-1.9246027
-2.2401266,-15.433452,-0.93978673
0.1425159,-11.347169,0.44265318
4.7316055,-8.209944,3.7772994
3.6423936,-7.555955,5.437048
-0.059523344,-7.9731994,4.9894457
-0.33521628,-13.214859,0.33953953
0.8086312,-13.253046,0.1405937
-2.0327694,-12.527658,3.1679752
3.3010194,-9.437266,4.364159
2.5863476,-6.769787,5.9560213
