yaw,pitch,roll
6.460688,-1.2072343,-15.274469
5.7986965,-1.4238235,-15.626523
5.7063236,-1.574057,-12.546806
4.5426083,-3.182889,-13.569326
-2.7780206,-8.4243355,-14.631047
-13.357941,-7.3860836,-19.110403
-22.96758,-10.096859,-13.994654
-13.195969,-14.615213,-14.023446
-6.972725,-11.8197975,-13.600285
5.7233806,-8.167076,-12.564716
10.917892,-5.1081023,-13.95739
10.608866,-7.8389525,-13.221256
5.3272223,-10.194848,-17.739136
-5.1815705,-9.472274,-13.868099
-13.967192,-12.652107,-17.404715
-26.6763,-13.112576,-12.634026
-19.255198,-14.502159,-14.570948
-5.3400316,-9.616438,-14.268829
0.6398853,-9.515202,-15.293379
6.9640284,-6.864874,-14.799877
10.7398815,-7.5058546,-8.994447
7.5108037,-6.3611317,-11.005758
3.285905,-7.692988,-14.7960825
-4.4206595,-6.998953,-15.781984
-6.5265136,-11.667646,-16.94761
0.7134936,-8.349796,-14.39954
1.5643514,-5.0019946,-17.223534
4.951682,-7.374009,-12.713497
7.666321,-7.500598,-7.6258154
10.185844,-6.4602776,-10.542831
5.0108137,-8.471801,-11.148764
4.482479,-5.0630836,-14.380971
-2.3386016,-5.898397,-15.307079
-8.487141,-4.3625345,-13.6797905
-4.530994,-1.8650284,-13.467369
-3.8006926,0.17580122,-15.780361
