yaw,pitch,roll
0.6255337,-3.1334062,-5.277794
1.7107792,-0.43859875,-5.4933014
3.955007,-0.26510882,-7.7435675
2.953473,-1.0768881,-5.898053
2.7806482,-0.4032445,-5.3141317
0.92430687,-2.2241967,-6.529831
2.6531932,-3.6592944,-9.848042
1.7392752,-3.1157498,-5.140891
2.1624017,-6.253552,1.0838071
3.9414253,-1.2317331,-0.8256512
-2.653129,-4.0911446,-0.9228368
-9.274169,-6.4015,-4.4556637
-9.614544,-6.6246905,-7.5522394
-4.6017227,-5.370352,-4.3581905
4.2233353,-5.1204147,0.40643755
3.8929155,-3.7552428,3.2124224
1.9286829,-2.667555,-0.96856713
-3.415822,-5.11376,-5.9512234
-5.060672,-5.475029,-9.334703
-1.6817245,-3.7953403,-6.143345
1.8412476,-5.4213543,-5.3422327
7.728288,-2.667572,-4.778841
5.075695,-5.12927,-4.072342
9.13102,-1.7786764,-5.565684
7.252619,-2.4832091,-5.051003
7.1650066,-1.3657402,-5.310933
5.1709394,-0.22833076,-7.0639515
4.8738556,-2.6421728,-7.8980904
5.413432,-2.5432231,-6.1425614
4.287557,-3.12388,-6.053833
1.9784865,-4.645339,-7.278254
1.1337342,-5.757266,-7.8510275
1.8469571,-5.0994096,-6.463418
4.054776,-7.5621185,-2.2886353
5.2272677,-6.5243387,-4.461891
1.2695576,-7.787552,-2.2782536
