yaw,pitch,roll
-10.114022,-13.325804,7.7763443
-9.647033,-14.098917,10.471646
-11.558907,-13.749096,7.9851446
-13.394998,-13.81703,8.704643
-16.642506,-12.012809,6.3817034
-11.116541,-11.896357,6.921339
-15.773067,-11.522816,4.083087
-11.543883,-11.319312,3.1702805
-13.944572,-14.552092,5.922965
-16.880436,-13.220978,3.9370704
-17.868464,-11.425093,4.3829274
-18.428463,-10.742588,3.6119514
-19.366941,-14.706143,4.1642084
-17.136284,-14.312353,1.8842392
-16.32794,-18.517574,3.2772179
-16.316149,-15.779116,4.7676125
-15.816565,-14.994683,7.386842
-12.126408,-15.428285,3.8651943
-13.171768,-13.887286,4.499597
-22.910831,-13.468239,7.8725185
-25.359015,-12.856148,4.32184
-4.4460745,-16.854176,5.4296303
0.28886652,-21.67324,-3.9883058
-14.321495,-15.822964,7.468199
-22.84856,-15.26277,10.4310255
-10.140648,-12.80911,5.470812
-10.688932,-15.251773,8.295647
-6.97406,-19.974478,3.401569
-15.570979,-13.925228,6.743977
-24.466393,-16.592556,13.225258
-20.172626,-17.26258,9.16661
-3.0256693,-18.509596,5.976701
1.0649662,-15.316699,2.8541164
-7.5513067,-13.262856,4.6900134
-10.479328,-12.177462,4.9151163
-21.434097,-18.475822,11.035046
-20.763847,-16.707626,6.5961924
-11.471404,-20.499313,4.4376526
-7.649964,-20.633316,4.636623
-12.744643,-18.090216,4.7148776
-15.267933,-20.77587,5.7117133
-17.745207,-20.721006,7.80923
-18.832993,-19.822617,7.3483768
-16.754238,-20.407171,7.504693
-8.611517,-18.722446,6.903953
-14.283497,-21.375782,7.32577
-15.037512,-15.585609,4.1187887
-14.838852,-14.543507,4.109373
-14.587718,-15.171728,5.4587545
-10.741653,-18.717915,1.7389369
-9.110964,-14.914911,6.364227
-10.529704,-11.860193,7.409848
-12.781598,-10.977969,5.18931
-14.228491,-12.431339,7.560168
-8.010552,-6.2201023,6.629473
-2.826056,-2.9089246,5.616382
-1.0632508,-5.388874,4.357954
0.6483426,-5.396937,5.462818
6.988656,-6.9065056,4.956309
5.842908,-5.1378436,4.787675
8.167621,-3.3388095,4.8179073
12.98448,-3.4612083,4.1781535
7.118574,-0.82616794,7.0378304
3.0577784,-4.1889205,4.8561473
4.572263,-6.5728545,4.197681
6.6433516,-3.900187,-4.7505193
9.457266,-5.6826167,-7.029503
8.320048,-4.696539,-9.512538
6.7430515,-7.1816745,-10.806808
8.107256,-6.350765,-13.34967
3.2424262,-8.4287405,-17.96981
-0.09155452,-10.840256,-17.454996
-3.9699306,-9.629433,-19.254463
-5.421595,-15.316286,-21.108494
7.6916385,-17.187283,-19.892918
-1.8205391,-15.901963,-17.426355
3.6953816,-16.606033,-17.574451
-0.53795654,-14.405403,-19.036797
-8.797126,-16.35955,-14.239935
-11.298889,-6.002922,-12.883371
-14.022871,-6.094313,-12.268532
-14.490477,-10.236757,-13.334857
-23.404793,-3.8010733,-10.809978
-21.349333,-4.2378216,-7.4125466
-17.496717,-7.30704,-6.8500776
-16.164595,-8.494995,-3.0059924
-8.911888,-7.1031294,-1.6151454
-5.708275,-6.2414107,1.0963207
-3.1099272,-5.1965275,6.2013426
-5.1498737,-4.0677733,7.488828
