yaw,pitch,roll
9.246118,-3.6317716,-0.28702283
14.155558,-2.1968405,2.6154003
14.844244,-3.8748665,5.674626
9.0754385,-0.15149343,1.801814
11.537646,-2.2513237,1.6889656
9.953085,-2.402493,-0.08633947
13.5448265,-3.5460057,0.088072896
12.5277405,-1.4824332,0.038128614
7.2036896,-7.9638486,-0.7703321
11.397413,-7.6344767,1.2003003
11.2685795,-6.96027,2.50215
16.838024,-3.1563182,5.101608
9.686507,-7.2804213,2.4713657
3.6118057,-10.437651,-4.531949
-0.22260666,-11.464838,-2.6083076
1.1684175,-8.970492,-1.3075212
1.0790336,-7.035632,2.3865898
5.403288,-5.0138,1.712313
-0.80037725,-9.928561,-3.0127387
-3.0260606,-5.574871,-7.469389
9.357035,-13.765884,0.929241
-2.3813481,-7.8183913,2.4875705
-4.0589857,-6.977895,3.0220144
3.4805925,-8.5929985,3.6633615
6.094558,-11.792051,-0.63973093
4.1376534,-8.980901,-0.3116659
9.526625,-10.167127,2.859901
-1.9749167,-6.4079933,-0.9564066
10.6353,-8.447691,2.848768
5.2881002,-5.8930345,2.969258
10.219032,-9.001782,0.31719676
11.026115,-7.2019305,2.7324176
7.4938498,-6.7862186,2.163636
12.56309,-12.068715,1.8223193
11.022938,-8.265849,4.2516026
14.580389,-10.633774,1.450796
