yaw,pitch,roll
19.066418,3.657219,-16.104704
6.1933208,4.5078697,-12.538192
9.241972,2.995614,-15.001276
7.822968,-1.2326983,-12.554696
6.109272,6.873925,-15.289368
9.863073,7.1492534,-13.874643
12.551062,2.7311935,-13.32403
-0.8738505,-2.9417968,-11.833668
6.3188562,2.716339,-14.534173
-2.9449139,2.113831,-15.63114
6.102453,-0.285753,-10.708071
-2.3013096,-12.039389,-14.504705
0.023896694,-16.080055,-16.719183
14.086839,-20.010664,-16.392893
-0.02766347,-20.384033,-19.001
-10.448458,-7.1145096,-14.360721
0.20847964,-10.648572,-12.371861
2.0196383,-16.823416,-14.612169
4.206159,-17.295979,-19.571949
10.25275,-15.82735,-16.9408
0.7684076,-22.879313,-12.338358
-6.3813143,-9.58043,-12.043614
-0.40162385,-6.80285,-9.015093
-2.9401097,-14.278282,-11.727045
0.46555233,-16.72602,-14.498863
5.7295876,-25.940105,-11.112356
2.1829014,-21.223959,-14.268228
-1.5927789,-14.591224,-11.865439
-9.166096,-5.180722,-13.981163
-2.3320215,-11.7768135,-16.375383
-10.296793,-9.460566,-12.458044
6.8128567,-16.436102,-14.086119
9.953089,-17.7607,-12.530015
12.824728,-17.850937,-13.871721
-0.59075546,-8.444959,-13.510774
-5.994625,-5.2644067,-15.364157
