yaw,pitch,roll
6.538166,-7.380888,1.317219
5.4639077,-7.760061,1.6582973
3.3276172,-8.210089,0.22244674
3.6875358,-8.480778,-0.56707084
3.793866,-8.162442,-0.5244783
4.936132,-8.123669,2.1864476
6.483378,-8.966226,1.865988
5.030968,-6.8589983,1.6890091
1.6073323,-8.387657,-0.04732628
-13.642908,-13.217171,-8.177092
-6.0118475,-7.9152327,-6.0949945
-3.2763176,-7.223939,-3.1877162
4.342478,-6.06021,1.0440059
5.0846047,-1.9786596,-0.41837347
2.3542888,-4.665211,-0.385018
-3.6260107,-5.9178543,-1.6170679
-0.34399223,-6.1859465,-7.4207497
-0.73630595,-6.1677737,-5.0927305
-0.98181486,-3.041078,0.053137615
3.3608272,-1.9175507,0.17818606
3.8791542,0.24817502,-0.59405184
2.3294463,-2.3187757,-1.4229935
4.766263,-2.247778,-1.9660182
3.2940195,-2.7273834,-2.8340652
2.1621332,-2.1136296,-2.2129388
3.6757054,-3.651535,-1.5951476
3.9586496,-2.2022014,-1.91758
2.2355595,-4.306863,-2.4508986
2.8171241,-4.8750463,-2.322674
1.7894344,-5.238041,-3.7809258
1.4825723,-5.9283934,-4.184313
3.575367,-5.9743185,-2.819437
4.124076,-6.7732754,-2.7833776
3.9251704,-6.7949805,-3.0879076
6.342385,-5.168885,-3.1528456
4.610402,-5.7453957,-0.84923637
