yaw,pitch,roll
7.7912025,-1.5549374,-0.06444001
5.3288817,-3.1233068,1.3923934
5.045121,-3.3115718,-0.36293876
4.841746,-3.9706092,0.68953145
3.4746087,-3.3903208,-0.5130961
-5.2816653,-4.379564,0.9433208
-14.55987,-7.4980583,1.4435229
-11.081943,-6.1258097,3.8292017
-4.084983,-3.261941,2.662003
2.9005222,-0.42755818,4.988757
3.4842582,-0.9777552,3.7020335
-5.4764,-1.823677,6.6823964
-13.114258,-3.4042616,8.260848
-22.793201,-2.7961812,5.671007
-29.654514,-3.0060587,6.407383
-18.31913,-6.751243,6.096372
-9.046369,-7.676298,1.9105662
-1.7031605,-2.7425041,3.0295377
1.4797003,-2.1150546,1.9482241
-5.728997,-4.0603437,4.630784
-16.525068,-4.4179125,2.9847417
-24.70263,3.0229523,0.7937943
-25.724236,1.1808184,0.34614182
-20.476954,-7.8900194,2.26446
-12.257683,-7.6757765,3.1389465
-1.0841765,0.11929011,1.1740806
-0.28866625,-1.3184283,1.9408406
-3.868855,-4.314,4.455909
-12.337095,-8.765805,4.9596815
-17.684711,-4.753456,-0.060866714
-24.323227,-5.412842,2.650397
-24.503986,-5.926546,0.39311934
-14.576258,-10.25329,1.6709628
-10.220187,-5.8598843,1.4624102
-3.8967652,-7.578698,1.3661007
-8.42818,-3.7857537,0.17453897
