yaw,pitch,roll
-5.6490083,-8.98461,-10.27965
-4.210608,-8.674761,-10.774265
-5.119694,-8.860117,-11.248146
-5.0365334,-7.0405984,-11.345916
-3.8222642,-9.482256,-11.375972
-4.4187665,-9.072042,-11.255251
-11.735495,-7.2701874,-10.258025
-5.735159,-6.011165,-10.549222
-19.133877,-7.268239,-12.541441
-27.123074,-8.832264,-12.108781
-17.303421,-1.9611983,-12.821006
3.2880983,-8.478122,-6.7246513
-8.950198,-3.1471226,-9.25752
-26.753262,-6.917598,-12.347005
1.846983,-5.349664,-5.307869
3.1806374,-5.760466,-5.8973694
-21.549835,-2.6812754,-14.056567
-23.412704,-5.7322493,-12.901929
-5.3854713,-1.8532645,-12.941105
-9.675588,-6.1768417,-11.878082
-8.3203125,-7.5169554,-9.146331
-17.774641,-2.2831438,-10.901506
-14.798949,-3.5529795,-10.463015
-1.5488701,-1.8329158,-9.315208
-17.355354,-2.502049,-15.259968
-21.451614,-4.713431,-11.630234
-9.966045,-5.78224,-11.728887
-4.708747,-5.252329,-10.701722
-11.164277,-4.7212853,-13.353582
-22.292267,-2.5983777,-11.319192
-15.4255085,-4.531238,-13.00222
-11.763043,-4.1890025,-10.618694
-6.0110025,-2.8750107,-11.894725
-11.271242,-3.336927,-10.400442
-13.655691,-4.395409,-11.439964
-9.115494,-4.541231,-11.289301
-5.593199,-2.4502108,-9.466862
-9.874943,-7.503692,-12.505049
-5.855474,-5.607217,-10.794611
-9.380718,-5.5783343,-13.796079
-10.731503,-6.4937506,-12.706721
-13.227423,-3.68209,-12.963543
-12.0693035,-6.242653,-13.037698
-4.5110745,-3.9686615,-12.49603
-5.8985004,-3.3747551,-11.10167
-3.4196415,-4.2045374,-10.617885
-2.2839618,-3.3216383,-9.103916
-1.3182716,-2.933819,-7.64357
0.077442646,-3.93507,-8.338165
2.6272864,-6.165452,-6.0095277
2.1211083,-3.2223806,-4.86549
4.832295,-4.7994184,-9.35862
6.3305116,-3.2124665,-7.9337654
4.9183536,-3.7039504,-9.476452
4.5404687,-4.203834,-9.3329
5.639399,-5.5951614,-8.817347
9.745411,-2.8656013,-8.736338
7.75143,-2.172668,-6.409206
8.638877,-1.7738161,-8.74008
5.524029,-1.0755913,-11.48304
-2.1673813,-2.0203223,-13.899714
-0.382154,-4.7831244,-12.186023
-0.14039993,-2.771642,-12.967701
-9.137794,-2.7024608,-13.463342
-7.5641108,-4.2989197,-14.097323
-4.9471292,-1.1948216,-14.592108
-3.0313487,-1.6049256,-10.330936
-0.80798984,-4.9037848,-11.574735
-2.4624717,-0.10254407,-9.898871
-0.237504,-2.1740525,-9.876108
-8.339754,-2.4793878,-11.833462
-3.3029363,-1.7089837,-12.969876
-3.422342,-3.9103146,-8.95331
-0.05852866,0.8601384,-9.609129
-4.8231034,-2.828674,-11.287653
0.07590127,-1.1823313,-13.009203
-0.33782983,-0.5437073,-11.537445
-0.2617445,-3.5497549,-12.957982
0.04700017,-2.0204897,-11.414992
1.607341,-0.4838183,-11.06971
2.8070347,-3.3043919,-11.430391
0.96980476,-1.5226915,-12.31543
-0.0007534027,-3.9561458,-10.6425
-1.258446,-4.569639,-9.861576
-2.8760977,-4.927575,-10.417546
-2.3366716,-4.697899,-10.423699
-1.9391277,-3.6087258,-11.128361
0.8090067,-2.6602716,-12.573309
2.6488435,-3.3054023,-11.604902
1.3767385,-4.3920407,-11.676589
