yaw,pitch,roll
-0.6723459,-9.17584,8.233705
-0.83804023,-7.422818,9.11757
-0.30600396,-7.8943095,7.4236403
-1.7843848,-7.4997416,7.8690834
-1.7237548,-6.9000864,7.7336783
-1.8506649,-6.2074943,8.004467
-11.835779,-7.2261114,9.882889
-14.661467,-10.077343,5.298222
-15.628105,-10.333492,8.405087
-9.955953,-4.2909718,8.163293
-1.9546689,-6.043275,7.0769377
3.514626,-8.547592,7.2387023
-0.37081134,-4.483262,8.448004
-7.081807,-2.1453714,8.808119
-13.167313,-6.6925435,9.774702
-13.817171,-6.679799,7.6237206
-13.05975,-6.3668156,8.741844
-6.036462,-3.9585292,8.749098
1.4961393,-7.7777596,7.024316
-2.4160914,-5.22491,6.9110045
-6.406997,-2.510047,9.172983
-10.558506,-3.2875905,8.3193245
-11.768854,-2.6419463,8.736785
-8.428307,-0.4473623,11.663876
-0.24661088,-3.6189022,7.537181
1.6194081,-5.692157,8.771696
-1.6525366,-3.676762,9.42531
-6.800577,-1.4949422,11.748404
-7.871974,-5.266964,7.806071
-7.0305386,-4.0443335,7.1676507
-10.079021,-3.453043,9.598346
-2.7183747,-3.5596566,7.8576093
-0.49022323,-6.617437,7.341802
-5.50468,-4.6048098,10.066537
-7.4116554,-3.7839954,8.473021
-7.7642183,-3.242263,8.546759
