yaw,pitch,roll
5.315708,-7.446824,-9.438333
2.8067083,-5.876918,-10.244736
1.2038584,-3.9400682,-10.794505
1.3850985,-4.6206207,-10.5464735
0.24476337,-5.2565856,-11.692557
1.696209,-5.2548122,-10.32733
-0.81661034,-7.8320923,-9.682842
-4.084179,-13.955939,-8.243285
-24.70214,-13.497033,-14.94243
-34.702446,-5.906217,-12.814242
-25.157125,-9.643426,-12.3616495
-9.551014,-11.9385395,-7.513236
-2.3763156,-10.660144,-9.491357
3.5730648,-6.432917,2.849711
2.6696,-4.155751,-5.488033
-3.7183843,-9.326944,-5.3441906
-30.138958,-12.160898,-14.328339
-32.202396,-6.612317,-11.433273
-19.975933,-11.880253,-8.592569
0.8239417,-10.878805,-4.204383
5.6670303,-3.4614217,-0.017066479
10.027537,-2.6566772,2.0004995
6.851927,-4.099453,4.846778
5.1231694,-6.705572,1.8086643
-8.237788,-7.2420483,-2.83362
-20.831366,-7.2639604,-6.617523
-21.117039,-10.578032,-7.4934363
-4.352204,-11.57307,-3.5038033
4.947769,-6.029464,-2.371027
15.740762,-2.110045,2.8955383
8.501408,-5.908058,3.7562318
6.7901216,-4.363681,-1.1664805
1.5469537,-9.784918,-4.0904703
-15.13877,-9.277609,-5.8320146
-17.853422,-8.684525,-8.948179
-19.25652,-9.860781,-7.34476
