yaw,pitch,roll
2.551468,-11.612286,1.6707795
0.71776843,-12.307022,0.19990909
4.3836927,-12.112587,0.23073518
3.579531,-11.0253525,-1.7167869
3.3962145,-11.592377,-1.5030023
3.5444586,-10.818571,-3.070777
3.2695763,-12.384807,-3.9094765
3.7062879,-11.4502,-1.9248753
3.3628225,-10.8377075,-2.2945006
1.2252586,-8.391317,3.609548
-9.327345,-6.3644857,6.4731674
-22.636202,-6.5333166,4.321202
-24.64664,-3.2873983,0.4768188
-4.69804,-0.7614225,0.74441713
-8.660781,-4.8381786,2.6406357
-20.544525,-7.6855273,-1.2987229
-7.77968,-2.7966986,4.8478656
8.268011,-5.309856,1.0503025
3.34139,-6.934862,2.0362682
-10.763871,-8.540576,-2.5880218
-6.337475,-6.1530056,-1.0559729
3.735326,-5.3187103,1.1487157
2.728165,-5.311977,1.1664513
4.3009815,-6.6762056,2.7588997
1.7844687,-8.330849,0.62155944
3.1317809,-7.802281,3.8457727
6.9721966,-9.1458,4.3111115
6.697053,-7.703618,4.5946984
5.642192,-7.5862284,5.22438
6.8848376,-7.5764275,4.0659933
5.6677313,-8.316889,5.3888035
5.103892,-6.7710648,5.100696
5.21656,-7.524928,4.169569
4.997542,-7.323758,3.6978507
3.329153,-9.254718,5.7683454
5.9275784,-10.171913,5.6911793
