yaw,pitch,roll
-0.51879644,-15.701942,-4.0611005
-1.6913142,-15.49519,-5.6239996
-2.654653,-17.685558,-4.43245
-0.111255646,-15.967896,-3.9833536
-0.10107994,-16.915222,-4.9393916
-0.97212076,-17.109625,-4.9007545
-1.3604536,-17.667652,-4.562713
1.5125077,-15.644733,-3.4643078
-5.2083178,-19.815382,-4.808217
-12.433977,-19.174583,-6.013117
-11.044243,-20.215942,-8.424824
-8.234746,-24.83456,-7.83416
-2.509994,-18.546196,-1.0644795
-2.921159,-19.865791,-2.0185056
-6.188594,-16.577261,-5.083723
-11.508011,-19.90246,-8.157259
0.3365574,-18.11096,0.09961271
-5.9786654,-15.412615,-3.9569373
-4.0444045,-15.483676,-2.8512986
-7.027942,-14.124075,-4.8322487
-0.80453444,-14.460717,-0.33978152
-5.554282,-17.336393,-3.72956
-4.887413,-12.778677,-2.7912467
-4.855263,-17.649014,-3.206335
-1.7874405,-21.54211,-1.6811268
-2.8616118,-20.94197,-0.89823794
-1.8809485,-18.64663,-2.017747
-1.9567933,-18.629982,-2.7628644
-0.87424946,-18.42786,-3.084312
-0.8361044,-13.550547,-3.2685275
-3.7675884,-15.993362,-2.2280464
-0.005104065,-17.83522,-3.3730304
0.25837612,-17.220398,-3.792704
-1.9174094,-16.5566,-4.942794
0.004869461,-16.522373,-4.4607964
-0.6096053,-15.377613,-4.9699645
