yaw,pitch,roll
19.870564,-19.79399,3.7652888
13.100982,-3.1884954,-8.636999
10.055576,-0.42723477,-9.211154
4.886082,-3.0668063,-9.828087
2.9431515,-5.177471,-8.6915865
-11.35707,-5.605503,-7.52205
-21.465311,-0.8121755,-2.3387296
-27.37903,-6.2488565,-5.1081
9.698679,-3.9530234,-1.9774817
-5.0824723,-2.0739691,-2.2552042
-22.524641,-0.9610449,-1.1551025
-27.870737,-6.4732122,-1.1906269
-11.073918,-6.9537306,-3.8770213
-17.752592,-3.5067897,-2.4911244
12.017606,-2.400607,0.04858482
-10.318402,-2.3776696,4.758784
-18.305153,-4.312139,-4.0700297
-28.380745,-5.296609,-6.2256274
-22.805498,-2.5433385,-0.626628
-6.7355504,-4.413104,-2.1054683
10.445843,-2.201465,-0.53050804
-7.1783004,0.6683861,1.5959188
-13.758995,-6.9736185,-1.562678
-18.861742,-7.8644505,-8.0498
-1.2943306,-1.5079134,2.135446
1.5061957,-4.7107162,1.924737
-3.7878513,-4.7370434,-0.28478372
-16.62461,-8.943972,-9.253533
-9.781066,-5.998744,-0.72420454
2.5362663,-1.6439917,2.2536614
6.1573277,-3.3690085,2.3412857
-4.0958223,-6.934843,-1.26508
-1.8568242,-7.878283,-6.053064
-1.0809102,-8.787298,-6.463542
2.066262,-7.045045,-3.6208541
2.2347887,-7.62823,-3.1778588
-1.3403416,-9.084541,-3.6359167
-0.72355914,-8.984206,-2.3054857
3.6005852,-9.84094,-2.2284245
6.0712137,-6.7876644,-6.5710526
12.413725,-4.208637,-1.9730728
10.894242,-2.0312765,-6.1312113
13.497065,-3.831426,-2.602191
11.983411,-2.0850573,-0.56999314
12.083046,2.20438,4.829192
16.507849,1.8504554,6.8283405
16.289267,1.4850417,5.183513
11.58543,1.1621382,7.0122013
16.569841,-0.31414932,4.2939873
19.205158,3.2362156,5.7452216
18.201984,1.4877367,4.9786706
17.620548,0.8399908,4.3956733
14.333733,2.2567608,1.7397709
16.28161,1.7103901,6.497374
12.256767,-0.92808974,3.4074469
14.845039,-2.832985,2.909945
19.43208,-1.5174794,7.149357
13.155508,0.1328973,3.9002395
4.6450047,-4.9970894,2.605833
8.151691,-1.2289879,2.8936408
6.985556,-1.519465,2.3722458
12.725745,4.58037,4.53064
11.724688,4.709609,1.0102887
8.549465,8.44031,0.22469375
0.07964635,1.4923563,7.3515415
3.5885384,7.5357265,1.8674817
6.75703,1.6690252,1.8429642
7.580915,0.01591456,-0.20013237
10.912176,4.9677386,0.704679
21.030178,0.98888904,-2.537023
25.80315,-0.94667715,-6.104248
26.35389,-6.091791,-6.685813
26.187832,-4.5301785,-7.8754826
22.944044,-0.9958256,-8.99029
20.794537,1.7344509,-5.1808214
15.449322,1.1125743,-4.7863965
16.38604,5.816709,-1.6224241
16.09274,3.784935,-2.7587233
17.15025,0.30864787,-3.8981037
12.9322815,-0.89291155,-3.047165
10.702517,1.2337334,-4.4005895
16.747416,1.121969,-2.4793963
20.22445,-2.0857227,-4.5160522
22.231827,-2.2750893,-7.7354374
14.707354,4.146363,-6.150812
18.320389,-3.908598,-6.7534304
12.286629,-0.17564678,-3.4439058
9.146041,3.4021745,-6.264057
8.49349,1.5847706,-8.264004
11.441075,-0.13437319,-8.952318
