yaw,pitch,roll
-11.019491,0.8490045,4.454161
-13.095245,6.774549,0.82013106
-33.854454,4.8135815,6.4868326
-27.008553,-0.54608375,3.165451
-33.707493,-2.491397,4.264089
-23.913599,-2.729041,2.9031982
-32.668396,1.0203688,1.0929132
-16.32985,-2.248193,2.5388224
-18.887707,2.2413578,2.5766215
-31.028683,0.7105588,6.632077
-32.07491,0.09674358,3.4738543
-30.849379,-2.2406564,1.9698915
-28.775566,-1.2434434,2.4415374
-30.73111,3.5682116,1.1009253
-14.234865,-2.3085804,1.8973062
-22.451519,1.2940838,2.9784555
-19.63147,0.94653296,1.7250049
-24.13221,-1.1503601,-0.010374129
-26.91888,-2.0355644,-2.9640899
-29.07022,2.2626746,0.09983313
-17.795364,-0.7523706,1.6800889
-7.948446,-2.7027662,-0.03214713
-22.789593,-2.3808422,2.1501875
-28.636879,0.05467564,0.10692194
-26.653461,-0.18605137,-4.789401
-24.505451,-1.5932245,-2.8993192
-29.37072,-0.5235391,0.6283798
-3.6607952,-4.1106787,0.22664696
-11.341591,-3.5053232,0.3811509
-20.320034,-3.1352072,0.69986045
-21.560741,-4.989158,2.5263476
-22.28925,-1.2758379,-2.865253
-27.3068,-3.5375435,-6.388093
-25.323828,-5.2472177,-5.5221186
-21.485466,-4.3490467,-0.7367799
-8.937938,-9.651163,1.0758026
