yaw,pitch,roll
-7.377965,-0.55431986,5.8689275
-5.655775,-0.6966592,6.1073856
-6.470546,-3.1126332,4.8923697
-6.62307,-2.614924,4.940945
-7.4921265,-3.1039433,4.1972327
-10.532194,-4.684684,3.5871265
-18.930199,-6.132967,1.3862221
-23.13331,-6.4206696,-3.9465432
-20.48175,-6.539071,-4.845477
-17.411915,-5.5083866,-3.144877
-7.0750995,-2.8762908,2.4321556
-8.146017,-4.818842,1.8504493
-13.867038,-5.202092,4.744025
-15.995747,-6.222291,2.7975929
-17.684252,-3.7545457,-0.23421669
-23.488857,-6.3595834,-2.9814386
-16.201818,-5.189389,1.8705865
-6.539414,-8.257623,6.0006704
-8.574829,-9.137737,8.322783
-10.052692,-7.8282056,8.209892
-13.180668,-7.420412,8.760054
-15.173904,-8.885426,5.2733736
-22.125427,-10.677174,0.89723194
-17.72911,-8.534816,2.355286
-18.374401,-9.023291,5.4146624
-12.998219,-10.23531,8.172274
-11.504079,-9.003287,5.6188817
-10.966174,-7.6384487,5.8815126
-10.722837,-8.167737,5.890398
-13.776522,-9.18837,7.0055494
-20.260546,-10.040527,2.5124404
-18.910564,-10.025596,0.061917186
-16.657969,-10.518091,1.4357587
-13.054883,-9.056039,3.1391687
-13.798277,-8.841549,3.8736696
-13.360832,-10.473839,3.5350795
