yaw,pitch,roll
12.690408,3.0409873,19.02393
10.368647,4.652458,21.388798
15.77474,3.9653583,20.634401
14.485359,3.694523,23.292278
12.409184,1.8982503,20.741947
14.233307,4.6028337,19.965858
19.768608,1.962599,19.642126
21.583843,4.358157,17.549547
8.969495,0.896888,9.023614
5.2807474,0.008366823,13.501083
18.16509,4.449376,22.408392
31.936483,-4.9374137,17.929262
16.902336,5.6273165,24.582174
1.9355412,-1.8306463,12.281087
14.304937,-3.4362907,14.430969
27.157862,-6.701435,20.30314
28.298386,-3.8483663,27.879105
4.925862,-3.9722776,14.788319
3.219114,-3.7191076,12.841959
4.6415777,-3.1835058,13.452221
13.85827,-5.496965,12.455997
20.385433,-7.962529,16.076935
9.994369,-2.1569583,19.755524
9.574381,-3.9909167,15.231678
3.950014,-6.2341757,13.336285
1.8416233,-6.528964,13.290401
8.534313,-6.0309453,13.9713745
12.899405,-6.4471326,10.796958
8.199189,-7.808424,14.051268
11.993851,-7.373267,13.275766
11.327534,-6.8771214,12.16
9.189313,-6.1689153,13.618616
8.1308365,-5.4111695,12.552872
8.62784,-8.532951,12.60861
8.856052,-7.9572096,11.849946
10.080172,-7.26536,12.200617
