yaw,pitch,roll
16.050827,-3.4581614,1.6043419
20.971966,-0.84614605,-1.0644416
15.538683,-1.8254123,-1.4623605
21.225061,0.7746885,0.103224754
19.991236,-0.70634127,1.053745
18.868225,-2.2514153,-0.6072097
13.884025,-4.525156,1.5877092
11.77498,-6.042795,0.42101634
-5.2701783,-8.459832,-9.557014
-5.276208,-5.1177974,-13.827219
-10.185699,-9.8075485,-11.27525
1.6009874,-1.9828938,-6.4508295
9.142362,-0.7557336,-7.6524296
-3.6063564,-5.5087385,-9.808158
-8.205056,-6.8906536,-12.278732
-10.854342,-7.114856,-14.057669
-2.5986075,-6.05186,-13.2206955
5.7920866,-4.3291783,-8.693481
6.1031985,-6.199141,-9.300869
3.7395697,-3.1271052,-11.775484
-8.447358,-1.263079,-10.827293
-11.229506,-5.325458,-12.988998
-8.0258,-4.810969,-13.417207
4.026992,-4.5345116,-11.379751
10.388336,-5.410131,-9.41802
4.4175687,-3.6673598,-12.537421
-5.368902,-7.32933,-10.442464
-11.665287,-5.0666766,-14.657585
-9.573295,-9.244299,-12.614805
7.039888,-3.1089811,-14.276117
5.98056,-8.838185,-9.0055
5.245824,-5.98475,-11.4931965
0.57937765,-4.5200357,-12.606409
-1.2149582,-7.3531837,-13.158802
-3.8187082,-10.305813,-12.354603
2.2910175,-8.151816,-11.169903
4.281352,-9.026973,-11.279438
1.6816907,-9.489205,-12.355841
-0.29252434,-10.809849,-13.272044
3.4975705,-5.774783,-12.227316
0.5557008,-9.52112,-12.928135
2.4824438,-10.572919,-12.406948
1.1524997,-10.429785,-13.736965
-0.015258789,-10.453274,-14.241409
1.54883,-10.137509,-12.533672
0.698359,-7.2159185,-10.90646
0.70902157,-5.597704,-10.613916
1.5357995,-7.7567267,-11.520498
-0.5573287,-6.642602,-13.192115
-0.48805666,-7.6856027,-11.95107
0.34359026,-5.8269114,-12.113513
-2.3580236,-8.148119,-11.891044
-1.1748681,-6.663208,-13.8035145
-2.0733128,-7.507922,-15.319523
-0.013343334,-6.1113367,-13.123356
-1.5431805,-6.743865,-14.056871
1.0119953,-7.8405156,-11.270715
-0.62048197,-7.2977257,-12.5353565
0.30544853,-8.144901,-13.811497
0.5772443,-6.890464,-12.858973
-0.9404187,-6.1488395,-11.993612
-0.32967854,-6.709818,-12.079714
1.382823,-8.104019,-12.886427
1.225575,-7.9004674,-11.723619
0.67599106,-6.9140778,-12.124099
2.1625352,-6.9489,-12.182354
-0.7028332,-8.571172,-13.752611
0.4086604,-7.4674797,-14.263691
0.21869326,-8.511224,-13.907433
1.7836618,-9.178692,-12.669865
-0.0007238388,-8.304783,-15.4012985
0.41787434,-9.0288925,-13.330701
1.0148602,-6.8563147,-15.638966
-2.1795661,-7.9131174,-15.0212
4.299657,-3.197338,-16.039387
2.7262442,-4.912913,-13.857969
0.043300867,-6.417245,-14.909736
1.8330526,-2.8341048,-12.5670395
-0.1460526,-3.2819376,-14.997616
-7.1603966,-7.65059,-16.015022
-3.528525,-4.2119365,-14.617622
-6.350959,-1.8983229,-17.172932
-4.1333723,-1.4532053,-16.942347
-4.191071,-1.7360102,-15.09137
-3.350594,-0.16510259,-15.690109
-2.0557394,1.3433204,-16.942425
-1.2888522,2.2239227,-18.046276
8.006203,1.018765,-14.462335
8.740857,-2.3710093,-9.695887
0.18349552,-0.898846,-11.371847
