yaw,pitch,roll
-9.530671,-11.300971,-0.3133561
-6.662022,-8.500923,0.53948057
-5.2272825,-6.6864367,-0.597517
-7.7388887,-8.932752,-2.7061722
-6.5708227,-8.945541,-2.58216
-4.6947823,-10.191586,-2.5570972
-5.0638714,-9.259401,-2.3078086
-5.329472,-9.934027,-2.3825967
-5.0512567,-9.808788,-3.6109934
-3.5468044,-9.890255,-1.5579243
-5.5745425,-9.46476,0.6773831
0.313807,-9.287617,1.9140046
-2.3069377,-5.6616173,1.4123974
-7.531451,-8.8037405,1.2810805
-12.098623,-11.409117,2.6097674
-18.713188,-10.803535,-1.6671447
-19.46748,-10.265083,-3.9039383
-17.090185,-10.098649,-1.8826417
-6.3119597,-13.2563505,2.8683205
0.18346548,-10.302966,0.8996989
-0.9180865,-7.8904343,1.7662169
-5.852707,-8.478142,4.2011447
-12.345933,-7.937763,1.0988206
-17.549479,-11.920729,-0.9991225
-13.346195,-10.5571165,0.16394606
-7.846492,-8.289713,1.3767724
2.1472147,-10.096033,-1.4086711
2.308865,-9.700668,1.3452041
-12.27433,-12.315037,2.165754
-14.780935,-13.154509,-2.272542
-14.042674,-10.107759,-6.1663785
-5.799405,-12.41145,-2.8703508
-0.9604306,-13.717361,-0.2694478
-1.5175319,-12.159559,-0.20030808
0.30203032,-8.035749,1.1380924
-12.381952,-11.507025,0.19758393
