yaw,pitch,roll
-0.28408092,-1.2159097,2.2863295
-1.0719608,-3.6427999,1.0709975
-1.1080722,-1.3138257,1.2938067
-0.39127314,-2.6261148,2.1741166
1.1907297,-2.2392979,1.9638221
0.4704337,-2.837123,2.9912093
-0.9232797,-2.2719398,0.77531
-1.6498957,-1.7848573,2.6608615
-0.22087711,-2.3147175,1.3759291
-0.7764211,-1.6155748,2.7815583
-2.438807,-1.0223451,2.0008478
1.3182273,-1.9087722,3.2522697
1.230361,-2.3129203,4.0774813
2.677253,0.22152591,0.6166984
10.123625,-2.038841,0.27953607
2.9366148,-1.1403067,0.5218554
-2.3089418,-2.323725,2.7925906
-3.840734,-1.5633347,2.8822103
-0.39860645,-0.033135533,6.587901
1.2176358,-2.617071,4.2876854
7.1708646,-1.2734404,3.6876693
-2.0605369,-3.1998506,2.4609911
-1.9257145,-1.7622691,3.5083604
-0.93798816,-2.3815448,2.9380414
-1.1528647,0.9883519,6.1618423
2.478741,0.9584311,3.9565592
2.4584322,-1.6087939,0.8359834
-3.6034992,-1.0649555,1.1878678
-1.3137114,-1.2583084,2.722117
0.89592093,-1.9366417,3.873402
-2.8414457,-0.63246167,6.6307917
4.971166,-0.41032472,2.2695332
3.8900528,-2.523313,0.21349841
-1.9818611,-2.4214387,3.108491
-2.6876342,-0.86558294,4.4534526
0.391495,-1.2490517,2.3586292
-0.30143178,-0.19404739,6.0694838
1.6804593,0.9956443,5.6125507
3.111879,0.62766707,2.0463274
0.06739003,-0.49699068,3.7727168
0.53957105,-0.5554055,3.9613307
-0.029564172,-2.6642046,3.3031824
1.0482348,-2.589562,4.392808
2.741327,-1.1028057,4.8865485
1.2403617,-2.004119,4.83849
1.86302,-2.0515265,4.97337
4.155154,-0.9392261,4.608724
3.8416438,-0.81689227,4.461837
2.9619083,-1.8268001,4.23403
2.7501407,-1.2032229,4.076489
1.9868022,-0.472557,3.925036
0.78903866,-1.1363249,3.9444923
1.2095921,-0.6411293,4.0326376
2.150421,-0.66274095,3.6470463
0.79492795,0.031653702,3.4699647
1.171417,-1.0614719,3.2897363
2.4086761,-0.698076,3.5639515
0.32021132,-0.7224561,3.7846882
0.007865965,-0.9071091,4.0491076
2.937521,-0.6818108,3.6812775
2.2885232,-1.5428709,3.5798254
2.657807,-0.6908229,3.5965095
2.3903682,-0.74450904,3.5084815
0.86503196,-1.1067718,3.3570871
2.6810935,-0.01710093,4.412278
1.7624338,-0.21022892,3.6407146
2.1239552,-0.3165909,4.0695214
1.9077655,-0.31146586,4.091205
1.879109,-1.0771621,3.8468344
1.872304,-0.29222208,3.9146
1.5220897,-1.1439867,3.2882318
0.54065716,-1.1674647,3.1998808
1.4083413,-0.95728177,3.1662006
0.34011906,-1.0045743,3.0193608
1.0846374,-0.25797522,3.8040495
1.2193934,-0.19570881,3.7940068
2.6163163,-0.21247244,3.8667026
2.8838847,0.070513904,3.8081267
2.057289,-0.55540895,3.4388363
2.6610293,-0.3521384,3.592017
2.8250294,-0.42261857,3.781946
2.495224,0.49738878,4.348555
2.7611845,0.89091325,4.8683634
0.66307306,0.1534419,4.16839
-0.152358,0.20841503,3.5963328
2.7447655,1.2184846,3.8565412
1.6942773,1.3613001,3.0134168
0.35460183,0.13118279,2.6603901
-0.08155072,0.34076628,4.042895
1.0951272,0.9352614,1.7589153
