yaw,pitch,roll
59.331223,-26.560146,8.01611
60.888157,-22.596464,8.884027
63.013206,-18.06063,6.3735394
54.701042,-15.962763,12.5889015
53.426575,-11.698188,10.712159
61.366714,-11.459565,7.7657213
46.59474,-11.608646,12.077071
54.730347,-4.5627947,9.5540285
60.937077,-16.091183,5.225462
35.730724,0.89591885,4.8727436
19.059679,-9.2547035,9.705229
-0.97493744,-3.749011,-1.6234205
36.57099,0.10641575,4.734
44.749695,22.238369,12.387778
45.35207,27.201221,11.881681
51.552525,8.52513,17.187681
14.101713,-3.9319568,12.139435
-1.7958732,3.1816192,12.080467
38.053497,-6.082793,15.9710245
35.866558,-3.976925,17.870768
10.607811,-2.5058672,17.47438
-8.570055,-6.3256707,13.884487
-6.4507523,-2.837698,13.235106
7.4751873,4.6976624,17.343695
37.264137,-0.8418562,15.534326
18.009527,2.7311795,20.60458
6.4794054,-10.012653,9.48243
-0.73022175,-3.4302106,12.872671
9.146921,0.0036815405,16.601593
27.765705,-2.126614,19.794994
29.391186,0.1694124,17.432922
6.510578,3.30427,21.54862
-1.2021759,-5.5243397,11.214846
-0.10441136,-7.0049667,11.763599
5.6071525,2.2548506,22.365196
26.550714,-2.9640117,17.148325
29.800083,-4.20088,21.789433
21.126347,3.5881476,22.604538
8.540461,-6.122472,13.74934
3.601666,-6.8931155,8.6543255
13.942139,1.5715725,18.761965
25.842709,-8.430839,16.100618
26.275244,-4.289203,22.376713
11.112659,3.0315928,21.674301
6.9123173,-8.679425,14.857918
11.825434,-5.484841,13.599993
26.79583,3.0917087,15.493565
28.927116,-5.044643,13.377769
19.101208,-3.2026968,18.01538
9.277939,-5.432799,17.246525
9.4213085,-9.140066,17.342836
8.998034,-6.443688,16.13226
14.424181,-9.042976,14.970568
14.009759,-11.269455,14.079086
13.727875,-10.24909,14.352578
14.184032,-8.369673,17.193129
17.691858,-2.9577966,16.741467
21.774693,-4.0064783,14.0405855
17.389236,-6.865238,17.544315
12.824833,-5.4323425,17.040768
16.956654,-4.730986,16.163824
16.285435,-5.0485196,16.064594
12.762724,-6.4253755,18.447308
18.788525,-4.9461064,16.676712
14.406284,-6.8779836,14.960851
16.907755,-1.5355722,17.31038
14.151705,0.53481126,20.098648
8.690456,-5.131585,15.957631
4.9294763,-4.2980223,11.179089
7.296049,1.1765018,11.609456
9.072636,-2.2987041,9.278633
8.641876,-6.556812,7.1117496
7.7188845,-4.9342427,9.239456
3.6172473,-1.3530519,9.485217
3.1183035,-3.5747232,5.482028
2.6477764,-1.2790397,7.4291186
-1.8945475,-3.7166395,3.731135
-2.5405548,-2.8339145,3.9431353
-9.036006,-2.7005606,2.9787593
-4.655862,-0.4620393,4.321351
-5.8824444,-6.7187796,2.0858774
-6.096838,-7.3441877,1.7776151
-3.389933,-5.459915,1.3433338
-5.5379734,-5.2102365,-0.20221758
-4.8586483,-4.1803064,-0.60749334
-7.927942,-7.0541925,1.139651
-5.9342732,-2.8806942,3.3895392
-8.542502,-4.0768833,6.0187697
-6.5844955,-6.2206235,5.391177
-7.971353,-7.1880875,4.291706
