yaw,pitch,roll
-11.138798,-4.9723425,-3.9082649
-4.0845013,-5.9058,-6.157988
-7.1694174,-4.6372495,-3.5345023
-6.6602664,-6.1895905,-1.5434237
-14.139183,-7.4056535,-0.48255658
-11.543198,-6.707582,-4.1523128
-6.449331,-4.7711277,-2.954492
-5.4588423,-4.558653,-5.199704
-6.626867,-3.9298751,-4.846133
-0.53114367,-4.268168,-3.9134753
-4.4813805,-2.4684095,-6.169243
-1.7011518,-5.552623,-3.4411352
-0.6384177,-5.40762,-3.4641316
-2.0589569,-6.9775887,-1.0439117
1.1277928,-7.562004,-1.6454961
-4.0367265,-11.56374,-5.005565
0.4532208,-14.486118,-7.9059296
-4.0777955,-15.069918,-12.977331
-1.3663913,-18.94445,-11.588241
0.09980571,-13.3660145,-2.4660747
-4.3572407,-19.141685,-8.197928
-10.875808,-14.121416,-12.383817
-9.443395,-15.683735,-13.298689
1.3273507,-21.18713,-6.277734
-4.1182094,-13.533123,-1.9896861
-1.3401697,-19.189623,-4.4246073
-18.37717,-16.070894,-5.7773147
-11.37201,-15.726234,-10.690064
-5.2276826,-18.279799,-0.81159043
-4.0160546,-12.225296,-2.3282173
-1.9584782,-18.102142,-3.6037998
-10.054052,-15.499805,-11.420366
-20.86441,-15.21608,-5.448078
-12.327802,-14.137112,-10.516538
-6.2697306,-9.461407,-2.3968053
-8.246534,-12.539291,-1.02965
-13.4147625,-16.66666,-5.0791726
-19.87043,-16.951279,-8.749851
-19.667166,-16.183142,-8.733593
-7.9757185,-12.192323,-7.4446983
-11.692642,-10.604966,-9.120802
-1.6580482,-12.0629425,-8.449804
-17.829395,-10.785947,-8.971184
-13.733302,-12.258072,-8.727535
-10.338869,-10.626904,-10.18042
-11.853332,-12.7112465,-5.8550644
-10.0713005,-14.774161,-7.727354
-10.929077,-11.261904,-8.402321
-13.113394,-11.512535,-7.406846
-5.7755265,-10.25268,-8.566267
-7.467305,-10.415291,-9.881366
-17.782738,-16.008982,-3.4590778
-20.474915,-19.828964,-4.051563
-20.386795,-18.00014,-4.020968
-12.237697,-17.89595,-4.2830396
-13.358003,-11.387725,-12.332417
-10.85455,-12.004156,-10.338062
-11.326744,-11.207647,-8.220902
-10.112598,-10.6262865,-10.493231
-8.305053,-10.193512,-11.651354
-10.444799,-10.62265,-9.117306
-10.934673,-10.667575,-9.506687
-8.876236,-12.767791,-9.031638
-14.237942,-10.251437,-9.277321
-12.796763,-10.216344,-8.622086
-14.82654,-12.295943,-9.743711
-14.28681,-10.613839,-9.739559
-12.748337,-10.748013,-9.410782
-11.76828,-13.292972,-8.0914345
-11.301601,-13.976552,-7.416549
-12.317379,-14.417244,-6.899504
-10.375989,-15.650221,-6.520123
-9.451637,-15.947384,-7.261804
-10.14425,-14.868663,-7.0359573
-11.039219,-18.341274,-5.5170627
-12.023064,-18.983337,-4.2962008
-8.682479,-16.412207,-6.6997986
-11.383522,-11.592353,-8.833519
-5.059561,-12.206951,-9.953938
-8.545479,-9.666483,-6.356654
-3.8385916,-11.598665,-3.12254
-2.8890548,-10.674412,-6.1753635
-8.533963,-9.908464,-5.3148518
-10.374279,-7.1655207,-4.711549
-9.832059,-9.033796,-5.633837
-7.992899,-7.7137156,-7.799857
-2.1903467,-6.7050505,-7.001856
-4.7149644,-8.647097,-10.734207
2.3444157,-5.2200365,-6.482142
-6.8419285,-7.492927,-8.186898
