yaw,pitch,roll
9.905113,2.3442802,-8.459111
7.6553936,3.7136314,-11.513521
12.204449,4.7170897,-10.4265785
9.291983,5.683575,-11.020294
7.9760184,2.8701792,-10.924878
8.904794,3.2156603,-9.496269
4.739993,-0.23780966,-11.524123
1.2834797,-0.5585942,-9.25259
-10.471489,-5.8019695,-9.483306
-41.17163,0.59165597,-5.8308816
-29.801325,-6.08162,-6.1004896
-11.124524,-8.105482,-5.544039
2.2645316,-4.162841,-7.7670274
8.24467,0.46645457,-4.526059
2.4926066,-2.8614802,-10.909254
-5.413658,-1.3616924,-13.032995
-21.883644,-5.7469816,-9.827268
-21.517288,-5.656005,-12.781911
-5.303224,-4.097109,-13.637466
7.0331507,-0.3117318,-14.722815
5.4551826,-2.4877813,-16.475918
-2.3744302,-3.1573331,-16.070953
-12.703274,0.09898627,-12.284278
-9.939235,0.1704675,-15.548135
-4.8235846,-3.693167,-14.57816
-1.6296611,-2.968297,-14.798178
-6.603875,-1.6415067,-15.643133
-7.0554214,-3.693475,-13.624689
-1.3673215,-2.0963998,-10.364561
-4.3272552,-3.1252892,-11.032584
-4.6659164,-4.8730407,-11.333686
-4.673277,-4.9463797,-13.847938
-1.0111165,-3.3174953,-11.8039
-3.04714,-3.3384354,-11.891715
-2.649664,-4.478437,-12.937806
-2.8838608,-3.3859687,-13.13643
