yaw,pitch,roll
15.91545,0.019409657,13.468787
11.291775,-1.6333249,9.851841
5.554245,2.324505,14.437893
2.5293694,1.2532656,7.9650655
2.3549194,0.4208014,6.750019
6.297232,-0.68799245,9.283646
20.163654,-1.6281073,9.718062
22.882109,-3.015615,20.802757
18.262445,0.094991446,12.831003
10.2415905,0.9078765,11.640039
10.881307,-2.515324,13.071459
15.639161,0.26986265,8.436228
24.2258,-1.7179956,17.345198
32.261368,2.5666018,19.654375
26.864328,2.0752811,17.602694
12.086034,1.5486941,14.713321
9.547906,0.7036071,13.207886
9.811391,0.51867104,14.197723
16.012077,0.50819635,12.34042
34.650154,2.2172499,17.965092
36.30152,3.7007983,21.796394
26.009417,0.757498,22.267298
8.951163,2.1815045,17.300034
10.103515,2.750564,14.378781
7.886221,1.1527243,16.876003
18.338512,-0.6871443,14.238253
26.625555,1.3180978,20.237103
34.918175,6.6179633,27.221533
18.669067,2.1652634,19.926043
13.818879,0.08367348,15.459818
6.802009,4.1685247,16.351223
6.478993,0.5967722,14.813125
8.087244,-1.572649,15.905321
21.632576,-2.249526,10.4965
14.951818,-4.279619,14.115853
12.770429,0.22771072,17.536888
