yaw,pitch,roll
7.8616085,0.5712381,-4.127864
8.525199,-1.5473927,-5.3534045
6.1027336,-2.082928,-4.8972273
-1.6044109,-3.0397518,-5.883605
-21.07171,-6.551841,-10.47513
-15.338528,-7.6519794,-10.757648
-2.1532066,-5.6449537,-9.449911
8.274191,1.1139414,-0.4398631
2.9269388,-4.1313925,-4.8274317
-5.3629823,-5.7430162,-7.352517
-15.298376,-4.687425,-12.582415
-6.2308645,-8.095429,-12.340405
5.754504,-4.2879043,-8.256466
14.584528,-2.8984463,1.7299881
-0.12030649,-6.1386867,-6.035366
-11.5948305,-5.5294294,-9.294073
-16.205145,-6.2820272,-15.606959
-7.64699,-7.5566936,-12.160541
4.5237427,-5.2619367,-8.817938
11.108527,-0.47811276,-4.820902
3.1082392,-2.7563238,-5.697988
-2.0724022,-7.4869003,-9.514412
-16.026531,-3.8818173,-15.81612
-8.491552,-5.922218,-9.399792
1.123898,-2.229575,-9.400856
9.046809,-0.964447,-4.0737963
12.8472,0.8930234,-2.9939637
0.71527755,-3.6067982,-6.5863338
-4.872811,-5.091653,-8.3100605
-15.47893,-2.99495,-14.016869
-8.579925,-7.282288,-11.654354
2.2016473,-3.1884623,-7.804622
11.663811,-2.1872275,-1.568821
8.980257,-1.7746414,-1.6112174
2.9663036,-3.0868142,-7.19316
-9.349553,-5.4126253,-8.078073
