yaw,pitch,roll
25.693947,5.410097,18.518265
25.437634,3.4497867,23.089754
27.620352,2.1108446,25.552086
30.256872,3.2703137,21.528008
29.3711,4.598846,23.621271
17.748308,0.07592726,20.539051
11.214959,-5.2666025,22.297037
8.026739,-6.1890907,22.22198
-8.350651,-2.6507998,23.46869
-6.8647413,-6.9194474,22.381042
-9.0803385,-2.923045,18.532555
2.243296,-2.6462853,20.0821
17.711775,-6.5311527,17.857998
22.191133,-0.3632164,17.509302
15.222734,-4.6221256,20.26613
0.52481246,-0.07167816,22.387323
2.5350404,-5.613218,18.78091
-6.922434,-6.126207,17.698591
-6.9892197,-6.2555037,13.154145
7.5413647,2.5910783,17.204605
8.723122,-0.51862526,22.181599
11.140914,-2.2649817,17.978127
-0.5043106,3.6478112,23.406292
-0.67925,-3.5819361,15.279055
-7.447327,-6.633361,17.096489
-4.5734277,-9.841852,8.824582
2.3015964,-4.0329404,17.537289
7.895585,0.030441761,16.0071
12.127951,1.9430084,20.967104
31.432095,-2.0743744,17.84948
19.858345,2.1112003,19.478159
16.209911,2.2221231,20.521568
5.149496,-3.8687453,21.737072
-2.0367708,-5.686819,18.277424
3.4311523,-2.9004738,16.593136
15.862038,1.3095171,20.143536
