yaw,pitch,roll
10.864579,-5.3641477,-15.337504
8.909827,-2.533463,-13.900126
10.943852,1.8556392,-16.124516
12.121786,0.35349894,-14.233969
11.021634,0.77623487,-13.851179
12.107876,1.3278046,-16.47417
9.854529,-4.94157,-19.2926
-0.94977343,-12.095883,-16.669586
-6.587771,-16.294285,-13.229044
-10.518385,-14.566971,-14.239424
-8.877455,-18.152325,-22.31342
6.315961,-14.330822,-19.174055
-11.497004,-25.54323,-23.852665
-16.993483,-9.77654,-17.416586
-12.235697,-12.816816,-17.982159
-3.6439018,-20.996368,-20.189821
5.7764754,-16.211115,-19.992788
-9.887856,-21.022352,-19.24691
-4.0799327,-9.531206,-15.324685
-9.245134,-16.211002,-17.010061
1.0722041,-16.72198,-15.932667
9.827229,-17.17997,-17.054588
-4.8417215,-16.350452,-13.414328
-9.313915,-14.459948,-13.8452215
-2.2553306,-19.223423,-16.27338
5.578029,-14.692867,-8.697669
5.853907,-12.316565,-12.108767
4.255065,-13.268895,-15.082485
4.3585567,-13.9938965,-13.360432
6.664535,-15.625028,-12.722913
3.7434459,-9.79089,-11.858059
8.024582,-6.9513383,-12.431356
9.672742,-14.225454,-13.72229
13.810182,-9.98185,-14.713005
9.509334,-13.032119,-14.69901
6.897427,-10.586511,-13.673887
