yaw,pitch,roll
-6.4283876,-17.95152,-20.11255
-2.5173008,-16.933048,-19.351625
3.3761826,-12.105986,-21.41916
-2.7694385,-18.442028,-17.139969
-0.26934803,-15.277895,-17.639969
-3.8149803,-18.254519,-19.394396
0.9419663,-20.808886,-18.550207
4.3437815,-17.367796,-18.320053
11.784214,-10.352318,-14.315283
8.627909,-8.029664,-9.320215
18.218758,-9.751005,-6.492702
8.012613,-11.479859,-8.594877
-12.192402,-16.567133,-14.511316
-15.85688,-19.671364,-17.373917
-12.90671,-16.818386,-8.8804245
-19.21742,-12.7015,-4.648762
-33.980316,1.1388308,-4.5754776
-35.19328,-4.3458676,0.3075347
-25.574846,-6.410138,-0.9204912
-26.48732,-11.803372,-0.87121177
-22.516266,-11.019827,-3.2411177
-21.719215,-19.57077,-0.584589
-18.82417,-9.207039,-8.503002
-14.133677,-11.429518,-3.9666965
3.6198645,-11.29361,-5.8694205
18.901184,-12.747616,3.2603579
38.36058,-12.443335,7.754583
38.618168,-10.323081,7.414609
34.234295,-12.481644,6.698543
34.477535,-11.799269,9.332947
38.403976,-14.580962,11.377411
12.542705,-9.56963,2.4813159
-0.5007491,-9.797357,-3.9647763
-13.781646,-6.1564636,-9.526184
-23.77251,-3.073656,-11.429651
-4.3001566,-11.612725,-12.516121
