yaw,pitch,roll
-64.586105,-5.763335,8.292427
-60.706146,-5.3468866,8.5381365
-55.582176,-2.553659,2.1890671
-46.5935,-3.5490203,-1.6607053
-25.006344,1.1032286,-12.458889
-6.2245827,7.576043,-3.373582
5.9922123,-0.8579128,7.05417
-18.731684,-0.23561513,-11.934549
-16.009499,1.1398072,-17.315197
-60.407715,-6.883012,-1.2512118
-31.462238,-0.9124243,-15.89492
-24.298187,-0.36891887,-15.433983
-30.322315,-1.6252925,-5.6359715
-20.360739,1.1390425,-10.129633
-6.4043207,4.0252323,-14.362091
-48.135895,-8.190983,-2.8190074
-15.540749,4.273396,-16.858229
-16.515255,1.8763571,-17.043598
-5.7230177,8.252324,-12.922442
-13.5138235,-0.6023325,-7.933302
-22.104189,2.4374313,-11.650972
-21.642363,4.0637455,-18.301712
-36.472286,-1.789372,-3.2537646
-33.417248,3.0816321,-11.6468
-9.372105,5.4733057,-14.20914
-8.718595,3.1610227,-9.423276
-11.487926,4.2182074,-11.310134
-20.807076,6.353588,-14.433229
-33.900425,-1.3103697,-8.223303
-19.919378,-0.053239107,-11.383652
-12.294718,6.3554087,-16.902193
-2.2674227,4.136261,-12.369665
9.91984,-7.08877,-20.42258
5.8918047,-9.594004,-19.316525
-9.2345495,-0.49991775,-14.870438
-16.618896,1.9475051,-13.005659
