yaw,pitch,roll
-3.0426104,-11.536322,3.9114127
-10.703857,-9.69425,-2.0946662
-11.551945,-9.612371,-1.1064134
-7.2748837,-8.455561,0.43514955
-10.158662,-8.384343,0.7111511
-11.291391,-11.643099,-1.915319
-9.9980345,-11.349089,-1.8315448
-10.30716,-12.279066,-0.70117784
-14.212833,-11.674504,-1.3387061
-18.167503,-11.699194,-5.275406
-20.766468,-8.568232,-5.4676485
-23.893185,-6.4000216,-12.602257
-18.23287,-10.710476,-11.484224
-8.992676,-17.61131,-7.349784
-2.689728,-17.28413,-2.5872622
-2.808357,-12.921496,-0.16889906
-7.056758,-14.951502,-2.1781826
-19.434692,-9.112019,-13.299773
-21.125587,-12.5070505,-11.125927
-15.85968,-12.006859,-11.270366
-4.311072,-16.96353,2.2013655
-3.412392,-11.766144,0.3531133
-10.683645,-15.744922,-1.8716111
-13.786182,-15.308075,-9.452274
-22.688679,-9.422079,-12.538175
-26.530602,-3.4225712,-13.1508665
-25.995098,-6.7758675,-11.602755
-7.4488482,-19.494175,-0.905596
-4.799045,-13.378904,-2.2222476
-17.878372,-9.322469,-5.717697
-21.628048,-10.314207,-11.7249365
-23.830368,-7.571768,-12.188202
-22.643116,-9.243637,-11.122784
-2.1074314,-16.32309,-3.2113495
-9.290294,-11.939369,-0.7667954
-9.831711,-15.21607,-1.2116321
-12.176679,-13.6432495,-4.8648334
-20.000679,-11.54706,-11.761049
-20.11829,-9.230936,-12.9759035
-20.821983,-6.275157,-14.8788395
-18.088667,-13.573821,-9.941492
-15.393047,-12.966198,-8.696728
-5.977977,-13.458159,-1.1009629
-8.389139,-10.596458,-3.4765801
-8.965904,-13.2995205,-3.5699983
-12.023918,-13.11281,-6.9538403
-22.257185,-8.904638,-8.656071
-20.4501,-9.580885,-11.714209
-20.635149,-7.539977,-10.97318
-20.70362,-10.461601,-8.513521
-13.613876,-8.994659,-8.611699
-14.783806,-8.895682,-9.139336
-13.571367,-10.549571,-9.134281
-15.925138,-9.942434,-9.659672
-12.018669,-9.905409,-9.671335
-12.399859,-8.20509,-9.599623
-15.731232,-8.198354,-10.370935
-13.532721,-7.685568,-9.931028
-17.975613,-11.0100975,-7.577442
-18.66347,-9.941526,-11.558273
-18.425447,-10.731958,-10.5636015
-16.280922,-10.414421,-10.9563465
-12.630213,-9.966589,-10.774129
-14.312441,-10.762618,-10.919699
-10.977541,-11.394012,-10.754795
-16.623497,-11.64068,-10.162111
-14.486725,-10.5447235,-9.792615
-13.952084,-9.141698,-10.630121
-20.211172,-7.439783,-9.378704
-21.12247,-7.0409575,-12.986862
-20.738155,-10.008434,-12.051241
-21.446812,-9.889204,-10.247697
-19.689678,-10.67556,-10.606029
-15.828041,-9.734163,-10.76043
-12.36834,-12.111477,-9.271032
-16.543568,-9.622029,-11.156504
-16.250433,-11.214189,-9.986736
-12.547453,-11.151805,-8.046322
-14.49485,-10.558966,-10.078438
-14.281105,-9.522639,-11.244713
-13.859602,-10.640176,-9.389517
-12.445236,-9.827881,-9.873606
-13.384785,-11.435049,-10.1195545
-10.922566,-10.648119,-9.673112
-12.988275,-9.579882,-10.012455
-17.888388,-9.762605,-12.024456
-15.630533,-9.803157,-12.330654
-16.212807,-10.451291,-12.672691
-15.646248,-11.8624735,-11.94416
-17.43126,-11.952396,-10.914357
