yaw,pitch,roll
-8.645326,-10.026965,0.29387426
-9.239291,-10.667404,0.16233802
-9.9235115,-10.14754,1.2160629
-6.58477,-9.836529,0.6568843
-9.163013,-11.034378,0.14683187
-6.8938975,-10.542898,0.39940143
-8.207979,-12.587246,-1.2365519
-8.542826,-10.268712,0.5574808
-8.629603,-12.4436455,-0.92532504
-10.898045,-9.782666,0.054922223
-11.475772,-12.436784,-0.09414458
-9.819096,-11.733397,-1.1701154
-16.486345,-16.212727,0.5281742
-21.676727,-15.545211,1.9806182
-20.105013,-17.577572,-4.724583
-27.509716,-14.352617,-9.573625
-39.14051,-7.795598,-7.687833
-38.39997,-7.687746,-8.67763
-15.319979,-17.979778,-4.0011415
-5.492242,-22.603296,2.8016825
-15.102886,-17.520613,6.026037
-8.091787,-18.515884,3.344874
-6.494312,-20.040165,0.9719218
-25.881805,-12.874219,-3.2692792
-33.676193,-10.154235,-7.441819
-24.683214,-13.084061,-6.3679547
-18.88979,-18.81017,-0.62201095
-8.449698,-15.4037075,3.93975
-7.785062,-13.776443,4.079136
-10.055373,-19.329193,7.433314
-16.41144,-18.831491,0.89769566
-19.200611,-15.848923,-3.962717
-25.866478,-10.069279,-4.1655364
-16.937271,-13.421215,-7.588291
-20.003565,-16.063578,-0.31901813
-10.726977,-18.59186,5.318544
-8.654172,-15.870968,7.7020636
-7.189467,-15.497141,2.5215058
-17.288763,-13.24284,1.7558318
-18.147766,-14.968288,1.1749139
-25.710386,-12.775984,3.139939
-17.142422,-18.482887,2.2527068
-14.461542,-14.350908,2.946813
-7.6616416,-15.860376,3.3201523
-10.535309,-16.405144,4.7467413
-7.54953,-14.403531,2.584418
-8.886701,-11.241337,0.15827179
-14.446251,-15.626509,-0.20889187
-21.720253,-16.50138,1.2985859
-15.308366,-18.224,1.7640207
-9.919631,-17.308931,-0.5757649
-5.4358377,-14.521179,0.16308916
-10.319788,-16.74179,4.3664117
-9.339001,-15.756893,4.214138
-6.1061983,-15.305793,0.95494604
-6.677229,-14.903238,0.92227674
-14.329329,-15.285989,2.8049235
-14.2238655,-17.49585,4.117197
-9.597658,-15.608728,1.6809788
-9.183097,-16.889982,2.3582072
-7.7109866,-15.449009,2.7467031
-7.3470488,-17.59111,1.949609
-5.3832254,-15.415313,4.3229623
-5.2787533,-15.491051,0.87005687
-6.1121273,-18.776169,2.334621
-10.839144,-17.423847,2.6558564
-12.869631,-16.747467,2.4614491
-12.156013,-19.63116,2.6500902
-9.983109,-16.8601,1.979331
-8.110619,-17.589878,4.553528
-12.569225,-17.105465,4.502967
-9.042976,-17.012707,2.5200636
-9.359611,-17.606087,2.8112936
-9.214907,-18.340609,1.5017323
-7.182128,-17.66904,1.1688824
-10.721224,-17.751286,1.0375276
-8.145996,-16.5605,0.22770452
-6.709859,-15.582193,2.4647987
-6.503378,-16.30204,2.5974336
-10.6026745,-16.91128,0.36072922
-9.7154255,-17.265675,1.918108
-10.570225,-18.475576,2.1636338
-10.136007,-16.965775,1.9514301
-5.5735507,-16.392445,1.6830382
-7.2718143,-16.926657,1.6976755
-8.110753,-17.834637,1.7377107
-10.644669,-17.301584,2.7525103
-10.943796,-16.424301,1.3344393
-9.093461,-19.057259,1.9018321
-9.34956,-18.423939,2.3344784
