yaw,pitch,roll
-4.80888,-10.137354,10.949064
-5.199653,-11.04905,9.990421
-3.3770764,-9.84249,11.274582
-4.150883,-10.390217,10.337364
-3.6332269,-11.702717,9.927404
-4.955371,-10.717007,10.9005995
-4.7162676,-10.863354,10.199299
-4.591755,-12.010288,10.062398
-5.377576,-11.124029,10.149912
-7.3024035,-11.155518,9.3998995
-7.2596407,-10.074223,10.008749
-7.7809024,-3.5695877,11.897558
-8.906128,-5.389476,11.72826
-0.11136186,-6.65329,7.9409823
-4.960856,-10.39786,11.001605
-4.5232887,-12.096358,12.433925
-6.501736,-7.560746,11.535755
-2.325203,-5.981879,10.003122
-9.459419,-6.0857687,12.527273
-5.3599334,-11.188005,10.135811
-9.396381,-11.1751175,10.593245
-7.597949,-10.919186,11.98791
-6.2804193,-10.185151,10.58514
-3.8947685,-8.582979,11.036045
-2.325759,-8.325537,8.020004
-2.7416048,-6.758002,9.384577
-8.039696,-10.854511,11.311726
-11.268677,-10.248853,10.9058275
-10.848705,-11.222133,10.661337
-7.021104,-11.259362,10.104059
-7.176285,-7.4620066,9.968561
-0.5896287,-6.4730277,12.222982
-6.063139,-7.5745096,6.4221582
-6.268464,-9.265932,4.5966563
-10.044275,-9.658564,6.7034554
0.09299612,-5.6486864,10.634382
-2.487064,-7.2599106,5.853552
-3.995163,-11.020256,1.239062
-5.453546,-11.876858,7.8777533
-3.8247886,-9.723378,4.139841
-4.9722934,-12.640134,4.9201193
-6.7195807,-17.96225,6.2533107
-15.125736,-15.220844,3.7391722
-7.767022,-15.4443,4.085989
-12.780029,-13.533682,6.12594
-11.943117,-14.035871,2.7678664
-14.533546,-13.634748,3.02211
-16.636194,-16.22091,6.77963
-12.002278,-15.802069,5.642127
-10.905352,-14.829016,3.3367329
-12.696316,-17.009356,0.6777482
-14.790192,-12.864169,3.1405108
-12.627683,-16.09449,5.916091
-12.530384,-14.153547,2.603085
-14.876658,-18.020206,4.375986
-14.377767,-15.729372,3.4127436
-15.004501,-14.971041,4.8267827
-11.641385,-16.832903,4.1986737
-13.694733,-16.59673,3.1289728
-14.253407,-15.498196,2.9059052
-14.810294,-17.776857,4.4143286
-20.535156,-19.095947,8.060914
-14.295803,-17.625778,5.049533
-16.217876,-17.19349,5.780175
-15.669416,-16.513506,5.11244
-14.378485,-13.15276,2.6656666
-12.785938,-13.649395,3.649147
-13.7226925,-16.117462,5.399397
-14.902809,-14.907211,3.4046838
-14.011782,-16.334887,4.006183
-14.931618,-17.285679,3.9529448
-14.185568,-17.211916,4.1109457
-14.171832,-16.506638,2.6326852
-12.367926,-16.342176,3.1619987
-13.265634,-16.634964,3.8280187
-14.006874,-16.28498,3.8036892
-14.635126,-15.782499,3.2073736
-14.15162,-16.336052,3.8410945
-14.766182,-16.038008,4.154667
-11.331575,-16.62489,6.3403387
-14.958665,-16.38472,7.134381
-10.61923,-15.665931,4.20694
-13.297039,-15.52666,4.5719175
-14.6354,-16.199753,6.311632
-13.983141,-15.802998,6.058604
-18.562925,-20.19084,8.135874
-16.990757,-20.035732,8.703362
-15.454824,-19.833965,5.920211
-16.831299,-20.204283,7.4155617
-15.108773,-21.217064,5.9523735
