yaw,pitch,roll
2.2795217,-16.160503,-7.1658597
2.3161745,-14.438241,-8.538073
2.807853,-11.800456,-10.55093
2.1632922,-14.42655,-8.832086
1.8963964,-14.508799,-7.9996614
1.7546291,-17.383163,-6.886038
4.0735416,-17.000992,-3.1554735
1.0723242,-17.07015,-3.346472
5.9053674,-7.3519416,-10.712584
3.4301746,-11.272188,-10.881318
2.6872885,-9.917227,-12.675407
6.5970945,-13.63628,0.9752543
4.96733,-9.841726,1.9159199
14.487463,-5.2863474,3.241562
26.541344,-1.5350496,12.235554
45.678833,5.6676455,-7.6729937
10.821088,0.3690685,4.8321986
-7.3755126,-8.086569,1.6704946
5.777819,-1.8743424,1.228143
28.515213,-7.2867575,3.4863935
28.097542,-7.051851,3.7566
12.144169,-6.840808,4.870262
3.5712488,-10.14127,9.288425
-17.70966,-11.381354,9.675271
-4.097848,-5.379959,2.9565473
11.163713,-6.1051235,4.6911893
23.994442,-7.773143,4.5420914
2.6549478,-9.882746,7.017815
-15.172477,-12.500401,7.7515254
-2.9828691,-11.207876,5.442119
12.437981,-5.1791406,-1.4133514
18.250446,-6.6799555,4.998388
15.827639,-6.4479685,5.852613
21.582066,-5.5958934,2.0166285
-0.048480988,-9.081,9.608473
-17.688978,-10.310958,9.614204
-14.439453,-14.078553,10.998896
-2.7261136,-9.859834,5.658354
13.426053,-11.531624,1.7732587
11.089246,-13.019186,2.648258
10.240963,-10.057382,4.994344
0.56632113,-10.4227915,5.5681005
-8.176194,-13.703123,7.452984
-11.691782,-12.373948,9.225695
-4.6556463,-13.531267,5.6139903
-4.2343326,-10.240749,8.177133
-5.1359415,-10.54759,7.8902617
-6.718874,-14.051304,6.2610426
-7.3415627,-12.365053,5.7845345
-2.0135128,-12.889028,4.4035835
-9.056155,-15.057007,6.2892013
-6.0716467,-14.290033,0.56435704
-8.515416,-13.973747,0.62238175
-4.811306,-11.8597145,1.2306778
-4.834852,-14.278046,3.6107373
-2.3804922,-13.294256,0.96884835
-2.7919936,-8.431274,5.9289556
0.40240717,-4.8383393,2.5790663
-2.8241825,-7.657466,5.4143295
-2.615425,-7.5037584,4.9629498
-2.2572367,-5.5370874,0.5310979
2.9752688,-1.0254067,-1.5465977
-3.0829234,-7.2836895,-6.112922
-1.8149295,-12.187155,-10.369968
-1.12815,-9.239115,-11.783779
-1.3452115,-10.653898,-18.017157
-3.759121,-22.16775,-22.19231
-18.68534,-19.846733,-18.248817
-20.787748,-21.678476,-17.859816
-14.320218,-24.992386,-10.810554
-17.323935,-23.616714,-11.650155
-11.679344,-23.365211,-12.63593
-11.066498,-18.700462,-19.855034
-16.781359,-21.49551,-17.290443
-15.559437,-14.518203,-19.548231
-19.427958,-11.348492,-19.532366
-19.472237,-11.488388,-17.34706
-17.696857,-9.605741,-14.387804
-20.0601,-13.979382,-15.471619
-19.451674,-8.987442,-15.215599
-16.901478,-11.678779,-10.972406
-16.734095,-9.5050745,-18.967617
-15.058949,-11.535017,-15.979773
-10.834154,-10.61318,-15.842451
-9.760037,-10.229227,-16.504177
-10.537552,-11.646128,-18.629505
-1.8538189,-13.589226,-21.886406
-15.369174,-11.756105,-20.991047
-12.345654,-9.21429,-18.894524
-21.056545,-10.056362,-15.747715
