yaw,pitch,roll
-6.3246593,-8.955791,-1.2557173
-9.000256,-6.624868,9.43232
-11.225302,-2.2513626,4.07445
-21.798946,-8.292152,7.2014723
-40.322807,-6.177452,7.4692574
-31.530464,-1.0357747,-0.41349852
-34.038284,0.16885495,0.60913527
-26.82138,-3.925889,4.8375864
-20.293432,-6.6592813,3.327578
-25.388983,-12.452335,5.347577
-7.4366093,-2.5568764,4.9415693
-3.0075169,-3.294007,3.910634
2.2368324,-4.35978,3.8447282
13.084516,-5.9572687,11.140095
21.006252,-6.0469065,5.4011683
6.6568074,-0.6848319,2.2820063
-9.127268,-3.7277782,5.447871
-9.591417,-13.798647,2.746703
-8.96915,-11.688448,-1.0076725
-6.3570714,-10.223232,-0.25278354
-16.18965,-6.0584154,0.3520404
-12.095528,-2.179191,-1.5412623
2.2155273,2.5867956,3.7781382
13.51313,3.4900215,4.3646894
15.040333,0.26983213,7.422042
13.39376,1.1607289,6.8799076
0.6898496,4.2711353,7.9856367
0.83902085,1.8914557,2.390974
-17.16244,-6.790018,-5.53526
-25.163828,-4.298631,-7.061148
-20.570082,-2.3604143,-9.601646
-7.2000694,-6.9017525,3.87551
-0.9887246,2.2747896,0.8485119
6.5200753,-0.11941981,2.6519556
18.737213,-4.744441,7.0300064
19.02379,-3.6390562,6.535986
