yaw,pitch,roll
4.7621474,-16.022617,-7.3544846
3.911961,-16.257435,-6.3736715
3.0139365,-16.537212,-7.5965357
3.71636,-17.438236,-6.773246
5.6501937,-16.108786,-9.005772
4.5412016,-15.4172535,-9.267277
2.6977768,-15.514346,-8.596826
2.5091023,-14.049322,-7.038046
5.8084235,-14.338436,-8.645243
4.7885385,-9.77647,-11.176716
2.6869783,-10.074686,-11.623245
0.90151024,-11.562741,-11.434163
-8.75366,-17.445408,-10.249525
-7.458961,-9.663447,-11.650291
-6.375242,-11.735427,-10.533094
-2.8413186,-10.265806,-14.511155
-6.0569334,-15.815731,-9.007695
-7.2690535,-10.807968,-7.163565
-3.501749,-15.304283,-8.206575
-13.910851,-15.209759,-9.635178
-14.504691,-12.458317,-9.52726
-16.129913,-12.764891,-9.306269
-12.4051485,-18.516762,-12.454298
-4.300769,-18.57548,-9.286098
-3.580606,-10.966647,-3.3130317
-10.50644,-13.833294,-6.8032436
-12.205906,-23.369907,-5.470877
-18.934433,-15.372888,-8.524015
-19.206587,-11.902327,-11.414355
-12.5537195,-15.303281,-8.491468
1.220067,-13.942497,-4.5251555
-5.963623,-15.983783,-4.3951454
-7.4525595,-17.553135,-3.9321508
-7.353993,-15.212864,-9.242421
-16.623842,-16.396112,-7.590953
-16.345974,-15.078801,-8.016313
-6.5389166,-17.405521,-7.252264
-5.609087,-16.9908,-5.280564
-0.6333823,-16.892416,-2.9743462
-8.786742,-16.970207,-2.2051208
-11.418481,-17.99497,-9.498678
-15.99419,-18.21261,-5.696356
-21.10754,-18.209167,-7.0446725
-10.90053,-15.313851,-7.846593
-6.6772466,-14.940185,-11.233218
-6.5601835,-14.075245,-4.015026
-1.9802709,-15.423499,-2.1432118
-4.8048396,-17.936646,-2.9319975
-6.282148,-16.838253,-3.6391788
-13.381494,-14.757675,-6.730055
-18.903427,-16.658754,-2.9148538
-15.781726,-18.904764,-5.211753
-6.7625856,-18.176105,-4.725971
2.103266,-14.439478,-5.854485
-1.2494626,-15.884964,-5.7413025
1.3238864,-15.281851,-6.31314
-7.107925,-15.976542,-4.4525137
-9.650176,-14.8847885,-4.8954697
-6.955683,-16.342041,-4.2308607
-3.251586,-14.904827,-6.844902
0.98364973,-15.73638,-4.7695036
0.82173777,-14.405406,-6.395994
-0.7554283,-15.790928,-7.1565447
0.05904579,-16.78574,-2.8606124
1.5716281,-15.848674,-6.260846
1.0201001,-15.1368065,-5.1977386
-0.0018138885,-14.3403225,-4.166013
-0.92487955,-16.791101,-5.29748
-1.1351647,-15.923643,-5.905035
-0.49610043,-14.376271,-6.634219
-0.030745983,-16.233335,-5.4662943
1.4380984,-15.35121,-7.2749095
1.2085428,-13.243304,-6.672556
1.2071514,-16.586454,-4.917433
0.48669577,-16.878305,-4.153491
0.91142654,-14.756834,-4.8372703
0.2774129,-19.872206,-4.7533817
-3.637775,-21.549183,-5.688619
1.8526244,-19.385979,-4.66797
2.579947,-20.743214,-5.2227955
2.7681832,-19.1825,-5.3068132
4.539047,-18.78201,-3.7363505
2.4826536,-17.386238,-4.958047
3.7317233,-17.706566,-8.175433
2.764021,-15.155842,-10.565694
-0.04052019,-14.837608,-13.504887
-2.853039,-15.902939,-7.5321884
-0.22666693,-17.093565,-6.533273
-3.1484613,-17.744184,-3.759377
0.5197029,-16.97868,-5.239897
