yaw,pitch,roll
-0.38558513,-15.883055,-0.54014915
-2.3237996,-14.577484,2.7865782
-2.4779172,-12.541677,2.0321953
-5.0259504,-9.520464,2.4564562
-4.5244555,-8.701725,3.3635767
-2.548097,-10.582386,3.2746823
-0.7129277,-9.1954975,0.95794696
-1.2257605,-10.880695,2.3266993
-1.1265897,-11.146474,2.2938137
-5.3742695,-9.054432,0.6014595
-20.959108,-19.480034,-3.4493237
-11.446814,-19.514977,-7.8935003
-14.975525,-19.43357,-6.036591
-10.202201,-13.217556,-3.6835032
-1.5909064,-10.971519,3.1160944
-0.84784937,-10.768066,5.400879
-3.4716477,-14.763293,5.3761964
0.33536673,-13.039185,1.0610287
-5.584712,-13.568784,-3.891621
-2.079514,-18.67355,-3.7655406
-0.84687877,-10.624508,-0.1503079
1.2197125,-11.131641,5.3894053
2.5380476,-10.463224,5.2434044
-0.8239151,-7.1664944,4.3411717
-3.9175692,-15.261122,-2.7208645
-2.6510026,-10.8700485,-4.2561765
-6.246357,-15.113224,-4.9113092
-6.2413554,-14.623515,-0.34595788
1.5261984,-11.961552,3.5305362
5.134694,-12.056167,6.270117
6.3789306,-12.104332,5.127508
-1.442653,-11.099548,6.58562
0.4625821,-13.819933,2.8133447
-2.1923094,-11.457192,-0.89136386
-1.6014836,-16.080254,-0.23606575
0.07542074,-9.6706705,4.458625
