yaw,pitch,roll
12.915512,-9.705969,-0.2745884
9.663546,-10.455453,-1.5440326
11.430591,-9.996028,-0.20785278
8.953707,-7.140596,-0.63998234
7.838699,-9.08182,-3.511033
9.032664,-9.456486,-2.4422998
8.979623,-12.295681,-0.21261653
0.5761838,-15.156029,-0.43211418
-7.243762,-11.713587,-4.0404315
-15.507057,-7.480737,-8.358715
-14.276151,-12.765231,-3.2933538
-6.3286066,-14.902716,-2.4225557
5.309066,-8.742849,-0.7474065
9.852597,-8.168438,0.98171246
8.256035,-8.20706,-1.8139758
-3.9004116,-14.350342,-4.0765233
-12.436554,-15.030462,-3.9008255
-13.191674,-12.112406,-4.7615533
-11.70855,-17.349392,-6.0894127
-6.624434,-14.354092,-0.49513
9.36134,-10.922717,0.12680167
15.038239,-10.219426,3.3234375
15.489549,-9.237058,1.6660054
13.482714,-10.85424,1.0296593
10.4942,-12.535461,6.0106053
4.1053405,-12.13378,5.3568025
-1.3753762,-17.098726,-0.75374776
2.9080927,-12.541269,-3.1015732
0.47007155,-14.749788,-1.3304441
0.9173784,-14.892313,-2.0876317
1.935502,-15.728571,-1.4516106
6.6847973,-12.971142,0.8812344
9.805395,-14.330145,-2.1344814
15.67911,-7.743582,-4.906008
15.393288,-8.221374,-0.50993407
13.075356,-9.788447,1.1100658
