yaw,pitch,roll
-4.0767875,-7.639757,-11.587156
-3.1546154,-8.98798,-10.359156
-0.6168771,-8.473167,-9.192468
-5.29739,-9.055475,-8.631201
-6.2494025,-10.639594,-9.470593
0.12492442,-12.111519,-10.630746
-4.020268,-10.849574,-9.047653
-1.7789819,-9.274488,-13.59087
-4.5920935,-7.5317516,-8.7001915
-10.408412,-10.042475,-5.957164
-9.820834,-9.479004,-5.4211273
-11.1188545,-10.010893,-4.121445
-11.299563,-10.636744,-4.0531144
-10.705459,-8.459084,-5.2964525
-10.337591,-12.607775,-1.289202
-6.2406254,-11.85425,-2.6558862
-18.309164,-10.608166,-5.57499
-29.021538,-12.527359,-3.628684
-2.0042348,-8.619032,-4.4133663
-6.196503,-10.7182455,0.5228416
-11.047895,-14.247004,0.8815335
-12.861437,-13.612162,-2.7353914
-1.9056969,-14.151587,-1.8411514
-4.7058616,-11.275908,0.8143131
-13.628702,-14.056095,0.4995649
-21.211418,-12.325448,1.8515122
1.0565948,-11.916761,-5.793661
0.21671426,-11.45661,-3.6301491
-5.076578,-13.010036,-0.15600014
-24.244144,-13.330259,0.15077901
-20.373981,-14.188859,-2.7190127
-6.196438,-13.867081,-3.3676417
2.8758705,-14.741274,1.2838475
-9.01635,-11.271755,-0.026484877
-14.2251215,-10.910784,0.45103896
-15.029708,-10.956754,0.5821587
-10.180943,-13.225277,-1.9079214
-7.771538,-12.337093,-0.09855318
-0.39246655,-14.091597,1.2087827
-5.633007,-14.506321,0.38866735
-5.4133787,-14.913319,-0.51158714
-5.685296,-14.501009,-1.6176722
-4.5042796,-12.208794,-1.055326
-0.6594796,-11.319738,-4.696782
1.5537298,-11.171167,-3.2535005
1.4002446,-10.908388,-3.1801195
2.8146987,-6.9191284,-1.0091811
2.7326899,-9.853899,-2.4760518
2.7454085,-10.857506,-3.3660946
2.4152231,-10.528707,-4.279144
1.8490925,-8.180313,-4.4504385
3.3470542,-10.10816,-4.357434
2.5754797,-8.805924,-5.1953087
5.748097,-8.591766,-2.6495829
4.902034,-9.341253,-4.782672
2.9414926,-9.2559185,-4.161482
4.1183953,-7.628486,-4.0523515
4.095684,-9.481897,-4.070586
3.4251442,-7.996886,-3.1565497
5.9126353,-9.091842,-4.698807
3.9378054,-10.571447,-3.948473
3.411249,-10.1426,-3.9862638
2.7749672,-8.72866,-4.002025
3.2962937,-8.03882,-3.3169348
4.46768,-7.179407,-5.134506
2.779412,-7.6668034,-3.8810675
2.1550083,-8.259064,-5.10129
3.2217977,-7.1673613,-4.180257
3.1550384,-7.3667784,-4.07155
4.8064213,-7.5899014,-4.8216815
4.422089,-7.3082056,-4.4124746
4.206926,-8.708286,-4.2546363
2.199832,-8.572541,-6.1496887
2.5487611,-8.118746,-4.047823
1.9781833,-7.913248,-4.249807
2.251322,-8.395851,-6.8835173
1.718622,-9.536721,-5.485158
2.144006,-8.164097,-5.5195084
1.2600937,-9.558173,-4.3908095
0.9645965,-9.6692095,-4.9967175
0.59583974,-8.18252,-4.6194735
2.024227,-8.98415,-5.4533043
2.501444,-8.134315,-2.0517523
0.25442767,-8.979269,-3.8612673
1.1367319,-8.75866,-3.3632636
3.2845333,-8.857293,-4.27667
1.6758885,-8.667508,-4.089264
1.0756938,-8.174528,-4.944822
1.2817328,-8.687229,-4.5709343
0.19051886,-8.102122,-3.524655
